4.440892098500626162e-15
-1.781861450352550946e-02
-3.569485440986586156e-02
-5.364341152456564288e-02
-7.168031292005583310e-02
-8.982310959740580358e-02
-1.080903323028055141e-01
-1.265017482176356012e-01
-1.450797339820759646e-01
-1.638496704341356747e-01
-1.828403075174858117e-01
-2.020842699747760207e-01
-2.216184990376959263e-01
-2.414849061688952858e-01
-2.617310692527752281e-01
-2.824111530448254470e-01
-3.035868793713660807e-01
-3.253288388221760030e-01
-3.477180244949256149e-01
-3.708477055514158849e-01
-3.948259957994153524e-01
-4.197786195955153232e-01
-4.458530068569057647e-01
-4.732231904372152798e-01
-5.020963277317154194e-01
-5.327215399024556319e-01
-5.616291842568754689e-01
-5.874092173030760478e-01
-6.101980191712454982e-01
-6.315643351974760122e-01
-6.480545385920954971e-01
-6.612962437234060076e-01
-6.718898077514356970e-01
-6.801071533596658725e-01
-6.870672285225758458e-01
-6.936196846957258799e-01
-6.996283618078456001e-01
-7.055347858022660290e-01
-7.112811749213756585e-01
-7.176244364465258485e-01
-7.235440421968659663e-01
-7.295517783234757303e-01
-7.357474876499754401e-01
-7.422521658541958445e-01
-7.473152992160052577e-01
-7.537356832545354379e-01
-7.607304634846352442e-01
-7.663396139460658674e-01
-7.728508097435655699e-01
-7.791264097238057573e-01
-7.855970186107352760e-01
-7.919729325314852630e-01
-7.981162256014560086e-01
-8.043554857512553724e-01
-8.105598770105952866e-01
-8.166731873900960892e-01
-8.226252606206756468e-01
-8.286138087718555312e-01
-8.344342912236255572e-01
-8.403498731826557488e-01
-8.459764085828354041e-01
-8.518548322566852349e-01
-8.574561086600160920e-01
-8.629196055067058779e-01
-8.681156322658658553e-01
-8.732547798360359437e-01
-8.784169817853157980e-01
-8.834934893623653807e-01
-8.885235785334355540e-01
-8.934239902956759849e-01
-8.983442451950756080e-01
-9.032070597896355579e-01
-9.077729862929055926e-01
-9.122869440305256816e-01
-9.168899653998554555e-01
-9.214106072793555313e-01
-9.258109288354958721e-01
-9.302787201606355083e-01
-9.346260113237860878e-01
-9.387875441470860949e-01
-9.429303661781061052e-01
-9.470482243716960014e-01
-9.511242666281454206e-01
-9.550098607303159071e-01
-9.588385137591659557e-01
-9.626892450673754098e-01
-9.664676123607760516e-01
-9.701263275677858289e-01
-9.738049538770958691e-01
-9.774569083129760472e-01
-9.810696875222557622e-01
-9.845718121960356228e-01
-9.880359032975860600e-01
-9.913920164144753855e-01
-9.947134590600459347e-01
-9.980413268614558575e-01
-1.001338537621355940e+00
-1.004530510001536037e+00
-1.007633759221645775e+00
-1.010708934907206036e+00
-1.013717748145645636e+00
-1.016721704826855976e+00
-1.019665515932915767e+00
-1.022590619664375922e+00
-1.025441090972456060e+00
-1.028280818096675375e+00
-1.031213842177275630e+00
-1.033958531664366021e+00
-1.036660982447085821e+00
-1.039337064268125665e+00
-1.042034171702275636e+00
-1.044614526237365837e+00
-1.047143677032235765e+00
-1.049600253622995361e+00
-1.052147945082245961e+00
-1.054632477321655770e+00
-1.057062899566306058e+00
-1.059436057025325617e+00
-1.061819387334066001e+00
-1.064128632298835697e+00
-1.066482653710795425e+00
-1.068732484497595614e+00
-1.070941577872035921e+00
-1.073137466367505510e+00
-1.075308859442185572e+00
-1.077488766747495497e+00
-1.079547701142095306e+00
-1.081599337452125553e+00
-1.083622264531325818e+00
-1.085632820661105669e+00
-1.087618533957355638e+00
-1.089609111638575989e+00
-1.091522094140125354e+00
-1.093404765879565588e+00
-1.095269177890475731e+00
-1.097101474621375417e+00
-1.098935591369135878e+00
-1.100760363739955672e+00
-1.102545515178155355e+00
-1.104303825394906013e+00
-1.106088583555235871e+00
-1.107783121708645346e+00
-1.109477338566645876e+00
-1.111133956231425302e+00
-1.112761352129755466e+00
-1.114350467374795706e+00
-1.115947256355455330e+00
-1.117543248210536078e+00
-1.119079424312545257e+00
-1.120602970228875783e+00
-1.122126530770465536e+00
-1.123577265759785782e+00
-1.125063184711915909e+00
-1.126537414207915866e+00
-1.127972052956825344e+00
-1.129398953045155807e+00
-1.130778484769525249e+00
-1.132165010990725307e+00
-1.133507248767335440e+00
-1.134819402150255563e+00
-1.136148813812845937e+00
-1.137439858176716001e+00
-1.138708514458495635e+00
-1.139973289070455920e+00
-1.141218501400655505e+00
-1.142444883468885841e+00
-1.143688844792335679e+00
-1.144900833113685401e+00
-1.146065228270935599e+00
-1.147226653213655467e+00
-1.148375785697235862e+00
-1.149485487628595592e+00
-1.150599554506265498e+00
-1.151709121114705248e+00
-1.152788240204655423e+00
-1.153856438978595911e+00
-1.154913477330255844e+00
-1.155949963656895285e+00
-1.156973579952625286e+00
-1.157986031899845614e+00
-1.158993275541815748e+00
-1.159982977911965918e+00
-1.160959476435525772e+00
-1.161941358837265348e+00
-1.162882422128276083e+00
-1.163805325503465937e+00
-1.164723105635555811e+00
-1.165632821426215493e+00
-1.166529204895025984e+00
-1.167425675982615374e+00
-1.168291664014765807e+00
-1.169150044831435586e+00
-1.170039507355755681e+00
-1.170875292054575745e+00
-1.171706080846025344e+00
-1.172523079254755629e+00
-1.173332235446965299e+00
-1.174121988764465385e+00
-1.174905466090895523e+00
-1.175679693703155948e+00
-1.176435138465705244e+00
-1.177186610436895542e+00
-1.177935474455985343e+00
-1.178672652804475973e+00
-1.179397922251586017e+00
-1.180111946386706023e+00
-1.180822160947255561e+00
-1.181548502543165569e+00
-1.182227212940695438e+00
-1.182900455106095983e+00
-1.183558499444725243e+00
-1.184215744359796041e+00
-1.184867010187885761e+00
-1.185505435314495593e+00
-1.186140362073725640e+00
-1.186761342412506082e+00
-1.187375710413395957e+00
-1.187981520735815977e+00
-1.188579054933585510e+00
-1.189169730713925510e+00
-1.189749247061675952e+00
-1.190323785396695477e+00
-1.190893787449535779e+00
-1.191454348107285455e+00
-1.192014322769805901e+00
-1.192588074905716056e+00
-1.193124145223825927e+00
-1.193655277729625652e+00
-1.194178372114415687e+00
-1.194724871985835435e+00
-1.195226458652485668e+00
-1.195724026251435923e+00
-1.196213120871415292e+00
-1.196693804890205826e+00
-1.197175702996785773e+00
-1.197643405691245277e+00
-1.198116886928715985e+00
-1.198572132869995421e+00
-1.199029917337835371e+00
-1.199476558586235697e+00
-1.199923405182375724e+00
-1.200358877826735338e+00
-1.200792960003045806e+00
-1.201216753750006028e+00
-1.201643660186086038e+00
-1.202065022145745843e+00
-1.202466964232205449e+00
-1.202870575276435261e+00
-1.203263072561975733e+00
-1.203667259901005870e+00
-1.204049487594585521e+00
-1.204433239099875763e+00
-1.204812765908725325e+00
-1.205189707135455812e+00
-1.205560416495985443e+00
-1.205928040132625334e+00
-1.206287159142865661e+00
-1.206637303831785246e+00
-1.206984801951885622e+00
-1.207314996890575642e+00
-1.207656032675775926e+00
-1.207995673487145538e+00
-1.208332067902525786e+00
-1.208665272092305898e+00
-1.208973311640035853e+00
-1.209291857600405251e+00
-1.209608428050545470e+00
-1.209904794842435294e+00
-1.210202955386026069e+00
-1.210506608825065555e+00
-1.210796849092825589e+00
-1.211091439910576106e+00
-1.211386173686735290e+00
-1.211665048590595539e+00
-1.211950476101135266e+00
-1.212218080108375950e+00
-1.212492422010045701e+00
-1.212757062148235754e+00
-1.213027972468625926e+00
-1.213282068958215554e+00
-1.213544384467735604e+00
-1.213806169936026080e+00
-1.214049518954865903e+00
-1.214300542867005284e+00
-1.214553759153565338e+00
-1.214802583123256063e+00
-1.215032723576155327e+00
-1.215262374072645812e+00
-1.215488032368705618e+00
-1.215714111293335620e+00
-1.215946497771716039e+00
-1.216162973797056068e+00
-1.216387402207915969e+00
-1.216615135447075779e+00
-1.216819581751355628e+00
-1.217036433590285682e+00
-1.217253260153815297e+00
-1.217449471980025955e+00
-1.217643790630945411e+00
-1.217850767700565662e+00
-1.218056434894156048e+00
-1.218243010998835807e+00
-1.218427724318465799e+00
-1.218613529777885951e+00
-1.218794379400325312e+00
-1.218984527988985711e+00
-1.219162452582065903e+00
-1.219350080800815306e+00
-1.219524212547745456e+00
-1.219694464542476098e+00
-1.219865195344105757e+00
-1.220035381704756006e+00
-1.220197888600815794e+00
-1.220371656948065819e+00
-1.220527639972095457e+00
-1.220693236178346019e+00
-1.220849558658305689e+00
-1.221008136940715971e+00
-1.221160843552765662e+00
-1.221323052233665329e+00
-1.221469236332155539e+00
-1.221612706219515232e+00
-1.221756134226505530e+00
-1.221910034069336071e+00
-1.222063016125235713e+00
-1.222204322560355827e+00
-1.222340440249185534e+00
-1.222471480730485283e+00
-1.222601806130866109e+00
-1.222743506344936115e+00
-1.222871341443505955e+00
-1.222996041880215934e+00
-1.223121862146155259e+00
-1.223257706439185633e+00
-1.223378999404655332e+00
-1.223510340702225641e+00
-1.223628168680795270e+00
-1.223743621260386050e+00
-1.223869793436985987e+00
-1.223983677175245255e+00
-1.224094188693835683e+00
-1.224215369062835457e+00
-1.224322432000636063e+00
-1.224441267519425836e+00
-1.224543877618555321e+00
-1.224659280211676027e+00
-1.224760206446025457e+00
-1.224871984197915431e+00
-1.224968712905155854e+00
-1.225077430294535752e+00
-1.225172368582676086e+00
-1.225267408470625874e+00
-1.225372523192355345e+00
-1.225465187727455607e+00
-1.225556132638245366e+00
-1.225657947115845303e+00
-1.225747568865375392e+00
-1.225835123668805871e+00
-1.225933200398985790e+00
-1.226017990355535936e+00
-1.226112735303215295e+00
-1.226195067234115754e+00
-1.226276577978345550e+00
-1.226369139240175876e+00
-1.226447875117045783e+00
-1.226526108077456101e+00
-1.226614780265685489e+00
-1.226702600559815615e+00
-1.226776834385895576e+00
-1.226850604910135978e+00
-1.226922034338795875e+00
-1.226994997753265260e+00
-1.227067940520075950e+00
-1.227140992032845546e+00
-1.227213449226735698e+00
-1.227294821511065948e+00
-1.227363154910445786e+00
-1.227429933725296074e+00
-1.227495813520155465e+00
-1.227573944276985962e+00
-1.227650622407225889e+00
-1.227711939956956044e+00
-1.227772110387316040e+00
-1.227844025662655270e+00
-1.227917231040695611e+00
-1.227986299459915998e+00
-1.228041410211935691e+00
-1.228097335782675437e+00
-1.228164257967415907e+00
-1.228218841927475324e+00
-1.228272195870535377e+00
-1.228337627231216089e+00
-1.228389854596795949e+00
-1.228442843135796103e+00
-1.228506214870615842e+00
-1.228568597340776059e+00
-1.228616962466695384e+00
-1.228663110479735643e+00
-1.228713825355515432e+00
-1.228759226059805698e+00
-1.228807720854685925e+00
-1.228866670473435896e+00
-1.228915656071905893e+00
-1.228962262946845740e+00
-1.229008185930065444e+00
-1.229053916187885953e+00
-1.229100088195965945e+00
-1.229156986416465536e+00
-1.229199551567165649e+00
-1.229254177809135484e+00
-1.229295745204185941e+00
-1.229348040931466102e+00
-1.229399274500996064e+00
-1.229436437214325828e+00
-1.229484692901666065e+00
-1.229534801450885340e+00
-1.229568386384875645e+00
-1.229614398637925987e+00
-1.229659590522685697e+00
-1.229692127816175429e+00
-1.229726470576625985e+00
-1.229760215902826026e+00
-1.229795062545455231e+00
-1.229829748127075462e+00
-1.229875929758805775e+00
-1.229909160102475418e+00
-1.229953444731355816e+00
-1.229984686595606114e+00
-1.230017514548985780e+00
-1.230060216891345704e+00
-1.230100469113305728e+00
-1.230128673009946105e+00
-1.230168560284925938e+00
-1.230196357528575923e+00
-1.230222675237935270e+00
-1.230259122782755732e+00
-1.230286383194675537e+00
-1.230324642844925265e+00
-1.230359888188065298e+00
-1.230385099112496050e+00
-1.230423864861156069e+00
-1.230459640991145243e+00
-1.230486683024206052e+00
-1.230505614628225608e+00
-1.230531040826135403e+00
-1.230567436669635306e+00
-1.230602730883435747e+00
-1.230623088043005353e+00
-1.230656106979355791e+00
-1.230677388387915627e+00
-1.230702539813255392e+00
-1.230724801750105790e+00
-1.230746255328825534e+00
-1.230799235594325580e+00
-1.230816179180725278e+00
-1.230836427968506008e+00
-1.230855654514635411e+00
-1.230886212649205724e+00
-1.230901842128035995e+00
-1.230920363002325324e+00
-1.230940054563475883e+00
-1.230958113149325683e+00
-1.230988207004545920e+00
-1.231006728399886008e+00
-1.231036749909756089e+00
-1.231053883360255341e+00
-1.231082089106725341e+00
-1.231109156791466042e+00
-1.231121428783596095e+00
-1.231137895004765781e+00
-1.231152004494525443e+00
-1.231170499322515433e+00
-1.231187684277835537e+00
-1.231205787959956055e+00
-1.231224605954805540e+00
-1.231242172685915293e+00
-1.231259420762505385e+00
-1.231275209820535288e+00
-1.231304382604236025e+00
-1.231360220569575503e+00
-1.231367972647925413e+00
-1.231377572697745393e+00
-1.231399917355185281e+00
-1.231410588868155465e+00
-1.231431700461115497e+00
-1.231440615292346052e+00
-1.231463406151886097e+00
-1.231473882065005299e+00
-1.231482070428115527e+00
-1.231493317886185324e+00
-1.231505365399245377e+00
-1.231520225677865454e+00
-1.231545142531786041e+00
-1.231554015978935546e+00
-1.231570454188535280e+00
-1.231582308266725434e+00
-1.231594062652975552e+00
-1.231606893689956017e+00
-1.231630477796725742e+00
-1.231639407424276023e+00
-1.231647224084095882e+00
-1.231657321042945341e+00
-1.231669002540775715e+00
-1.231680943873906031e+00
-1.231724638593775900e+00
-1.231732898366555418e+00
-1.231739396985755519e+00
-1.231757278183655657e+00
-1.231763148171335587e+00
-1.231770219049336035e+00
-1.231778916572925375e+00
-1.231798819800135725e+00
-1.231806438794285974e+00
-1.231825045141495600e+00
-1.231844496939055844e+00
-1.231846115618545845e+00
-1.231856649419215799e+00
-1.231864035930406054e+00
-1.231874549971045951e+00
-1.231880814641265864e+00
-1.231894932038676060e+00
-1.231900311419655836e+00
-1.231908528247665835e+00
-1.231925385636655434e+00
-1.231970018259465505e+00
-1.231970537808795285e+00
-1.231974449232025925e+00
-1.231978245864315369e+00
-1.231991645500476018e+00
-1.231994113556095449e+00
-1.231998367262475469e+00
-1.232010116196575744e+00
-1.232014414877955488e+00
-1.232029657169215753e+00
-1.232043645812435528e+00
-1.232045419822465959e+00
-1.232048988962406000e+00
-1.232051687937155471e+00
-1.232056948645005257e+00
-1.232072555082475596e+00
-1.232080557610575333e+00
-1.232097116907035605e+00
-1.232099360700255275e+00
-1.232103751082905596e+00
-1.232108605914115529e+00
-1.232123463928255447e+00
-1.232127175907185901e+00
-1.232141521599495526e+00
-1.232145620357735893e+00
-1.232146359969295446e+00
-1.232150175750775567e+00
-1.232155823899035774e+00
-1.232159355561485370e+00
-1.232174758370945256e+00
-1.232177388330415901e+00
-1.232193249776565303e+00
-1.232206101854895763e+00
-1.232215699645825779e+00
-1.232223512657985687e+00
-1.232226176038175858e+00
-1.232237125411005607e+00
-1.232231641690106017e+00
-1.232231672817206025e+00
-1.232234601078546099e+00
-1.232240837441955783e+00
-1.232242598525965960e+00
-1.232255704738175695e+00
-1.232255989240915284e+00
-1.232258484023735612e+00
-1.232291721067275247e+00
-1.232301076002765505e+00
-1.232295214381585957e+00
-1.232324426940085260e+00
-1.232319690561555880e+00
-1.232317774394675602e+00
-1.232316167453185507e+00
-1.232314924477585727e+00
-1.232314780298555235e+00
-1.232316873707355320e+00
-1.232318219004556070e+00
-1.232319781199575637e+00
-1.232333214682845401e+00
-1.232334274721015532e+00
-1.232336423183065577e+00
-1.232369834436465972e+00
-1.232366255320495263e+00
-1.232362932035405478e+00
-1.232372968061485885e+00
-1.232371991854485316e+00
-1.232375528048225810e+00
-1.232373953618346007e+00
-1.232385234739585833e+00
-1.232394848079136018e+00
-1.232391907379595253e+00
-1.232389688223185509e+00
-1.232400465415575574e+00
-1.232400247787535541e+00
-1.232401555220535627e+00
-1.232398259070765612e+00
-1.232401399026165301e+00
-1.232404187506435989e+00
-1.232420735945195744e+00
-1.232433631344975744e+00
-1.232428593157195884e+00
-1.232435992045185280e+00
-1.232429109654935573e+00
-1.232429837171035381e+00
-1.232430541743515739e+00
-1.232427914741385244e+00
-1.232430561864495289e+00
-1.232432631445295357e+00
-1.232434267675105666e+00
-1.232467487412566065e+00
-1.232465098651225333e+00
-1.232472893336646003e+00
-1.232469147127665643e+00
-1.232476963460535480e+00
-1.232473294178276113e+00
-1.232473656636675408e+00
-1.232470637700505911e+00
-1.232481239318415689e+00
-1.232478846993575239e+00
-1.232478869324905801e+00
-1.232479843935925246e+00
-1.232478733128565374e+00
-1.232477798191945695e+00
-1.232478973314735882e+00
-1.232481573357155469e+00
-1.232483344445236106e+00
-1.232499615379455626e+00
-1.232498214724315311e+00
-1.232498312731745926e+00
-1.232497436019265535e+00
-1.232497245611485326e+00
-1.232503189653975539e+00
-1.232503192233255440e+00
-1.232511665270696000e+00
-1.232521919083665374e+00
-1.232518163269165967e+00
-1.232525308112565554e+00
-1.232521152346155446e+00
-1.232519303678115463e+00
-1.232517887867265571e+00
-1.232515326608525363e+00
-1.232525088075525410e+00
-1.232524586318895388e+00
-1.232525438165136045e+00
-1.232525768705715841e+00
-1.232525397401045275e+00
-1.232525590258616077e+00
-1.232523910945455548e+00
-1.232525923270845425e+00
-1.232527175915675954e+00
-1.232531159484735461e+00
-1.232532841585396000e+00
-1.232533722051226022e+00
-1.232531837442365941e+00
-1.232532558416815860e+00
-1.232544860855635527e+00
-1.232551952865455824e+00
-1.232558489888445408e+00
-1.232594193898496115e+00
-1.232586410022635803e+00
-1.232578529921785737e+00
-1.232584708019855313e+00
-1.232576412029785295e+00
-1.232583627339695731e+00
-1.232574025653025984e+00
-1.232578529761225283e+00
-1.232586850086645924e+00
-1.232622350842476067e+00
-1.232613806978305249e+00
-1.232604129800035864e+00
-1.232595743085065365e+00
-1.232593717994325822e+00
-1.232589864987835959e+00
-1.232597600330295862e+00
-1.232593448340955966e+00
-1.232590042763606064e+00
-1.232597869746825836e+00
-1.232591950521985780e+00
-1.232599679406175319e+00
-1.232602496073425868e+00
-1.232598217709125699e+00
-1.232605583548116002e+00
-1.232613041682135702e+00
-1.232607623281535503e+00
-1.232614515606655914e+00
-1.232619957135026034e+00
-1.232605451833626020e+00
-1.232610526966896103e+00
-1.232605433335405287e+00
-1.232602963948215447e+00
-1.232611408261445440e+00
-1.232606430180835488e+00
-1.232613575357675906e+00
-1.232609833799535259e+00
-1.232606492011145249e+00
-1.232633356600805641e+00
-1.232627106392835792e+00
-1.232624654462515679e+00
-1.232624416528355304e+00
-1.232633117650925314e+00
-1.232626625317295499e+00
-1.232621805195555531e+00
-1.232620864993335452e+00
-1.232616279563985451e+00
-1.232614913276505852e+00
-1.232614196223795311e+00
-1.232611798974065920e+00
-1.232611398617975418e+00
-1.232621445632205770e+00
-1.232619061778115643e+00
-1.232628829100026024e+00
-1.232624825058855400e+00
-1.232628502481335708e+00
-1.232625385299815690e+00
-1.232634055701566034e+00
-1.232627645402905259e+00
-1.232625805520846107e+00
-1.232634602561865300e+00
