2.664535259100375697e-15
-1.676661124305756090e-02
-3.348429843419786778e-02
-5.017822888198786302e-02
-6.687484216754757682e-02
-8.360702721943713556e-02
-1.004449181701971838e-01
-1.174201011125877159e-01
-1.345561457022377283e-01
-1.518786195789472160e-01
-1.694162250766071409e-01
-1.872003218177873407e-01
-2.052661908020274595e-01
-2.236531460169075558e-01
-2.424057533293275668e-01
-2.615735960563778661e-01
-2.812134629363871596e-01
-3.013894875327771672e-01
-3.221748650901972155e-01
-3.436538528754375932e-01
-3.659231749362774622e-01
-3.890950384775271331e-01
-4.133004033457972071e-01
-4.386927034672174486e-01
-4.654540653228274039e-01
-4.938016539393474957e-01
-5.239846651917572373e-01
-5.562888748530072647e-01
-5.910638767091871415e-01
-6.287549902222773213e-01
-6.699232116717572794e-01
-7.152895566065371469e-01
-7.658206003184577781e-01
-8.228364194600779058e-01
-8.881979370235679738e-01
-9.646326390402979456e-01
-1.052660933365407558e+00
-1.135747622740267637e+00
-1.214703342685537812e+00
-1.289933753103487568e+00
-1.362181982065217234e+00
-1.431864077419497505e+00
-1.498584059166597982e+00
-1.561919336837137351e+00
-1.620791963416747805e+00
-1.677001218556777751e+00
-1.729817360017647410e+00
-1.778015986177607921e+00
-1.822108292606468005e+00
-1.861269402546807505e+00
-1.897611828786127219e+00
-1.930984404468997440e+00
-1.960999647525227374e+00
-1.987438617224447590e+00
-2.011376227867697430e+00
-2.032138565355897875e+00
-2.050039921531797482e+00
-2.065480211422597634e+00
-2.079224783610817973e+00
-2.091056216266947487e+00
-2.101505636686147760e+00
-2.110315635278557700e+00
-2.117909418225787377e+00
-2.124709579722727781e+00
-2.130486738754257203e+00
-2.135633568886857958e+00
-2.140088570480927821e+00
-2.143740878895567192e+00
-2.147085342853437773e+00
-2.149821375228177622e+00
-2.152363668215737214e+00
-2.154488509901937299e+00
-2.156311102540127145e+00
-2.158025630523527916e+00
-2.159513840571827714e+00
-2.160804113447367669e+00
-2.161855706337487248e+00
-2.162839336895007847e+00
-2.163715099607807169e+00
-2.164532462847167160e+00
-2.165180025850277801e+00
-2.165770069562407585e+00
-2.166251483212817242e+00
-2.166685473690827202e+00
-2.167048422183687428e+00
-2.167385715074447994e+00
-2.167683550708857432e+00
-2.167941357608367703e+00
-2.168158770564397209e+00
-2.168352751311607207e+00
-2.168552379812887843e+00
-2.168795022595497279e+00
-2.169090717499877918e+00
-2.169379325611767939e+00
-2.169710285365377800e+00
-2.170053866446317592e+00
-2.170447727954317507e+00
-2.170838682624017579e+00
-2.171239788579947927e+00
-2.171659723639207229e+00
-2.172126055383797549e+00
-2.172595874994407872e+00
-2.173061446450407885e+00
-2.173547129245067211e+00
-2.174059819766287482e+00
-2.174552844980897959e+00
-2.175050191176157277e+00
-2.175533634655427484e+00
-2.176017285144957292e+00
-2.176501926260397290e+00
-2.176927926096007937e+00
-2.177405649558247447e+00
-2.177894087415267244e+00
-2.178381247144377753e+00
-2.178866957377107560e+00
-2.179351081521887501e+00
-2.179805442381147706e+00
-2.180259864698187222e+00
-2.180696147761887360e+00
-2.181116970640627706e+00
-2.181516222426087559e+00
-2.181934362372397906e+00
-2.182347327925217684e+00
-2.182741452381247171e+00
-2.183172523634067552e+00
-2.183535740284967552e+00
-2.183917351621987635e+00
-2.184295873851037406e+00
-2.184651283748847206e+00
-2.185022049378837927e+00
-2.185378278554997777e+00
-2.185729719524747594e+00
-2.186069553504157881e+00
-2.186409448772857367e+00
-2.186720565715967624e+00
-2.187046247892057593e+00
-2.187374268606737893e+00
-2.187686447102857201e+00
-2.187966487435297758e+00
-2.188267953454907655e+00
-2.188584080728037229e+00
-2.188874850211957934e+00
-2.189155258442147201e+00
-2.189436363230717220e+00
-2.189707751218287868e+00
-2.189983272787057622e+00
-2.190255043615067621e+00
-2.190510026412457734e+00
-2.190763197833207165e+00
-2.191016439890647760e+00
-2.191260912785527815e+00
-2.191508896631027881e+00
-2.191760412330047814e+00
-2.192000591310247160e+00
-2.192216712943947599e+00
-2.192437935312917752e+00
-2.192654861298987790e+00
-2.192865293434527629e+00
-2.193078150674247162e+00
-2.193271485339337801e+00
-2.193473936083497833e+00
-2.193676990931787252e+00
-2.193872843597157285e+00
-2.194067027424787319e+00
-2.194262697208367641e+00
-2.194447858368887339e+00
-2.194649492147447312e+00
-2.194828941480037265e+00
-2.195002524956207957e+00
-2.195176159288617868e+00
-2.195354557810487606e+00
-2.195530129383317153e+00
-2.195697542950747483e+00
-2.195848566920067135e+00
-2.196014423372577795e+00
-2.196169057550027226e+00
-2.196326301691757799e+00
-2.196479771275507531e+00
-2.196635227640467924e+00
-2.196783016994817928e+00
-2.196924980965857976e+00
-2.197065016816367233e+00
-2.197210213629197995e+00
-2.197342612337227941e+00
-2.197479192750737553e+00
-2.197604230791077917e+00
-2.197732526366627859e+00
-2.197856978262067607e+00
-2.197980030548927211e+00
-2.198101108244797430e+00
-2.198219222156987840e+00
-2.198336870466337523e+00
-2.198462096171467373e+00
-2.198575724460147818e+00
-2.198685024278187683e+00
-2.198798193934707434e+00
-2.198906966606827496e+00
-2.199019252100587352e+00
-2.199123680129057234e+00
-2.199228992175947361e+00
-2.199327985309357913e+00
-2.199428174038317252e+00
-2.199528111111387574e+00
-2.199628762865027731e+00
-2.199726944517407468e+00
-2.199815154355327707e+00
-2.199916166685317975e+00
-2.199999283510877923e+00
-2.200083113814217839e+00
-2.200167595608977678e+00
-2.200249152031667599e+00
-2.200329200109207406e+00
-2.200413347062007752e+00
-2.200492998291257329e+00
-2.200574026346097334e+00
-2.200655307729437737e+00
-2.200733105881187868e+00
-2.200809126580397290e+00
-2.200878191712427601e+00
-2.200950730388727905e+00
-2.201023703409917154e+00
-2.201091902783337773e+00
-2.201158867628157267e+00
-2.201225009568687163e+00
-2.201298699635577449e+00
-2.201365366408367663e+00
-2.201431215807097885e+00
-2.201493495407347289e+00
-2.201553669373137900e+00
-2.201599857089677315e+00
-2.201658911585577805e+00
-2.201715325460757988e+00
-2.201773441334277770e+00
-2.201831212673967642e+00
-2.201888023706367825e+00
-2.201939904662837399e+00
-2.201981761316017305e+00
-2.202037602992367837e+00
-2.202091329317857671e+00
-2.202144596285357636e+00
-2.202195794982977795e+00
-2.202244361455417909e+00
-2.202291108817317600e+00
-2.202337467144877436e+00
-2.202384354952807932e+00
-2.202431294186587785e+00
-2.202470411879677847e+00
-2.202515031394167266e+00
-2.202555556445047635e+00
-2.202607770424057421e+00
-2.202646902704157306e+00
-2.202686118200377408e+00
-2.202726050241607503e+00
-2.202764493407077140e+00
-2.202802138647308006e+00
-2.202838357130057823e+00
-2.202866725282487614e+00
-2.202906116586047958e+00
-2.202942595128787318e+00
-2.202973983489837195e+00
-2.203008128986787995e+00
-2.203041937577397746e+00
-2.203075732440797907e+00
-2.203105100145057449e+00
-2.203134084106388002e+00
-2.203166031887947796e+00
-2.203194969168337458e+00
-2.203225325395677281e+00
-2.203253753686647443e+00
-2.203284149453567764e+00
-2.203310250707867901e+00
-2.203340240268397920e+00
-2.203368182275747600e+00
-2.203391117925327158e+00
-2.203416019521607261e+00
-2.203439407419107710e+00
-2.203464578618367753e+00
-2.203485504834577391e+00
-2.203510588738597953e+00
-2.203531532517117419e+00
-2.203554629815187127e+00
-2.203578544437077902e+00
-2.203600803350648007e+00
-2.203624489259547126e+00
-2.203645454798787817e+00
-2.203665338522977635e+00
-2.203684530178047218e+00
-2.203706347682037325e+00
-2.203723131469157437e+00
-2.203743095503747362e+00
-2.203762343354527253e+00
-2.203782171341997831e+00
-2.203800894703347169e+00
-2.203819411564487574e+00
-2.203833511766587705e+00
-2.203851366235067388e+00
-2.203867031323197168e+00
-2.203881382338747308e+00
-2.203896104872807626e+00
-2.203912293298537328e+00
-2.203927312902247415e+00
-2.203940719870617571e+00
-2.203953654424687159e+00
-2.203965786794428006e+00
-2.203979653086197921e+00
-2.203996333869387314e+00
-2.204007667319897834e+00
-2.204021995710897741e+00
-2.204032994018647607e+00
-2.204045632696667312e+00
-2.204057450236137861e+00
-2.204068000972317698e+00
-2.204079823037887742e+00
-2.204092158177667571e+00
-2.204102530014677264e+00
-2.204115364729487325e+00
-2.204124443536297662e+00
-2.204135179924737287e+00
-2.204142804254777488e+00
-2.204154351801377310e+00
-2.204162462729227556e+00
-2.204173100051287193e+00
-2.204180907820497914e+00
-2.204192055364337932e+00
-2.204201830493517811e+00
-2.204211559451637825e+00
-2.204219464512077842e+00
-2.204226530803457429e+00
-2.204233795194617151e+00
-2.204243063087007570e+00
-2.204251592468007281e+00
-2.204256646292637178e+00
-2.204264600604387780e+00
-2.204273435314767937e+00
-2.204280279604457604e+00
-2.204288255977317590e+00
-2.204293953783807325e+00
-2.204298944129977400e+00
-2.204306528711577506e+00
-2.204310210953027926e+00
-2.204316602267767600e+00
-2.204324280119387858e+00
-2.204329192489227651e+00
-2.204335814737487631e+00
-2.204340774587727481e+00
-2.204347791118387967e+00
-2.204351994890667576e+00
-2.204358274909617776e+00
-2.204361001151377231e+00
-2.204367462272477596e+00
-2.204371476693607335e+00
-2.204377118831097881e+00
-2.204383044989297602e+00
-2.204386849336748000e+00
-2.204390366598067530e+00
-2.204395294722687915e+00
-2.204399036284018010e+00
-2.204402806282117488e+00
-2.204407336424927699e+00
-2.204409107360307374e+00
-2.204413608732047614e+00
-2.204416130759357273e+00
-2.204420687827907344e+00
-2.204425310032767982e+00
-2.204427489915117278e+00
-2.204430054526547167e+00
-2.204433862500467356e+00
-2.204435575391127777e+00
-2.204437717417008002e+00
-2.204439113732947320e+00
-2.204441372670037147e+00
-2.204443691314017961e+00
-2.204446094667877887e+00
-2.204447953876797150e+00
-2.204448731237897974e+00
-2.204453165900457812e+00
-2.204454733390537768e+00
-2.204455720823507825e+00
-2.204458489631997864e+00
-2.204462449445507843e+00
-2.204463973835767199e+00
-2.204465229893707523e+00
-2.204468408104737875e+00
-2.204471697560507870e+00
-2.204472974959687193e+00
-2.204473423648297903e+00
-2.204474161012557332e+00
-2.204475495602417290e+00
-2.204478505607237793e+00
-2.204479291355107229e+00
-2.204480974437947438e+00
-2.204483120561127940e+00
-2.204483666755607807e+00
-2.204484585586267364e+00
-2.204486730742557299e+00
-2.204486975642197422e+00
-2.204487245259607597e+00
-2.204489680482237368e+00
-2.204490106546447947e+00
-2.204492040922457541e+00
-2.204491288958277728e+00
-2.204493115056717301e+00
-2.204492797097677759e+00
-2.204493727202057940e+00
-2.204493667928907996e+00
-2.204493556707327606e+00
-2.204493909976917188e+00
-2.204496067167567297e+00
-2.204497847634627306e+00
-2.204498783448057608e+00
-2.204499240389727888e+00
-2.204501688392627834e+00
-2.204500955468597923e+00
-2.204500963072137942e+00
-2.204502050413417180e+00
-2.204501088140007781e+00
-2.204501182754527555e+00
-2.204502214265127158e+00
-2.204501628122227608e+00
-2.204501182152527328e+00
-2.204501077234307438e+00
-2.204501032933387172e+00
-2.204500906936167404e+00
-2.204500731578987960e+00
-2.204502182026737422e+00
-2.204501678058097269e+00
-2.204503148921747702e+00
-2.204502450418997839e+00
-2.204500113160107411e+00
-2.204501058461757701e+00
-2.204500413942657389e+00
-2.204500975065227131e+00
-2.204502130228727985e+00
-2.204501657769417200e+00
-2.204502338924887894e+00
-2.204500767340527467e+00
-2.204500717201687721e+00
-2.204501353431377986e+00
-2.204499399552207528e+00
-2.204498668217037327e+00
-2.204502538420627822e+00
-2.204500816162737742e+00
-2.204499525877827715e+00
-2.204499957065687354e+00
-2.204501344500467752e+00
-2.204502098293047219e+00
-2.204499979432007706e+00
-2.204499143692957297e+00
-2.204500499074017128e+00
-2.204499141131577744e+00
-2.204499771052117474e+00
-2.204496713112067852e+00
-2.204497020501937854e+00
-2.204499537724377234e+00
-2.204497216439547991e+00
-2.204497940538257872e+00
-2.204498680455027504e+00
-2.204500363220007308e+00
-2.204498636698967395e+00
-2.204497919915037407e+00
-2.204497184510147534e+00
-2.204498355514307839e+00
-2.204498700713317660e+00
-2.204501059448897848e+00
-2.204501156930937178e+00
-2.204498833901777921e+00
-2.204499099490827341e+00
-2.204496110366587658e+00
-2.204496591852187493e+00
-2.204495137459017151e+00
-2.204493112602277982e+00
-2.204492359586527783e+00
-2.204491824478167494e+00
-2.204491036692077799e+00
-2.204491157743047935e+00
-2.204490106997437415e+00
-2.204490739828037782e+00
-2.204490499345717502e+00
-2.204491479611767168e+00
-2.204494246929337820e+00
-2.204494321977477966e+00
-2.204493379552927124e+00
-2.204492311386107239e+00
-2.204491153149967353e+00
-2.204490745221707293e+00
-2.204489135103967712e+00
-2.204488421715277369e+00
-2.204486897158267844e+00
-2.204485997427187982e+00
-2.204486493029307326e+00
-2.204483778061857357e+00
-2.204483725138107530e+00
-2.204483422224737588e+00
-2.204478104856867127e+00
-2.204476569815747133e+00
-2.204475037419357797e+00
-2.204474404190697179e+00
-2.204472345431147673e+00
-2.204473358800607130e+00
-2.204472377563087448e+00
-2.204471616904768005e+00
-2.204474088146767485e+00
-2.204472586155227454e+00
-2.204472818134087575e+00
-2.204474692122407653e+00
-2.204471251970497647e+00
-2.204470829100207752e+00
-2.204471941322117878e+00
-2.204470691227527368e+00
-2.204470429273907683e+00
-2.204469428436047984e+00
-2.204469324279537901e+00
-2.204468137001797778e+00
-2.204469009939857393e+00
-2.204466373383267452e+00
-2.204466210950047689e+00
-2.204460188730167580e+00
-2.204460172146907482e+00
-2.204460438669727296e+00
-2.204459296118257861e+00
-2.204462343753097464e+00
-2.204461325425387308e+00
-2.204461178570727320e+00
-2.204460956457857890e+00
-2.204462587139477847e+00
-2.204459554080387740e+00
-2.204460427662177757e+00
-2.204459969261287178e+00
-2.204460053915187956e+00
-2.204458741145517209e+00
-2.204458088832627283e+00
-2.204461455788917945e+00
-2.204459662864417524e+00
-2.204459896823187215e+00
-2.204458069556137545e+00
-2.204456198125557265e+00
-2.204455399836247942e+00
-2.204454004471857687e+00
-2.204452194312347402e+00
-2.204451560249767184e+00
-2.204453485401827173e+00
-2.204454569844217282e+00
-2.204452839575677281e+00
-2.204450896217937661e+00
-2.204449668807557217e+00
-2.204450483406387384e+00
-2.204450392349557752e+00
-2.204451091267587870e+00
-2.204448169359137566e+00
-2.204446495592407906e+00
-2.204446986781637641e+00
-2.204445694044827597e+00
-2.204443624045717698e+00
-2.204444283732437171e+00
-2.204444421865317416e+00
-2.204445795538707564e+00
-2.204444253322487945e+00
-2.204441793380527592e+00
-2.204440378829267466e+00
-2.204444179970957762e+00
-2.204444381566897704e+00
-2.204438954894917480e+00
-2.204439243186407715e+00
-2.204436782886597612e+00
-2.204436128084257263e+00
-2.204435815977527469e+00
-2.204437638508847996e+00
-2.204438162427157621e+00
-2.204436819790037916e+00
-2.204438581283727494e+00
-2.204440673029377962e+00
-2.204436038592787916e+00
-2.204436518493468000e+00
-2.204434451768747749e+00
-2.204433952894697235e+00
-2.204433141584427602e+00
-2.204432552735857698e+00
-2.204432494604437132e+00
-2.204431726565577954e+00
-2.204431254837027510e+00
-2.204432424504887855e+00
-2.204432939842267736e+00
-2.204432468490697516e+00
-2.204430385244767976e+00
-2.204431325178397572e+00
-2.204428948539707278e+00
-2.204429147419437740e+00
-2.204429776135597763e+00
-2.204429054261297871e+00
-2.204427854515017771e+00
-2.204426976131677485e+00
-2.204428108601967473e+00
-2.204426124691557298e+00
-2.204425759546247754e+00
-2.204424448619437982e+00
-2.204425067311487574e+00
-2.204425248497517309e+00
-2.204425980638997196e+00
-2.204424367977927623e+00
-2.204425050416227272e+00
-2.204424399657077593e+00
-2.204426917711007405e+00
-2.204419587548777315e+00
-2.204420168881247477e+00
-2.204420279061887200e+00
-2.204421597202667726e+00
-2.204420117433447679e+00
-2.204420261426137451e+00
-2.204420365582397956e+00
-2.204418584015227722e+00
-2.204418025065908004e+00
-2.204417593388127372e+00
-2.204420373558107826e+00
-2.204418272126217992e+00
-2.204418996128447716e+00
-2.204418878862667519e+00
-2.204419901443747776e+00
-2.204419456044427683e+00
-2.204417259217597902e+00
-2.204416242780987467e+00
-2.204416529420277548e+00
-2.204415818603417954e+00
-2.204413761164407681e+00
-2.204415001557177511e+00
-2.204413413636537200e+00
-2.204411975154907388e+00
-2.204413085241107240e+00
-2.204413279671707748e+00
-2.204413046920507213e+00
-2.204416258314637389e+00
-2.204415453265538005e+00
-2.204414313598687336e+00
-2.204413564297927230e+00
-2.204413340583327496e+00
-2.204416272799537779e+00
-2.204416627779837157e+00
-2.204416801863797737e+00
-2.204414807528017661e+00
-2.204413206288317717e+00
-2.204414125234507971e+00
-2.204413652976717763e+00
-2.204416031924167463e+00
-2.204415415692977831e+00
-2.204413549942147554e+00
-2.204412892799217261e+00
-2.204412026639777977e+00
-2.204412055044557839e+00
-2.204412628240797645e+00
-2.204412403851607749e+00
-2.204413265916597808e+00
-2.204409153561457835e+00
-2.204407914178307948e+00
-2.204406590522627774e+00
-2.204406719687147742e+00
-2.204406071549337653e+00
-2.204406182807977288e+00
-2.204405515830507589e+00
-2.204404913242807851e+00
-2.204406293684927576e+00
-2.204403712546897154e+00
-2.204401592392477127e+00
-2.204403566915187795e+00
-2.204400416341957936e+00
-2.204399204403857837e+00
-2.204400398970367547e+00
-2.204398254346257247e+00
-2.204399960664407132e+00
-2.204397225497237933e+00
-2.204399013287467568e+00
-2.204399138603917230e+00
-2.204401114304087805e+00
-2.204398968891017496e+00
-2.204399234208787917e+00
-2.204400803169777490e+00
-2.204401373059597269e+00
-2.204400730785797791e+00
-2.204401525177477339e+00
-2.204401174726737800e+00
-2.204399529140717462e+00
-2.204400832102147767e+00
-2.204401710166847828e+00
-2.204402329755057899e+00
-2.204396375356017401e+00
-2.204397447213287897e+00
-2.204399101593787158e+00
-2.204396903020827914e+00
-2.204398177901797595e+00
-2.204399127691507587e+00
-2.204398297303507448e+00
-2.204393880664337502e+00
-2.204395367581527765e+00
-2.204396304224737868e+00
-2.204397731422617746e+00
-2.204399025107467658e+00
-2.204398742116097765e+00
-2.204399004722247923e+00
-2.204399435084397396e+00
-2.204398782295507786e+00
-2.204399970922467311e+00
-2.204397382221097601e+00
-2.204395937530927441e+00
-2.204396300742207160e+00
-2.204397155736177893e+00
-2.204396406803137864e+00
-2.204396851385097555e+00
-2.204394862878387151e+00
-2.204394862889777151e+00
-2.204396520198527831e+00
-2.204396546327587636e+00
-2.204396282011557240e+00
-2.204395503472627915e+00
-2.204396287227297968e+00
-2.204396644156787488e+00
-2.204397256113107773e+00
-2.204396336878057916e+00
-2.204390520643227269e+00
-2.204390650393727391e+00
-2.204391925006267350e+00
-2.204392623855557787e+00
-2.204391720393577891e+00
-2.204393632469557218e+00
