-2.646977960169688560e-23
-5.915658401392173227e-11
-7.292067465752489311e-11
-3.258925138482272362e-11
7.228967491717426606e-11
2.542938185820776156e-10
5.286253838797791584e-10
9.136946822751782022e-10
1.431876565866676132e-09
2.110486075514575212e-09
2.983036444439979962e-09
4.090873602395779202e-09
5.485257498941678828e-09
7.230126619277473834e-09
9.405683706152878836e-09
1.211314463870927378e-08
1.548091853910287924e-08
1.967292415176917556e-08
2.489972118432367844e-08
3.143349913873488243e-08
3.962859271556418199e-08
4.994902216102437773e-08
6.300762704059188448e-08
7.962053600349737891e-08
1.008850375770123647e-07
1.282921351898293826e-07
1.634991300497073829e-07
2.076987814484673765e-07
2.616297631812443858e-07
3.259062618745263933e-07
4.005587928846003873e-07
4.842299618616954116e-07
5.755392430982463830e-07
6.729357313167273920e-07
7.749360142381163894e-07
8.806088846405264441e-07
9.893795088398363415e-07
1.100707893733096263e-06
1.214302864362596356e-06
1.330026050693416346e-06
1.448032301664526264e-06
1.567953411999516394e-06
1.689792522130686261e-06
1.813668984339896356e-06
1.939515331945526411e-06
2.066376404464926416e-06
2.195398630565126497e-06
2.326854534104776430e-06
2.459631690738056334e-06
2.594510168981836478e-06
2.731286274903776510e-06
2.870142650243886383e-06
3.010968900931096204e-06
3.153537006213706147e-06
3.297961601207836431e-06
3.444213254134266157e-06
3.592198347135906150e-06
3.741746504206766488e-06
3.892923014481626615e-06
4.045540831298796005e-06
4.199755143697086541e-06
4.355201900468916532e-06
4.512269609124866377e-06
4.670609901817006513e-06
4.830082088806536263e-06
4.990337276671466319e-06
5.151330601754445960e-06
5.313153755329046329e-06
5.475723308360756621e-06
5.639033261987155895e-06
5.802913707500116013e-06
5.967459951043175945e-06
6.132691528192945989e-06
6.298152999722566087e-06
6.463785843900036299e-06
6.629834846504556369e-06
6.796239885002036255e-06
6.962807206057746206e-06
7.129768472613336445e-06
7.297013416530916164e-06
7.464238021549556037e-06
7.631478999821935636e-06
7.798766287661546261e-06
7.966163464084066839e-06
8.133355170248187147e-06
8.300275355399556909e-06
8.467079859239816730e-06
8.633739462269996224e-06
8.800037923155755860e-06
8.966106594709896197e-06
9.131974290338205536e-06
9.297684902352025636e-06
9.463066273524836040e-06
9.628172325712617156e-06
9.792831917417646663e-06
9.957026326453466411e-06
1.012086683851598551e-05
1.028442667463628622e-05
1.044757259903558635e-05
1.061016521676058614e-05
1.077226110778568640e-05
1.093375659530378627e-05
1.109476538021318659e-05
1.125520827134878559e-05
1.141517454828108703e-05
1.157453204396898555e-05
1.173322463312648621e-05
1.189178222974498583e-05
1.204975859764718555e-05
1.220712505032368645e-05
1.236384646989718662e-05
1.252018311919528711e-05
1.267590053729988671e-05
1.283099319429498614e-05
1.298519304595098662e-05
1.313892999081938690e-05
1.329213048278998571e-05
1.344475488248088605e-05
1.359666661219208695e-05
1.374805830985998661e-05
1.389868527039488565e-05
1.404889836983968555e-05
1.419846139934878693e-05
1.434731545823528691e-05
1.449551040498938573e-05
1.464300745891328699e-05
1.479007192394538699e-05
1.493634737457638702e-05
1.508191182707248589e-05
1.522674030269228609e-05
1.537088446760238883e-05
1.551430204842688647e-05
1.565719037873588722e-05
1.579936747949508839e-05
1.594080697413198722e-05
1.608154973415918914e-05
1.622152584136578744e-05
1.636081104198898958e-05
1.649948960313758932e-05
1.663750673937688682e-05
1.677476089494038669e-05
1.691156742315758803e-05
1.704762059307458771e-05
1.718303873535818743e-05
1.731777597781028783e-05
1.745183741592448926e-05
1.758510325655068783e-05
1.771765434181638737e-05
1.784965114775588743e-05
1.798091904228498711e-05
1.811145244472178728e-05
1.824144496257358933e-05
1.837056520639558738e-05
1.849903070586858669e-05
1.862691716844778813e-05
1.875411452389498941e-05
1.888073333280788872e-05
1.900659683333438924e-05
1.913187425309498737e-05
1.925648081013278665e-05
1.938028917966958759e-05
1.950350291658258810e-05
1.962604322731158701e-05
1.974786030977508869e-05
1.986902204776888641e-05
1.998952349926898676e-05
2.010927717464548940e-05
2.022847570727068762e-05
2.034712274407778716e-05
2.046504484629718912e-05
2.058229632821238894e-05
2.069895374713088732e-05
2.081486032362488896e-05
2.093008490855168742e-05
2.104471807366548763e-05
2.115867895854188813e-05
2.127197962022408847e-05
2.138465429095078897e-05
2.149667233970408860e-05
2.160803527441138643e-05
2.171873659604308632e-05
2.182883017513048796e-05
2.193829797125458934e-05
2.204709316972918896e-05
2.215538305946468921e-05
2.226304666203918903e-05
2.237004037639328676e-05
2.247639273017428821e-05
2.258213123139258925e-05
2.268721921563258639e-05
2.279177202149258787e-05
2.289568662181738645e-05
2.299886622832898763e-05
2.310164953319528687e-05
2.320380360023028879e-05
2.330537117028508748e-05
2.340633206789618649e-05
2.350673016658338645e-05
2.360651093758208636e-05
2.370569661139198777e-05
2.380432164594108722e-05
2.390232643433688682e-05
2.399972471247088660e-05
2.409656383372258794e-05
2.419284330631188857e-05
2.428855932541508722e-05
2.438368867332148785e-05
2.447818580717098840e-05
2.457230791646638704e-05
2.466583859559048927e-05
2.475882062000818727e-05
2.485119860210798821e-05
2.494301125016848907e-05
2.503429006363778640e-05
2.512499900441588914e-05
2.521518643277898943e-05
2.530481938478498818e-05
2.539391153544378777e-05
2.548246454294388766e-05
2.557047674184668781e-05
2.565796817215768786e-05
2.574491431356388881e-05
2.583132352421288957e-05
2.591722242925628735e-05
2.600258012015768764e-05
2.608736693159178962e-05
2.617180654526628789e-05
2.625571990167628817e-05
2.633912606047078772e-05
2.642191864407808765e-05
2.650440395751228948e-05
2.658635555213598756e-05
2.666779925158168697e-05
2.674873464395608654e-05
2.682912803369468969e-05
2.690905492863918840e-05
2.698843079478048700e-05
2.706737180001488874e-05
2.714577995634638726e-05
2.722372757221138849e-05
2.730116568659858787e-05
2.737815336069018965e-05
2.745464516840648693e-05
2.753068670382618688e-05
2.760622206337648936e-05
2.768130607119528947e-05
2.775599190181738684e-05
2.783017319619728893e-05
2.790391695243088933e-05
2.797712915918888811e-05
2.804997660771388647e-05
2.812233590078678887e-05
2.819424728564758769e-05
2.826570949983898794e-05
2.833674455001858742e-05
2.840734021650548818e-05
2.847752370351098935e-05
2.854729081478238757e-05
2.861661070929658811e-05
2.868554707702418918e-05
2.875396640277968726e-05
2.882195511487608866e-05
2.888953007445538922e-05
2.895669611242568950e-05
2.902354304532098759e-05
2.908988680778848692e-05
2.915581404401518744e-05
2.922140353503918891e-05
2.928653470994628690e-05
2.935121059352728740e-05
2.941553076409898770e-05
2.947940576980828738e-05
2.954287458430898894e-05
2.960601228220628920e-05
2.966870398817528825e-05
2.973107386749398708e-05
2.979299331514228928e-05
2.985455576921908715e-05
2.991568543986218801e-05
2.997650107503348812e-05
3.003687285144088681e-05
3.009686659004298854e-05
3.015656378525488794e-05
3.021582516154828669e-05
3.027470194324928938e-05
3.033323595757738959e-05
3.039148476287888720e-05
3.044933947308348646e-05
3.050682404576678903e-05
3.056392124113198214e-05
3.062061786817098246e-05
3.067703043761698360e-05
3.073303141253128654e-05
3.078866851226638149e-05
3.084406912049048440e-05
3.089903758746368297e-05
3.095366486209198312e-05
3.100804570642918634e-05
3.106206111518418388e-05
3.111565484666278548e-05
3.116892491140668350e-05
3.122195139042568772e-05
3.127462405302778550e-05
3.132693508001188647e-05
3.137892173781688782e-05
3.143051989111458352e-05
3.148185204613318489e-05
3.153280271554458340e-05
3.158350258142318700e-05
3.163388547385668635e-05
3.168393140082428628e-05
3.173365387459138327e-05
3.178309020845418149e-05
3.183214729467198634e-05
3.188098582079028175e-05
3.192945091274658633e-05
3.197765554027758765e-05
3.202553391300838132e-05
3.207313429371258702e-05
3.212038188998108166e-05
3.216741844878078535e-05
3.221415340097258205e-05
3.226057568593998520e-05
3.230664573854058626e-05
3.235244545843798378e-05
3.239802596048818470e-05
3.244333628704548642e-05
3.248837005409498341e-05
3.253310241038568154e-05
3.257748437604948650e-05
3.262166241330288508e-05
3.266556091219188340e-05
3.270915972799318285e-05
3.275242779504038669e-05
3.279550562671858162e-05
3.283825257060258180e-05
3.288080500550538790e-05
3.292308540811868408e-05
3.296503468718508395e-05
3.300678872145378491e-05
3.304828257764898291e-05
3.308944994286548518e-05
3.313043505312948385e-05
3.317109061871278795e-05
3.321157849754618297e-05
3.325173152262928645e-05
3.329171105552028751e-05
3.333137057778038607e-05
3.337086071473518279e-05
3.341002531959258714e-05
3.344901748546218613e-05
3.348774454429978212e-05
3.352616588337188234e-05
3.356441510567508620e-05
3.360241682105458139e-05
3.364011338730308318e-05
3.367764310312798440e-05
3.371493356904128251e-05
3.375192584473958140e-05
3.378876117320768447e-05
3.382530270340058275e-05
3.386168383738048663e-05
3.389782428702878790e-05
3.393367094260558693e-05
3.396937187385948466e-05
3.400483476604388160e-05
3.404001131509908491e-05
3.407498416830368252e-05
3.410981488885258498e-05
3.414441221944938143e-05
3.417878846132988715e-05
3.421292398112168678e-05
3.424683423606658331e-05
3.428052264555348747e-05
3.431399675336438426e-05
3.434721346765728256e-05
3.438030268525838786e-05
3.441318107900518124e-05
3.444584569649398743e-05
3.447823514820318679e-05
3.451044824327628409e-05
3.454255091045488492e-05
3.457444068013668727e-05
3.460605663203328498e-05
3.463748112441038631e-05
3.466874606813208592e-05
3.469989154768858140e-05
3.473081553121128232e-05
3.476147463380358161e-05
3.479201214335998185e-05
3.482234726157708494e-05
3.485241602994928491e-05
3.488237405162168317e-05
3.491212413119888444e-05
3.494162471497868456e-05
3.497095948434788176e-05
3.500019201447458235e-05
3.502923337665678503e-05
3.505804870499418214e-05
3.508670090356548200e-05
3.511513916055148201e-05
3.514333816409998570e-05
3.517142636592778557e-05
3.519934452624208222e-05
3.522708145709528717e-05
3.525463608441038195e-05
3.528200775549128227e-05
3.530914952166938219e-05
3.533621370139088135e-05
3.536303685794978422e-05
3.538977527098328480e-05
3.541628132097048720e-05
3.544264207819588619e-05
3.546892138213448176e-05
3.549496216561428153e-05
3.552084008602538769e-05
3.554665307476718604e-05
3.557221885178208542e-05
3.559763655535238609e-05
3.562296527215998539e-05
3.564810434507298214e-05
3.567307327777238162e-05
3.569786497999578563e-05
3.572249122116118782e-05
3.574689568506378266e-05
3.577123119148298410e-05
3.579534731280168601e-05
3.581939429307768393e-05
3.584326858485058361e-05
3.586693483201588669e-05
3.589048119489758457e-05
3.591395154348018599e-05
3.593719864045258214e-05
3.596037334817058390e-05
3.598339443366958178e-05
3.600620216043598173e-05
3.602892133713668456e-05
3.605142909660678200e-05
3.607382532525838355e-05
3.609613966924148538e-05
3.611822966265968734e-05
3.614021446130908640e-05
3.616211704791298491e-05
3.618391465297858257e-05
3.620551558212068783e-05
3.622691536717608196e-05
3.624820410977158778e-05
3.626945078912928590e-05
3.629047950936968348e-05
3.631144801154068564e-05
3.633224943564308340e-05
3.635292992054548139e-05
3.637347376263558671e-05
3.639371518973088539e-05
3.641407880328698273e-05
3.643427485638878530e-05
3.645433599811708582e-05
3.647419840670578178e-05
3.649402662636888172e-05
3.651369395668928704e-05
3.653321864838538494e-05
3.655262002511328788e-05
3.657182547436948182e-05
3.659098777730728240e-05
3.660996056693718398e-05
3.662889941582228538e-05
3.664764999198518591e-05
3.666630402801578673e-05
3.668493026642618415e-05
3.670339560189288242e-05
3.672174633642778194e-05
3.673994372456998220e-05
3.675802978889268241e-05
3.677599131976198182e-05
3.679383315091938752e-05
3.681156864389938712e-05
3.682919123896508253e-05
3.684670750436578191e-05
3.686403795932988452e-05
3.688114700656328244e-05
3.689848883387838297e-05
3.691568449127808537e-05
3.693268396847158635e-05
3.694964770012878211e-05
3.696643275613368770e-05
3.698318465057848648e-05
3.699973837710408402e-05
3.701626655607458230e-05
3.703268761860708727e-05
3.704896979000758475e-05
3.706513423998058680e-05
3.708117397366738775e-05
3.709705917933658247e-05
3.711295232127218767e-05
3.712869073740248434e-05
3.714435830903748537e-05
3.715992121800198148e-05
3.717537441666818386e-05
3.719067083624428264e-05
3.720597143084238353e-05
3.722116953326128492e-05
3.723624611782468195e-05
3.725121196356838741e-05
3.726607920442398324e-05
3.728068319254938340e-05
3.729545659787638495e-05
3.731013374330658413e-05
3.732464239521018424e-05
3.733913547545398480e-05
3.735351451867228268e-05
3.736778184343548273e-05
3.738189208841888279e-05
3.739599809253858694e-05
3.740994686364668695e-05
3.742382007258478801e-05
3.743771912039948677e-05
3.745145903446458476e-05
3.746512738142138442e-05
3.747868418004598773e-05
3.749217751472648269e-05
3.750553356649068734e-05
3.751886095157228463e-05
3.753207740917028653e-05
3.754516022249318496e-05
3.755802924807608348e-05
3.757113494095938366e-05
3.758411473409918602e-05
3.759699742370378766e-05
3.760973241938348236e-05
3.762245406759238405e-05
3.763506848224838362e-05
3.764755104793218618e-05
3.766000105596138448e-05
3.767230265079848716e-05
3.768454882071838415e-05
3.769679527303308232e-05
3.770893775557778550e-05
3.772099639838288773e-05
3.773295197654298253e-05
3.774477024596638352e-05
3.775657347623478423e-05
3.776825648420188675e-05
3.777996343369248309e-05
3.779157116439958779e-05
3.780309522076728292e-05
3.781448650956578190e-05
3.782588386370888466e-05
3.783714313099448718e-05
3.784840341855508645e-05
3.785960285371538464e-05
3.787069973407758725e-05
3.788170947314608368e-05
3.789265877749598314e-05
3.790346789620698789e-05
3.791429932971878379e-05
3.792498166017458728e-05
3.793563552600528392e-05
3.794625462098428245e-05
3.795682313917778447e-05
3.796735531564108352e-05
3.797776659555538516e-05
3.798821167631458162e-05
3.799853238531918374e-05
3.800875802538318488e-05
3.801889465166858565e-05
3.802899323604928383e-05
3.803895780193888696e-05
3.804894761913438526e-05
3.805885003167928195e-05
3.806851690404238484e-05
3.807831944819798671e-05
3.808815057457348567e-05
3.809770100870788720e-05
3.810743180913738290e-05
3.811705950343878492e-05
3.812660623079368777e-05
3.813607385328288672e-05
3.814546055527578234e-05
3.815476401378988360e-05
3.816400691283208503e-05
3.817318297449658591e-05
3.818223018075308757e-05
3.819130989482198306e-05
3.820031847318888790e-05
3.820909518033038658e-05
3.821808789631458145e-05
3.822700176511628368e-05
3.823576746399518254e-05
3.824455143764708622e-05
3.825324236236358474e-05
3.826190466299698545e-05
3.827042853781318385e-05
3.827892540416058368e-05
3.828745031577328523e-05
3.829590035269738423e-05
3.830421148570438753e-05
3.831254725699178649e-05
3.832081239481328525e-05
3.832904497809218558e-05
3.833717420322298229e-05
3.834525395458058340e-05
3.835320654803388161e-05
3.836116105208408429e-05
3.836918573683208801e-05
3.837707051245008144e-05
3.838499306970138589e-05
3.839279903660168281e-05
3.840055017205618591e-05
3.840826515384608645e-05
3.841588946871588218e-05
3.842346888464498597e-05
3.843100162011448212e-05
3.843831156576278663e-05
3.844584406960508571e-05
3.845325896366218605e-05
3.846070111257058244e-05
3.846801575281698398e-05
3.847535852602788328e-05
3.848261636908828476e-05
3.848984082885628573e-05
3.849693102553688339e-05
3.850406711944358458e-05
3.851113251663348773e-05
3.851814202183608378e-05
3.852511527177618188e-05
3.853203529867698225e-05
3.853889261073708351e-05
3.854569676186278321e-05
3.855246405323908577e-05
3.855910837100198611e-05
3.856584226734508316e-05
3.857251625041388727e-05
3.857914834246788479e-05
3.858572756249748317e-05
3.859222625207408186e-05
3.859872635343388717e-05
3.860513394184038723e-05
3.861150696455868496e-05
3.861793641611478142e-05
3.862425049393198142e-05
3.863059902013438619e-05
3.863687936264238265e-05
3.864310845662638635e-05
3.864929678324928447e-05
3.865536789206248486e-05
3.866147706366288738e-05
3.866753472792388744e-05
3.867355506436258327e-05
3.867953821313528727e-05
3.868547587524418505e-05
3.869138339185328472e-05
3.869722591444398421e-05
3.870303757091928144e-05
3.870879743687458596e-05
3.871454023374498222e-05
3.872025207864108462e-05
3.872594212797838713e-05
3.873157429159568217e-05
3.873710582842788128e-05
3.874265805426668638e-05
3.874819165249888638e-05
3.875354046001958580e-05
3.875917721888788619e-05
3.876475295531088392e-05
3.877019051619668712e-05
3.877568344807708393e-05
3.878103041210408255e-05
3.878644956178778456e-05
3.879172846918698569e-05
3.879695988669678550e-05
3.880202350057198419e-05
3.880737972513728255e-05
3.881268053209398206e-05
3.881791127242678521e-05
3.882304855079928327e-05
3.882815458712738195e-05
3.883315117156808753e-05
3.883819752095268141e-05
3.884319425373638124e-05
3.884808581604608723e-05
3.885303888461388768e-05
3.885786752289218402e-05
3.886270893695268253e-05
3.886756286746148771e-05
3.887230805083108316e-05
3.887703776627538459e-05
3.888182388506068173e-05
3.888649476946158664e-05
3.889115775646828649e-05
3.889591180041618220e-05
3.890048853419978520e-05
3.890510283135048466e-05
3.890965864949998127e-05
3.891411710954378325e-05
3.891864064642708483e-05
3.892305394158668443e-05
3.892751530325808725e-05
3.893193503101368596e-05
3.893614887606018302e-05
3.894058330751388645e-05
3.894494989422378310e-05
3.894926770102548677e-05
3.895350526701318362e-05
3.895781906451468480e-05
3.896207766919748683e-05
3.896627388399848769e-05
3.897045986514668264e-05
3.897458887607218269e-05
3.897868378942928602e-05
3.898275955485128690e-05
3.898679189020508448e-05
3.899073898582528235e-05
3.899475402340918758e-05
3.899866887051738529e-05
3.900265811020628133e-05
3.900656784068218214e-05
3.901049817816558418e-05
3.901432877541678598e-05
3.901823878592198245e-05
3.902208126197138162e-05
3.902583435910308198e-05
