-1.985233470127266420e-23
-5.475987440301908515e-11
-6.732873321931905589e-11
-2.981426617611786004e-11
6.726130200928005944e-11
2.352634411298814566e-10
4.877102492366796345e-10
8.412264356161804252e-10
1.316098411026679810e-09
1.937103102749479717e-09
2.734656450228683852e-09
3.746263999332780277e-09
5.018453883470578629e-09
6.609236529195677975e-09
8.591368154251679922e-09
1.105654086425418251e-08
1.412109655244997798e-08
1.793337107909937933e-08
2.268365311487217811e-08
2.861756901883947866e-08
3.605406290532167803e-08
4.541013945810548320e-08
5.723496239917457689e-08
7.225717549094627440e-08
9.145239265701327815e-08
1.161391653291692934e-07
1.481177799690942817e-07
1.898654659282713006e-07
2.448276559609673155e-07
3.178689250950712873e-07
4.159878589794313108e-07
5.494578537342543139e-07
7.337661634213612411e-07
9.930292641870872599e-07
1.366313994573397358e-06
1.920121389935347170e-06
2.767603133897847105e-06
4.043197048871016665e-06
5.834719192822347408e-06
8.202954323309408080e-06
1.117585436252101786e-05
1.475436859953521709e-05
1.891311783951981929e-05
2.359622048530871726e-05
2.871650883764041961e-05
3.417369092930801580e-05
3.989942943772801837e-05
4.579929038420761905e-05
5.175838771773931752e-05
5.768178617971471845e-05
6.347669794233721174e-05
6.912318247272171521e-05
7.459339621264732202e-05
7.984852921724072087e-05
8.484987333900071370e-05
8.959955808878461144e-05
9.407448436355452155e-05
9.826538623942882229e-05
1.021741510575512209e-04
1.058280401197632148e-04
1.092351931528182232e-04
1.124215377176762123e-04
1.153930928757842232e-04
1.181643485610542218e-04
1.207634620965622230e-04
1.231983593089312225e-04
1.254898554801712172e-04
1.276530567368862183e-04
1.296879346630272251e-04
1.316173546458332053e-04
1.334409198211442156e-04
1.351776226444012313e-04
1.368316969158072272e-04
1.384072763547182212e-04
1.399172773021512212e-04
1.413667400143282186e-04
1.427615058575322244e-04
1.441011995946552243e-04
1.453930861330432250e-04
1.466403217861162183e-04
1.478497692211972099e-04
1.490200544585622050e-04
1.501557484167872179e-04
1.512570880708222199e-04
1.523273168332062166e-04
1.533670960753192062e-04
1.543791869213432112e-04
1.553652703069422218e-04
1.563267282271842097e-04
1.572643084100682127e-04
1.581787441763322130e-04
1.590767861111442173e-04
1.599625869708012123e-04
1.608371613748492120e-04
1.616977358946312092e-04
1.625453047374312220e-04
1.633786564872392107e-04
1.641999507515792085e-04
1.650083980789342263e-04
1.658037013581192170e-04
1.665853180804362222e-04
1.673552015635232230e-04
1.681132881460052197e-04
1.688586171278192263e-04
1.695913739612142049e-04
1.703133403352162067e-04
1.710231156503112056e-04
1.717213447660462288e-04
1.724075778034712112e-04
1.730819163302662277e-04
1.737461264279182237e-04
1.743959675955012128e-04
1.750343355571862226e-04
1.756620349345652094e-04
1.762790844255482283e-04
1.768855081731352159e-04
1.774823772565442201e-04
1.780684210717132262e-04
1.786444854878222182e-04
1.792103766504232125e-04
1.797662634492802267e-04
1.803108429225802189e-04
1.808458307482912108e-04
1.813718149179252093e-04
1.818869711700422259e-04
1.823956181458082125e-04
1.828938491253132199e-04
1.833832850575202206e-04
1.838647288359772207e-04
1.843367488887382181e-04
1.848009546684712214e-04
1.852569486942422130e-04
1.857051660032042230e-04
1.861453563277202063e-04
1.865787099883702211e-04
1.870034768996012287e-04
1.874207083324512242e-04
1.878312409415022212e-04
1.882354713757762241e-04
1.886312814364672066e-04
1.890196968797312087e-04
1.894025943696122304e-04
1.897791580481342048e-04
1.901490196914472288e-04
1.905128184420372276e-04
1.908701323057442078e-04
1.912215277137982146e-04
1.915674685281312133e-04
1.919073110794712145e-04
1.922412490871042189e-04
1.925697520795252224e-04
1.928924512824932089e-04
1.932096454708662225e-04
1.935219850053212240e-04
1.938298114826042203e-04
1.941318192608142200e-04
1.944287131571702156e-04
1.947206803269222180e-04
1.950074604977422045e-04
1.952900915443822182e-04
1.955672966243332295e-04
1.958397627435262234e-04
1.961079693994462116e-04
1.963716951704392059e-04
1.966309345862192253e-04
1.968862853297322112e-04
1.971366881960982169e-04
1.973839685371742126e-04
1.976272245143462117e-04
1.978663089945852278e-04
1.981011924017822296e-04
1.983324107055822120e-04
1.985601967674192219e-04
1.987847084415042174e-04
1.990046433862412232e-04
1.992214410064722214e-04
1.994344610233692082e-04
1.996441249058942093e-04
1.998502685535692269e-04
2.000533806440942105e-04
2.002533056787422284e-04
2.004498917459612308e-04
2.006429891007212296e-04
2.008334426690612171e-04
2.010204737239292211e-04
2.012049092122382063e-04
2.013860575534952128e-04
2.015643499899042151e-04
2.017397130002842080e-04
2.019122317855652157e-04
2.020820075231842181e-04
2.022490104596212277e-04
2.024129858290052203e-04
2.025748747170072299e-04
2.027342807942932132e-04
2.028909009664302092e-04
2.030452147862182215e-04
2.031969226523042192e-04
2.033465969928462179e-04
2.034938004772382167e-04
2.036389041783502108e-04
2.037815755225612141e-04
2.039219636559822153e-04
2.040601001032802059e-04
2.041961958631042129e-04
2.043305312926462067e-04
2.044621288665062061e-04
2.045924369474562128e-04
2.047204411846372224e-04
2.048463252672642237e-04
2.049703122431092278e-04
2.050923508800962260e-04
2.052122623185452218e-04
2.053305240636652267e-04
2.054468745372522108e-04
2.055614489945942094e-04
2.056744468221472172e-04
2.057857710581602144e-04
2.058956247560622254e-04
2.060035299992932179e-04
2.061097567108422087e-04
2.062145597485582152e-04
2.063177426010962261e-04
2.064193243257022301e-04
2.065190408708442312e-04
2.066176170923032047e-04
2.067147093237942134e-04
2.068105003648242068e-04
2.069048953005582145e-04
2.069982941387222078e-04
2.070894677996562257e-04
2.071794375363962093e-04
2.072680123477582139e-04
2.073553483952042292e-04
2.074414814867232078e-04
2.075265622208742177e-04
2.076106938223742275e-04
2.076928176761412223e-04
2.077739322861952285e-04
2.078539394031222163e-04
2.079329153658022273e-04
2.080108589622032135e-04
2.080877181521932054e-04
2.081634388742232102e-04
2.082380188095842282e-04
2.083115161712822082e-04
2.083842765960462133e-04
2.084556753501362158e-04
2.085262390901162241e-04
2.085953104674602302e-04
2.086641047655862140e-04
2.087318533691222245e-04
2.087985679965452264e-04
2.088643836339652100e-04
2.089292743063412097e-04
2.089932825632782052e-04
2.090566504847432170e-04
2.091185515946492144e-04
2.091798140234732049e-04
2.092404721038132053e-04
2.093001375126092285e-04
2.093589951903962205e-04
2.094170487596162084e-04
2.094744869407562111e-04
2.095311098438842293e-04
2.095868324476432294e-04
2.096419451981512141e-04
2.096962527150032134e-04
2.097499540227442272e-04
2.098028537309982306e-04
2.098552512356712126e-04
2.099067672065422119e-04
2.099577238036042198e-04
2.100082097911772137e-04
2.100578801590982311e-04
2.101069461693682206e-04
2.101552836374672285e-04
2.102031730020232226e-04
2.102502205910122140e-04
2.102968631274852089e-04
2.103427912062502290e-04
2.103881084806412101e-04
2.104329605043552313e-04
2.104772158492202090e-04
2.105210526924372182e-04
2.105643561777692161e-04
2.106071335594922127e-04
2.106492861410522134e-04
2.106911707445902255e-04
2.107323684314322144e-04
2.107731055885582244e-04
2.108133344571402217e-04
2.108531534491062272e-04
2.108924905507642206e-04
2.109315344374532262e-04
2.109699067065242122e-04
2.110079141670172123e-04
2.110455080252792164e-04
2.110826386738052173e-04
2.111192666182642053e-04
2.111555152158322169e-04
2.111914087169902156e-04
2.112269051680052063e-04
2.112620116307432276e-04
2.112966260780212179e-04
2.113307533792292247e-04
2.113647682899272198e-04
2.113982383986812055e-04
2.114314861201362127e-04
2.114642773350302056e-04
2.114967559881142140e-04
2.115289216847302174e-04
2.115606664230402199e-04
2.115920543578362148e-04
2.116231991987312165e-04
2.116539076437152199e-04
2.116844719888192185e-04
2.117146133227562155e-04
2.117445630160252239e-04
2.117739869323542073e-04
2.118032723075202197e-04
2.118321432969652097e-04
2.118608678212282302e-04
2.118891323946832058e-04
2.119171874035472134e-04
2.119449703313412258e-04
2.119725749093012051e-04
2.119999342836432219e-04
2.120270005975092057e-04
2.120537018138142276e-04
2.120801940450712055e-04
2.121065878183482146e-04
2.121325645670892263e-04
2.121582633068352084e-04
2.121838179675402292e-04
2.122090754164312251e-04
2.122341967155822200e-04
2.122590948350922143e-04
2.122836235228772240e-04
2.123080947504772133e-04
2.123321927871932183e-04
2.123560338470972147e-04
2.123798012280482170e-04
2.124032666627612143e-04
2.124266043581822213e-04
2.124496443916912096e-04
2.124726192893182126e-04
2.124952863029172100e-04
2.125179132593392310e-04
2.125401504278062194e-04
2.125623247438552220e-04
2.125842429907252070e-04
2.126059811785432137e-04
2.126276354245132275e-04
2.126491077441502206e-04
2.126703189977862296e-04
2.126914043371252105e-04
2.127123130875352192e-04
2.127330090518032228e-04
2.127536464005472250e-04
2.127739639608182084e-04
2.127942114645682233e-04
2.128142099744072182e-04
2.128340693224512240e-04
2.128538833996672093e-04
2.128735095842162204e-04
2.128929147642382152e-04
2.129122435283742213e-04
2.129313746531722265e-04
2.129503898599792054e-04
2.129692130742002110e-04
2.129878969380992178e-04
2.130064375599682251e-04
2.130248601500242306e-04
2.130431733308702186e-04
2.130611661196592189e-04
2.130791808268702120e-04
2.130970811661422307e-04
2.131147681235792072e-04
2.131322931029072253e-04
2.131498034560592135e-04
2.131671830077422076e-04
2.131843708556502228e-04
2.132014644393232297e-04
2.132185223981442100e-04
2.132354588903022092e-04
2.132522440971512212e-04
2.132688962322312157e-04
2.132853699574042180e-04
2.133018492072402228e-04
2.133181795433862276e-04
2.133343837470372132e-04
2.133505481518862222e-04
2.133665795298032050e-04
2.133824407925132189e-04
2.133982674480852226e-04
2.134139645168022263e-04
2.134294793161922114e-04
2.134450141732162169e-04
2.134603799902102291e-04
2.134757748688842244e-04
2.134909149117882206e-04
2.135060451545592081e-04
2.135210065807392266e-04
2.135359205576472217e-04
2.135507276318352235e-04
2.135654082906612145e-04
2.135799109124552296e-04
2.135943650190922109e-04
2.136087835896462183e-04
2.136231282392042196e-04
2.136373025720752247e-04
2.136515350568542150e-04
2.136656211534962142e-04
2.136795778383592046e-04
2.136935292738122117e-04
2.137073292736472129e-04
2.137210203047792295e-04
2.137346999614682191e-04
2.137482804210852111e-04
2.137617749398232239e-04
2.137751955794762310e-04
2.137885449080692080e-04
2.138018157053072092e-04
2.138149286946062122e-04
2.138280592307912242e-04
2.138410173764352122e-04
2.138540087869452138e-04
2.138669776151082258e-04
2.138796853054642216e-04
2.138923907711542092e-04
2.139049698845672213e-04
2.139174783384932099e-04
2.139300064599882313e-04
2.139424262226512273e-04
2.139548799493402051e-04
2.139671646834402175e-04
2.139793541274612068e-04
2.139915757872752177e-04
2.140036435011322266e-04
2.140154614362762230e-04
2.140275067671302287e-04
2.140394263599552233e-04
2.140512111371872296e-04
2.140629315368882063e-04
2.140746378506962221e-04
2.140863819254842091e-04
2.140979635616692086e-04
2.141093927601202230e-04
2.141209012994362243e-04
2.141322545635162243e-04
2.141437127944242056e-04
2.141549230476882070e-04
2.141659774907632115e-04
2.141771962872102196e-04
2.141882157539552051e-04
2.141992179700302225e-04
2.142101464205402133e-04
2.142211855941512206e-04
2.142321015078012063e-04
2.142429525426482056e-04
2.142536648797042139e-04
2.142643742861692310e-04
2.142749466254022261e-04
2.142855961313182311e-04
2.142962688007062175e-04
2.143067278061362311e-04
2.143172498423832201e-04
2.143275269027082282e-04
2.143378702098722242e-04
2.143481695828052111e-04
2.143583398396002235e-04
2.143684480708102098e-04
2.143785174117862266e-04
2.143884942716892052e-04
2.143984798789652082e-04
2.144083380549172276e-04
2.144182085574202140e-04
2.144279722541842241e-04
2.144375866828622241e-04
2.144472947971322232e-04
2.144570393757172153e-04
2.144667331471522163e-04
2.144763660111082058e-04
2.144859103608762186e-04
2.144954573759932112e-04
2.145048990715562091e-04
2.145143178294132188e-04
2.145236621385732112e-04
2.145329141345572201e-04
2.145422718611652191e-04
2.145514268584892287e-04
2.145605430306702136e-04
2.145698025920482260e-04
2.145787713794092050e-04
2.145876894295082173e-04
2.145965296743012219e-04
2.146053984828252240e-04
2.146140728671452219e-04
2.146228241872752103e-04
2.146315388132922271e-04
2.146401008611842234e-04
2.146488495234202061e-04
2.146574597582432103e-04
2.146659408003852201e-04
2.146745997698662164e-04
2.146830542915952175e-04
2.146914240141662073e-04
2.146998863457582078e-04
2.147082678967642119e-04
2.147166510549452210e-04
2.147249362878882162e-04
2.147332218976982061e-04
2.147413689487692235e-04
2.147496231312812206e-04
2.147576958685122172e-04
2.147659850768412050e-04
2.147738858453662161e-04
2.147817730039122252e-04
2.147897105966562305e-04
2.147974422465222233e-04
2.148053783962072046e-04
2.148132324318292137e-04
2.148210463148072093e-04
2.148286998751922213e-04
2.148365113350982200e-04
2.148441100594872179e-04
2.148517808323262127e-04
2.148593972496622259e-04
2.148670427109052213e-04
2.148746177614822307e-04
2.148819961311212111e-04
2.148896185048022065e-04
2.148970762709032209e-04
2.149045657732272057e-04
2.149119830961052308e-04
2.149193063736772079e-04
2.149266225206002221e-04
2.149339059230302197e-04
2.149410704432232091e-04
2.149480906141892098e-04
2.149551592452002150e-04
2.149623298876142071e-04
2.149694532752412289e-04
2.149764866916772173e-04
2.149833862289632250e-04
2.149903136333192123e-04
2.149971833496892198e-04
2.150041776965292068e-04
2.150110442494792217e-04
2.150177832913692305e-04
2.150245881902882166e-04
2.150313733394332294e-04
2.150379775603972221e-04
2.150445930379032186e-04
2.150511407766342309e-04
2.150577903710692088e-04
2.150644060460462053e-04
2.150709059456192083e-04
2.150771703024722257e-04
2.150836528597062109e-04
2.150903372582792217e-04
2.150966740001132235e-04
2.151031181160412164e-04
2.151094165740152222e-04
2.151156737665182073e-04
2.151218208394142101e-04
2.151280364219042068e-04
2.151343215321552206e-04
2.151403970251932157e-04
2.151464367126662092e-04
2.151527768856192067e-04
2.151587775483712183e-04
2.151648566759102252e-04
2.151708458683232082e-04
2.151768440822022198e-04
2.151828147757992255e-04
2.151887446224042097e-04
2.151946851315842107e-04
2.152005755089342093e-04
2.152063725096742155e-04
2.152121864171952100e-04
2.152180099480242143e-04
2.152238630877772280e-04
2.152294922317502283e-04
2.152352244134362203e-04
2.152408162564122126e-04
2.152463911364742213e-04
2.152520144713932187e-04
2.152576287191612084e-04
2.152631901652962048e-04
2.152686343425642209e-04
2.152741884452012287e-04
2.152796165195272127e-04
2.152850773124542186e-04
2.152904157102362070e-04
2.152957634274642079e-04
2.153010844651222244e-04
2.153065008609362097e-04
2.153117734362122238e-04
2.153170880258752160e-04
2.153222228750522314e-04
2.153277408802992154e-04
2.153327619497152272e-04
2.153378276240472183e-04
2.153428508321062254e-04
2.153480184853432192e-04
2.153530727600192244e-04
2.153581217098522055e-04
2.153632294225802084e-04
2.153682235567042243e-04
2.153731822483842301e-04
2.153779537802102148e-04
2.153829287497052269e-04
2.153877391290042202e-04
2.153925931048172263e-04
2.153973919585992151e-04
2.154022549721992059e-04
2.154071658501562059e-04
2.154119673140572112e-04
2.154166751799922231e-04
2.154214058751922163e-04
2.154261655949532301e-04
2.154307389046702134e-04
2.154354421503242066e-04
2.154400910055942117e-04
2.154445969517592297e-04
2.154491490224472313e-04
2.154537007905892130e-04
2.154580770729982075e-04
2.154626480999822147e-04
2.154671972502422109e-04
2.154716888898542163e-04
2.154761295567342186e-04
2.154804222549102266e-04
2.154848579666532066e-04
2.154892743271452247e-04
2.154937301579172061e-04
2.154980980101422138e-04
2.155023218185562171e-04
2.155066099278492135e-04
2.155107759358042177e-04
2.155151017501252245e-04
2.155194403517232194e-04
2.155236568267582286e-04
2.155278366163522301e-04
2.155319513156032311e-04
2.155360342766472260e-04
2.155401488650392054e-04
2.155442006481612211e-04
2.155484479797922087e-04
2.155524693967932298e-04
2.155564545570642107e-04
2.155603434539052116e-04
2.155642570987102258e-04
2.155681209523392292e-04
2.155720157198412295e-04
2.155758879643852302e-04
2.155796468372832297e-04
2.155835593146162275e-04
2.155873729652132054e-04
2.155909363270212212e-04
2.155947232889222139e-04
2.155984065292712159e-04
2.156019921673392242e-04
2.156057469163972281e-04
2.156093095030782111e-04
2.156130854560462079e-04
2.156166255521882187e-04
2.156202499344742117e-04
2.156237424114812147e-04
2.156274002200232200e-04
2.156309451810752194e-04
2.156344701609162241e-04
2.156380707645842265e-04
2.156417128373332192e-04
2.156452520426732308e-04
2.156488223207192283e-04
2.156524197526342229e-04
2.156558362817362243e-04
2.156592769869722208e-04
2.156627259874282240e-04
2.156664028304532306e-04
2.156696533795862051e-04
2.156729045019982070e-04
2.156763154199362227e-04
2.156795291644142247e-04
2.156827829445452150e-04
2.156861005456742252e-04
2.156895360996962123e-04
2.156926477322532176e-04
2.156958115532542190e-04
2.156989786247782265e-04
2.157021590841522261e-04
2.157054018111362120e-04
2.157085925866522222e-04
2.157117558539512283e-04
2.157149606366882131e-04
2.157180290578062070e-04
2.157212253885212047e-04
2.157243229831772144e-04
2.157273180970052282e-04
2.157302898748252300e-04
2.157333336233812162e-04
2.157363214294642176e-04
2.157394091147702211e-04
2.157423644797062045e-04
2.157452526103872134e-04
2.157482289000252178e-04
2.157511985117472166e-04
2.157541635687372169e-04
2.157570182103312069e-04
2.157598814073872270e-04
2.157627216429052212e-04
2.157656125255952187e-04
2.157686596379992233e-04
2.157713332370902299e-04
2.157739706443592091e-04
2.157766609697562112e-04
2.157794400419492311e-04
2.157820729806482192e-04
