-3.996802888650563546e-15
-5.137886500413912927e-03
-1.032170232699392010e-02
-1.555997843077383536e-02
-2.086239687855395708e-02
-2.623986240166398254e-02
-3.170469884825388718e-02
-3.727118799493389645e-02
-4.295532118255396270e-02
-4.877480742649398238e-02
-5.474956557149379677e-02
-6.090172604854382499e-02
-6.725621922528390861e-02
-7.384101598692383028e-02
-8.068777284153383356e-02
-8.783203323954391628e-02
-9.531431074790397417e-02
-1.031805310631639383e-01
-1.114831079612439435e-01
-1.202822354138239902e-01
-1.296470993353338041e-01
-1.396578505022139094e-01
-1.504079100363640009e-01
-1.620067209320739110e-01
-1.745838923248439478e-01
-1.882938906973239401e-01
-2.033190274797438413e-01
-2.198745318468839915e-01
-2.382218776344038336e-01
-2.586867577973139820e-01
-2.816783186056939225e-01
-3.077197296252338621e-01
-3.375019617732140098e-01
-3.719613471373539593e-01
-4.124092477526140055e-01
-4.607572212559238878e-01
-5.186594189324038595e-01
-5.819902281202939953e-01
-6.496276116978738635e-01
-7.201257127263438473e-01
-7.921800186898237950e-01
-8.646424908931940045e-01
-9.363674393662739792e-01
-1.006326928260120823e+00
-1.073427452035538909e+00
-1.137469286322235984e+00
-1.198097053768057751e+00
-1.254746791318381849e+00
-1.307208451685134776e+00
-1.355188044155190896e+00
-1.399053454429828758e+00
-1.439100410478444836e+00
-1.475472873001542951e+00
-1.508254131706125989e+00
-1.537757475320569833e+00
-1.564130028287024965e+00
-1.587549428844369004e+00
-1.608252002959214000e+00
-1.626568279196782818e+00
-1.642733405177316808e+00
-1.657006657753551826e+00
-1.669561227809518877e+00
-1.680588497557949923e+00
-1.690304872077218912e+00
-1.698853310740373823e+00
-1.706391056197070988e+00
-1.713039854395012940e+00
-1.718879156720556800e+00
-1.724030229744071940e+00
-1.728560945131783821e+00
-1.732567680685810796e+00
-1.736107690293927863e+00
-1.739234813851828987e+00
-1.742015674058889907e+00
-1.744493163124239965e+00
-1.746702170164626811e+00
-1.748666411713865942e+00
-1.750422803942288885e+00
-1.751999459444478990e+00
-1.753423165672963968e+00
-1.754704306071539932e+00
-1.755861328934877008e+00
-1.756905614090278789e+00
-1.757851773421912789e+00
-1.758710094276259905e+00
-1.759493286182445937e+00
-1.760210917669536856e+00
-1.760870307604267992e+00
-1.761477348268150944e+00
-1.762038612362077927e+00
-1.762562988660886898e+00
-1.763088485518599979e+00
-1.763633864619002845e+00
-1.764188309990167847e+00
-1.764747867209338850e+00
-1.765308597034757954e+00
-1.765871364447956893e+00
-1.766432570675655844e+00
-1.766990017715868833e+00
-1.767542801162770960e+00
-1.768093038774758874e+00
-1.768638639531668000e+00
-1.769176483208702910e+00
-1.769706570881640850e+00
-1.770230127692682842e+00
-1.770743775200690928e+00
-1.771245879080853847e+00
-1.771734543875397971e+00
-1.772210189524087820e+00
-1.772672763574221877e+00
-1.773116317457102964e+00
-1.773546349504775854e+00
-1.773965609964838874e+00
-1.774374302694083916e+00
-1.774771951125292846e+00
-1.775158192748078845e+00
-1.775530933475535811e+00
-1.775890952746314921e+00
-1.776237442250368836e+00
-1.776569849837504877e+00
-1.776887244799380872e+00
-1.777192794794449915e+00
-1.777487971651072973e+00
-1.777771866571275838e+00
-1.778048848723383868e+00
-1.778313396115488887e+00
-1.778568040786463911e+00
-1.778814366043847794e+00
-1.779050939830582934e+00
-1.779280058084933946e+00
-1.779501411049263959e+00
-1.779715215209269008e+00
-1.779921422596483893e+00
-1.780121227570300002e+00
-1.780312777728493945e+00
-1.780498242503729900e+00
-1.780678890658315972e+00
-1.780853786367901925e+00
-1.781020605036626847e+00
-1.781182359434140938e+00
-1.781341436574497950e+00
-1.781496179062970864e+00
-1.781646233361253939e+00
-1.781792272888513828e+00
-1.781934216393114889e+00
-1.782073119961148810e+00
-1.782209184289295978e+00
-1.782341080794934030e+00
-1.782469259173045995e+00
-1.782594587509021888e+00
-1.782716686359874902e+00
-1.782836510213953840e+00
-1.782954938753926966e+00
-1.783070988444380944e+00
-1.783182848886916805e+00
-1.783291565264789824e+00
-1.783397563986930834e+00
-1.783500807749775818e+00
-1.783602001090146993e+00
-1.783700012495534004e+00
-1.783795959472680881e+00
-1.783890424766814808e+00
-1.783983244944003843e+00
-1.784074514796497812e+00
-1.784164674343934998e+00
-1.784253106944193812e+00
-1.784341477719746827e+00
-1.784428039058656879e+00
-1.784512583918952844e+00
-1.784595600926270897e+00
-1.784677825375987847e+00
-1.784759388909956890e+00
-1.784839735816089901e+00
-1.784917409083461859e+00
-1.784994139570750926e+00
-1.785069460498304839e+00
-1.785143764920054998e+00
-1.785217041810568839e+00
-1.785289725763494983e+00
-1.785361327521167940e+00
-1.785431446489446961e+00
-1.785500173784770883e+00
-1.785568336894404862e+00
-1.785634979333866834e+00
-1.785700706152823836e+00
-1.785764942326070859e+00
-1.785828154403698909e+00
-1.785890253146483975e+00
-1.785951326638364867e+00
-1.786011410500491836e+00
-1.786070495106800937e+00
-1.786128832885987894e+00
-1.786187148492981880e+00
-1.786244577597149830e+00
-1.786300987969293930e+00
-1.786356911525422975e+00
-1.786412170241331809e+00
-1.786467230860050881e+00
-1.786521554599178829e+00
-1.786575277232401948e+00
-1.786628038057165968e+00
-1.786680102644616852e+00
-1.786731598254069908e+00
-1.786782734086027835e+00
-1.786833450437568915e+00
-1.786882961277375781e+00
-1.786932554270488804e+00
-1.786980728948226016e+00
-1.787027658630589988e+00
-1.787073875382606980e+00
-1.787119301739217958e+00
-1.787163938739908975e+00
-1.787208277820765856e+00
-1.787252079990822917e+00
-1.787295550568416935e+00
-1.787338840441754950e+00
-1.787381734865484795e+00
-1.787424129302376929e+00
-1.787465503386731935e+00
-1.787506296112356008e+00
-1.787546756331322984e+00
-1.787586562868259898e+00
-1.787625668644056809e+00
-1.787664147118642965e+00
-1.787702814759262848e+00
-1.787741057792427979e+00
-1.787778860416746829e+00
-1.787816149594011916e+00
-1.787852799546433946e+00
-1.787887559646965885e+00
-1.787921793919716951e+00
-1.787955754607197800e+00
-1.787989612986131904e+00
-1.788023408782631885e+00
-1.788057053075578828e+00
-1.788090124335774966e+00
-1.788121757591886851e+00
-1.788153346378730024e+00
-1.788184962287616919e+00
-1.788216526479005974e+00
-1.788247877305567002e+00
-1.788278801254066908e+00
-1.788309205341210850e+00
-1.788339142923753844e+00
-1.788368753822707991e+00
-1.788398099547156894e+00
-1.788426603104297907e+00
-1.788454853243703901e+00
-1.788482611419222934e+00
-1.788510942398518822e+00
-1.788538743248933915e+00
-1.788565993622687866e+00
-1.788592844267980819e+00
-1.788619253725951985e+00
-1.788645225999558885e+00
-1.788670723278398933e+00
-1.788695130997699945e+00
-1.788719576705333880e+00
-1.788743977891957826e+00
-1.788767882647069873e+00
-1.788791555357723828e+00
-1.788814977798368844e+00
-1.788838193079483885e+00
-1.788860854812099888e+00
-1.788883054059100974e+00
-1.788905179909428877e+00
-1.788926949334150862e+00
-1.788948570691593964e+00
-1.788969968269112920e+00
-1.788991268719280825e+00
-1.789012132963056834e+00
-1.789032947693598885e+00
-1.789053555789291927e+00
-1.789073555875500876e+00
-1.789093188483786845e+00
-1.789112427250870940e+00
-1.789131510803565916e+00
-1.789150090730450948e+00
-1.789168568110814928e+00
-1.789186663835216962e+00
-1.789204601166806796e+00
-1.789222460676267890e+00
-1.789240174575041920e+00
-1.789257903267061911e+00
-1.789275357469287009e+00
-1.789292446545427850e+00
-1.789309234516060831e+00
-1.789326059773687971e+00
-1.789342484023545898e+00
-1.789358776418743968e+00
-1.789374894964519846e+00
-1.789390925716341840e+00
-1.789406815643066029e+00
-1.789422492613114812e+00
-1.789437655745006905e+00
-1.789452708370714795e+00
-1.789467456879829887e+00
-1.789481868912591978e+00
-1.789496090966459008e+00
-1.789510225491307782e+00
-1.789524137986868935e+00
-1.789537771455607995e+00
-1.789551176792968823e+00
-1.789564288196203945e+00
-1.789577287666871852e+00
-1.789590438296997821e+00
-1.789603259991732864e+00
-1.789616006139559845e+00
-1.789628429206937987e+00
-1.789640742576687815e+00
-1.789652908129272024e+00
-1.789664805085788846e+00
-1.789676588257712808e+00
-1.789688317602461831e+00
-1.789699834362057818e+00
-1.789711395475015010e+00
-1.789722665547736957e+00
-1.789733807258794940e+00
-1.789744583585602955e+00
-1.789755344156993999e+00
-1.789765847179462854e+00
-1.789776378019305003e+00
-1.789786701422294790e+00
-1.789797055044559881e+00
-1.789807310431241971e+00
-1.789817505050509849e+00
-1.789827543216385930e+00
-1.789837369379791987e+00
-1.789847025113973977e+00
-1.789856663405249959e+00
-1.789866237545034933e+00
-1.789875491719392864e+00
-1.789884678569512833e+00
-1.789893873218814990e+00
-1.789902907674588928e+00
-1.789911899955223928e+00
-1.789920663253880884e+00
-1.789929193618146952e+00
-1.789937707517885945e+00
-1.789945881694028795e+00
-1.789954013806134947e+00
-1.789962224051044881e+00
-1.789970259952720966e+00
-1.789978271776942798e+00
-1.789986134020262964e+00
-1.789994044082011015e+00
-1.790001753478146940e+00
-1.790009453547273921e+00
-1.790016850528136860e+00
-1.790024288945416986e+00
-1.790031579440227949e+00
-1.790038900186915916e+00
-1.790046238521767918e+00
-1.790053394066702941e+00
-1.790060388399553837e+00
-1.790067323790576870e+00
-1.790074111555034930e+00
-1.790080810850674942e+00
-1.790087460830732002e+00
-1.790093826130053856e+00
-1.790100174073084860e+00
-1.790106360914599959e+00
-1.790112610712374819e+00
-1.790118894436089958e+00
-1.790124979447872855e+00
-1.790130948594550020e+00
-1.790136888053637909e+00
-1.790142585864857860e+00
-1.790148143216509835e+00
-1.790153571887056927e+00
-1.790158950035978913e+00
-1.790164288345702959e+00
-1.790169577400406942e+00
-1.790174763528148860e+00
-1.790179749753000982e+00
-1.790184846570980870e+00
-1.790189836171977911e+00
-1.790194697092875931e+00
-1.790199597007102961e+00
-1.790204608962017829e+00
-1.790209463149385893e+00
-1.790214191156700885e+00
-1.790219042175420938e+00
-1.790223976898049907e+00
-1.790228739993724005e+00
-1.790233270894251882e+00
-1.790237689890422867e+00
-1.790242114972597998e+00
-1.790246640419034918e+00
-1.790251058165345022e+00
-1.790255478500041963e+00
-1.790259900575631891e+00
-1.790264173154277882e+00
-1.790268375685140967e+00
-1.790272581661358942e+00
-1.790276593918914028e+00
-1.790280475328391852e+00
-1.790284498442468841e+00
-1.790288460958595840e+00
-1.790292459496968913e+00
-1.790296264213167010e+00
-1.790300038593009901e+00
-1.790303622736832967e+00
-1.790307178345629913e+00
-1.790310641329942998e+00
-1.790313999979299853e+00
-1.790317301560339969e+00
-1.790320677972185859e+00
-1.790324112969952974e+00
-1.790327531349146906e+00
-1.790330871625927855e+00
-1.790334333215071849e+00
-1.790337594357577888e+00
-1.790340765259109013e+00
-1.790343981857818845e+00
-1.790347007155739911e+00
-1.790349988567759842e+00
-1.790353049150943843e+00
-1.790355983011163943e+00
-1.790358844729569965e+00
-1.790361712496472801e+00
-1.790364569235791903e+00
-1.790367391323314017e+00
-1.790370160173659908e+00
-1.790372980758550003e+00
-1.790375687658245951e+00
-1.790378463645437845e+00
-1.790381126357459829e+00
-1.790383560790265838e+00
-1.790386026027458888e+00
-1.790388388875273851e+00
-1.790390806073961949e+00
-1.790393341007933792e+00
-1.790395819826050783e+00
-1.790398377809080843e+00
-1.790400770999114988e+00
-1.790403112469334923e+00
-1.790405490096877994e+00
-1.790407637253820905e+00
-1.790409715267134994e+00
-1.790412154614305917e+00
-1.790414408021689940e+00
-1.790416510889465851e+00
-1.790418707990981906e+00
-1.790421085006390856e+00
-1.790423485278251015e+00
-1.790425595981530948e+00
-1.790427603173058824e+00
-1.790429753039307847e+00
-1.790431788124610790e+00
-1.790433894575411911e+00
-1.790435740257235953e+00
-1.790437622627946812e+00
-1.790439670628244828e+00
-1.790441459954006831e+00
-1.790443383237904973e+00
-1.790445433582590784e+00
-1.790447623420006851e+00
-1.790449633985523814e+00
-1.790451581034735895e+00
-1.790453457207206833e+00
-1.790455434088977782e+00
-1.790457404037986811e+00
-1.790459524471011976e+00
-1.790461604686640840e+00
-1.790463398152212893e+00
-1.790465168004859997e+00
-1.790466623299181936e+00
-1.790468142883793856e+00
-1.790469631486602875e+00
-1.790470989165525939e+00
-1.790472326774801948e+00
-1.790473662689347822e+00
-1.790474973622795840e+00
-1.790476329629717922e+00
-1.790477628510033892e+00
-1.790479015945015906e+00
-1.790480423812480959e+00
-1.790481901018966981e+00
-1.790483477740701934e+00
-1.790485010743981809e+00
-1.790486582314556818e+00
-1.790488085898227943e+00
-1.790489500060571837e+00
-1.790490911630805870e+00
-1.790492214140047889e+00
-1.790493484605615970e+00
-1.790494647401835948e+00
-1.790495818168625908e+00
-1.790497111735215974e+00
-1.790498209456548917e+00
-1.790499315267569891e+00
-1.790500395474906803e+00
-1.790501021214542909e+00
-1.790501580538678805e+00
-1.790502120100003980e+00
-1.790502738744191857e+00
-1.790503297398057914e+00
-1.790504015312333941e+00
-1.790504740038212805e+00
-1.790505524138372939e+00
-1.790506633195479980e+00
-1.790507675216229888e+00
-1.790508745004314894e+00
-1.790509902295089883e+00
-1.790510693099860884e+00
-1.790511543048766807e+00
-1.790512578879991823e+00
-1.790513565157069831e+00
-1.790514602542400802e+00
-1.790515605599317883e+00
-1.790516595926523902e+00
-1.790517488829761916e+00
-1.790518484522802822e+00
-1.790519234014178895e+00
-1.790520015778573892e+00
-1.790520374301806994e+00
-1.790520797796961938e+00
-1.790521384174495800e+00
-1.790521976278525829e+00
-1.790522911053417987e+00
-1.790523818084393870e+00
-1.790524742235039879e+00
-1.790525639198727870e+00
-1.790526556213047904e+00
-1.790527166773656864e+00
-1.790527990397497993e+00
-1.790528893464578886e+00
-1.790529842448642883e+00
-1.790530702369960814e+00
-1.790531558973303961e+00
-1.790532736062772967e+00
-1.790533762440059906e+00
-1.790534760378021950e+00
-1.790535540970199957e+00
-1.790536162364197992e+00
-1.790536787997322854e+00
-1.790537361917045933e+00
-1.790537831275584857e+00
-1.790538261617225846e+00
-1.790538892735855869e+00
-1.790539658929434896e+00
-1.790540289528555817e+00
-1.790540799496081803e+00
-1.790541251467051787e+00
-1.790541807418194908e+00
-1.790542396068556918e+00
-1.790543080152413813e+00
-1.790543521949582884e+00
-1.790543876809967960e+00
-1.790544365332482846e+00
-1.790544806857111926e+00
-1.790545108421278009e+00
-1.790545493456719983e+00
-1.790545938635550893e+00
-1.790546546958041940e+00
-1.790547006403292896e+00
-1.790547253725621957e+00
-1.790547432109024895e+00
-1.790548059610344911e+00
-1.790548797269158943e+00
-1.790549085507931792e+00
-1.790549471995033892e+00
-1.790549728417179853e+00
-1.790549967097218920e+00
-1.790550247015501029e+00
-1.790550733913864878e+00
-1.790551304164981872e+00
-1.790551801855504888e+00
-1.790552373593818913e+00
-1.790553056877465021e+00
-1.790553406160362959e+00
-1.790553776658091900e+00
-1.790553989253327982e+00
-1.790554309171360936e+00
-1.790554679162361884e+00
-1.790555085791387002e+00
-1.790555553446739889e+00
-1.790555991991557905e+00
-1.790556408593917848e+00
-1.790556955256987992e+00
-1.790557529426475947e+00
-1.790558026578151996e+00
-1.790558353543391990e+00
-1.790558677242804819e+00
-1.790558764958015914e+00
-1.790559004876408844e+00
-1.790559384188062930e+00
-1.790559740153423007e+00
-1.790560041829655002e+00
-1.790560312080166971e+00
-1.790560712565409940e+00
-1.790560924959221811e+00
-1.790561139656581924e+00
-1.790561340767067966e+00
-1.790561630617992783e+00
-1.790561965409871004e+00
-1.790562420156580847e+00
-1.790562773575527844e+00
-1.790563203011988902e+00
-1.790563578277439838e+00
-1.790564128831884982e+00
-1.790563958466607986e+00
-1.790563852088947971e+00
-1.790563904344181889e+00
-1.790564176562186027e+00
-1.790564420777740029e+00
-1.790564702379215944e+00
-1.790565040663716800e+00
-1.790565245303353814e+00
-1.790565397934676950e+00
-1.790565541179293785e+00
-1.790565864099691984e+00
-1.790565960551542934e+00
-1.790566182508754878e+00
-1.790566466953525948e+00
-1.790566895002664971e+00
-1.790567312103407804e+00
-1.790567570618979865e+00
-1.790567763765450904e+00
-1.790567998003303796e+00
-1.790568184471852842e+00
-1.790568242666328969e+00
-1.790568450321032845e+00
-1.790568574772529953e+00
-1.790568605599928809e+00
-1.790568776351456837e+00
-1.790569000701091928e+00
-1.790569213938682847e+00
-1.790569676383960918e+00
-1.790570046227863976e+00
-1.790570325674915919e+00
-1.790570552345273958e+00
-1.790570784678256810e+00
-1.790571283255966817e+00
-1.790571811359259913e+00
-1.790572306819216974e+00
-1.790572543044719023e+00
-1.790572621277740861e+00
-1.790572822834444855e+00
-1.790573028407418832e+00
-1.790573505797678822e+00
-1.790573958472721827e+00
-1.790574229411108886e+00
-1.790574399160328900e+00
-1.790574473009241885e+00
-1.790574587181374966e+00
-1.790574789350289908e+00
-1.790575001992429804e+00
-1.790575306049668969e+00
-1.790575257465343961e+00
-1.790575095439502995e+00
-1.790574862087819907e+00
-1.790574694104483999e+00
-1.790574530671146913e+00
-1.790574441651562987e+00
-1.790574367018051838e+00
-1.790574297411894999e+00
-1.790574358651368936e+00
-1.790574182179273999e+00
-1.790573831306769836e+00
-1.790573626723350964e+00
-1.790573200699889789e+00
-1.790572882097100971e+00
-1.790572826454031929e+00
-1.790572702897849977e+00
-1.790572816563788860e+00
-1.790572769224968885e+00
-1.790572942203648932e+00
-1.790573135450728826e+00
-1.790573389586598951e+00
-1.790573420672285865e+00
-1.790573620316084025e+00
-1.790574084975042890e+00
-1.790574645972049961e+00
-1.790575127962640956e+00
-1.790575616540416970e+00
-1.790576022293064895e+00
-1.790576273487358927e+00
-1.790576594231942931e+00
-1.790576978870495939e+00
-1.790577396723718850e+00
-1.790577212069969004e+00
-1.790577115379389905e+00
-1.790577234351070857e+00
-1.790577147011666925e+00
-1.790577196216712963e+00
-1.790577389739590908e+00
-1.790577490500552926e+00
-1.790577246812724788e+00
-1.790577201067949931e+00
-1.790577298598214906e+00
-1.790577578557202010e+00
-1.790577948639674899e+00
-1.790578253486890814e+00
-1.790578547063615966e+00
-1.790578842046302022e+00
-1.790579087849027973e+00
-1.790579335068333888e+00
-1.790579279464903806e+00
-1.790579159069114912e+00
-1.790579130737457891e+00
-1.790579204421169912e+00
-1.790579243239329932e+00
-1.790579390605167021e+00
-1.790579394797009005e+00
-1.790579412695679995e+00
-1.790579617367923815e+00
-1.790579832445907016e+00
-1.790580006781262945e+00
-1.790580095560440954e+00
-1.790580202838588875e+00
-1.790580317955313916e+00
-1.790580473195158007e+00
-1.790580530133735859e+00
-1.790580081004624846e+00
-1.790579666928953984e+00
-1.790579459962095887e+00
-1.790579392286124838e+00
-1.790579332233498855e+00
-1.790579444175975921e+00
