1.998401444325281773e-15
-5.030109604738042250e-03
-1.011284671681811353e-02
-1.525767506066810775e-02
-2.047515877542793739e-02
-2.577709892044799389e-02
-3.117648956952789874e-02
-3.668768563061797217e-02
-4.232690217940793254e-02
-4.811246148359793473e-02
-5.406504943727807877e-02
-6.020805588940802977e-02
-6.656789582235811409e-02
-7.317445332739791475e-02
-8.006157260851809454e-02
-8.726766438866806475e-02
-9.483643246634798629e-02
-1.028177308510680454e-01
-1.112686464942180820e-01
-1.202548047135680864e-01
-1.298520721130780320e-01
-1.401485973385581119e-01
-1.512475116496880823e-01
-1.632703622633879803e-01
-1.763615987127680196e-01
-1.906946317917079803e-01
-2.053672595426980774e-01
-2.199381190983380474e-01
-2.343339458421880295e-01
-2.488852127682279480e-01
-2.624980967554380040e-01
-2.753956621969979590e-01
-2.875807980592079982e-01
-2.989972768190281016e-01
-3.098581795034280884e-01
-3.203612565148779012e-01
-3.304655078592080297e-01
-3.402888849782479408e-01
-3.498285229137680918e-01
-3.593073208355379577e-01
-3.684822766080679823e-01
-3.774894014236080952e-01
-3.863731068652080936e-01
-3.951866344082179960e-01
-4.034724048666280538e-01
-4.119408704534779364e-01
-4.204503444430780501e-01
-4.285013481136878966e-01
-4.366557824651180475e-01
-4.446555463878680836e-01
-4.526109368109880737e-01
-4.604587182752080121e-01
-4.681627709834879081e-01
-4.758045554735079730e-01
-4.833587809146879799e-01
-4.908135355027380964e-01
-4.981507347261280305e-01
-5.054191425231480128e-01
-5.125716171866980808e-01
-5.196729960896879774e-01
-5.266326035398281036e-01
-5.335805904525479093e-01
-5.403967226376380495e-01
-5.471079001466581104e-01
-5.536791235793279142e-01
-5.601562265830279941e-01
-5.665614408549379810e-01
-5.728728040763180207e-01
-5.791005241388180735e-01
-5.852258615715280055e-01
-5.912843628267880902e-01
-5.972617221714879854e-01
-6.031000568022679698e-01
-6.088506803283280089e-01
-6.145501949336280578e-01
-6.201645273866680519e-01
-6.256845348808079965e-01
-6.311543379716280100e-01
-6.365349432409779240e-01
-6.418088038607581147e-01
-6.470117014827378998e-01
-6.521450242967179456e-01
-6.572071906547480857e-01
-6.621643688432679031e-01
-6.670435887087979854e-01
-6.718647454199080382e-01
-6.766099223357480152e-01
-6.812681827197080153e-01
-6.858705341603981154e-01
-6.904101972066380988e-01
-6.948862145644980615e-01
-6.992832742997980855e-01
-7.036166809607879991e-01
-7.078717878836580102e-01
-7.120641009366779350e-01
-7.162047614930580064e-01
-7.202885156642380160e-01
-7.242998316493880484e-01
-7.282409023001779058e-01
-7.321247387185680910e-01
-7.359443834773080617e-01
-7.397138385559780538e-01
-7.434231650672780134e-01
-7.470818815107780342e-01
-7.506792436858480411e-01
-7.542290666576179081e-01
-7.577567357189480823e-01
-7.612054752654979772e-01
-7.646022984163980407e-01
-7.679513949607179590e-01
-7.712645408471379138e-01
-7.745143152087579086e-01
-7.777125814908281143e-01
-7.808547953075979375e-01
-7.839762640762479862e-01
-7.870490038603379368e-01
-7.900743733406079272e-01
-7.930514592753179492e-01
-7.959946362112280127e-01
-7.988879298366979853e-01
-8.017560425239480537e-01
-8.045703408931179634e-01
-8.073421015020580960e-01
-8.100774743653780252e-01
-8.127753074825079249e-01
-8.154434627237279187e-01
-8.180561572265279136e-01
-8.206345545988980028e-01
-8.231755393860979986e-01
-8.256831382572780154e-01
-8.281558421720280894e-01
-8.306005653654480181e-01
-8.330015196225879492e-01
-8.353671280698680146e-01
-8.377002834546480869e-01
-8.399988527262580718e-01
-8.422702027270680958e-01
-8.445135033443580408e-01
-8.467233888974781131e-01
-8.489023069460379656e-01
-8.510617018538779721e-01
-8.531794958257479244e-01
-8.552721405647178976e-01
-8.573331540480579882e-01
-8.593640571310781073e-01
-8.613630809472478944e-01
-8.633395267573480414e-01
-8.652931889018380396e-01
-8.672129851134280365e-01
-8.691074657831379113e-01
-8.709799263018880300e-01
-8.728164854089179858e-01
-8.746376456148980960e-01
-8.764362926123179243e-01
-8.782072769916480226e-01
-8.799566049602480788e-01
-8.816768912737680264e-01
-8.833784218570079894e-01
-8.850520246408080105e-01
-8.866998615907180081e-01
-8.883314279441381078e-01
-8.899370781621680493e-01
-8.915195121448180604e-01
-8.930825809811979710e-01
-8.946239034624579034e-01
-8.961437836916981148e-01
-8.976497611712779268e-01
-8.991333813032880151e-01
-9.005910751037380368e-01
-9.020308484440180408e-01
-9.034515901124280379e-01
-9.048482126075381160e-01
-9.062288327879080008e-01
-9.075926924412780483e-01
-9.089352196135080941e-01
-9.102599357340479536e-01
-9.115671665626579045e-01
-9.128553805642380947e-01
-9.141260827578980841e-01
-9.153798779209980641e-01
-9.166182681159080747e-01
-9.178393229857779723e-01
-9.190439355811679256e-01
-9.202359917820679414e-01
-9.214072074603580909e-01
-9.225611706929579547e-01
-9.237004634179979412e-01
-9.248249949569080641e-01
-9.259340783707981082e-01
-9.270305028335878994e-01
-9.281088701870079394e-01
-9.291731448232680712e-01
-9.302312932121279410e-01
-9.312684062167280175e-01
-9.322925610964079013e-01
-9.333024385063579675e-01
-9.342992645985779276e-01
-9.352810492099479234e-01
-9.362501971642480658e-01
-9.372064581640480174e-01
-9.381481695389279896e-01
-9.390780651332579776e-01
-9.399968117720580718e-01
-9.409030664486579543e-01
-9.417968539806380601e-01
-9.426783607519679808e-01
-9.435491153399879760e-01
-9.444133542229979916e-01
-9.452597465997780724e-01
-9.460951364326679602e-01
-9.469179210633380528e-01
-9.477308081451281119e-01
-9.485332449679679812e-01
-9.493241366090681144e-01
-9.501052626871480111e-01
-9.508749174862081155e-01
-9.516344341457680933e-01
-9.523836273221080173e-01
-9.531226604794780233e-01
-9.538519217332979139e-01
-9.545707415868880386e-01
-9.552803065098680602e-01
-9.559809253565580978e-01
-9.566718810454379884e-01
-9.573549148550479782e-01
-9.580331550988799849e-01
-9.586975733003679778e-01
-9.593533905557229957e-01
-9.600002039251990249e-01
-9.606441243102770144e-01
-9.612732604974839612e-01
-9.618940978534109565e-01
-9.625060035058550234e-01
-9.631090348529940393e-01
-9.637050823260380206e-01
-9.642915935380620418e-01
-9.648722021551350281e-01
-9.654428701866719642e-01
-9.660072128714920492e-01
-9.665630422919400111e-01
-9.671124278486340486e-01
-9.676534827451479526e-01
-9.681879941226020359e-01
-9.687145196935690317e-01
-9.692355304716799846e-01
-9.697497893398380198e-01
-9.702547245802499720e-01
-9.707539118731920436e-01
-9.712452754034730518e-01
-9.717330252302840421e-01
-9.722114746680009523e-01
-9.726845301337460059e-01
-9.731514326631219847e-01
-9.736125990025219501e-01
-9.740674967487300551e-01
-9.745167414309130471e-01
-9.749594374205710068e-01
-9.753954225877360384e-01
-9.758258110403079666e-01
-9.762479745116430241e-01
-9.766668526227949565e-01
-9.770807866696460398e-01
-9.774896021875679741e-01
-9.778934091315369947e-01
-9.782881440939520390e-01
-9.786798416839820325e-01
-9.790667723483840179e-01
-9.794456297530490518e-01
-9.798200369998990578e-01
-9.801909929877939964e-01
-9.805553460284479605e-01
-9.809161561949419905e-01
-9.812730011588709500e-01
-9.816230592237600305e-01
-9.819701612735559637e-01
-9.823101531532990593e-01
-9.826471947616609581e-01
-9.829786392830129893e-01
-9.833073241549159516e-01
-9.836293209880769828e-01
-9.839488994629430607e-01
-9.842649060698039909e-01
-9.845741179183959968e-01
-9.848809350442829791e-01
-9.851847936740369960e-01
-9.854846983900650281e-01
-9.857779512140619760e-01
-9.860674406014320326e-01
-9.863526688759569616e-01
-9.866344898086160109e-01
-9.869141942734239725e-01
-9.871879993811930598e-01
-9.874599449529729567e-01
-9.877296120454820416e-01
-9.879922695194000015e-01
-9.882538912034259937e-01
-9.885127618537999927e-01
-9.887651503877059600e-01
-9.890139402991480200e-01
-9.892619487588529825e-01
-9.895071729767059843e-01
-9.897463543582559753e-01
-9.899821423133290388e-01
-9.902151703167410002e-01
-9.904444892443550197e-01
-9.906727223938389670e-01
-9.908963163020789722e-01
-9.911190426347240567e-01
-9.913370431531010052e-01
-9.915517302780340048e-01
-9.917639030672290579e-01
-9.919735136419549626e-01
-9.921793269340629662e-01
-9.923847176995970187e-01
-9.925847888396259755e-01
-9.927841087608330062e-01
-9.929796220293569675e-01
-9.931732437519420476e-01
-9.933636502278230251e-01
-9.935536004905930474e-01
-9.937387813125500013e-01
-9.939211789663879859e-01
-9.941013036400360159e-01
-9.942812262834510584e-01
-9.944593068357859833e-01
-9.946335837992640316e-01
-9.948049196134099992e-01
-9.949732411230149953e-01
-9.951392770066389559e-01
-9.953053605581929641e-01
-9.954672993403850256e-01
-9.956266635771630069e-01
-9.957842285298179608e-01
-9.959417920888929965e-01
-9.960952288435670487e-01
-9.962486608486089690e-01
-9.963981541215779503e-01
-9.965453595674109710e-01
-9.966927194890790043e-01
-9.968364274494759814e-01
-9.969777617013889648e-01
-9.971192986553050197e-01
-9.972568975865280239e-01
-9.973949273563039730e-01
-9.975286894819950234e-01
-9.976630542305050531e-01
-9.977934980667929610e-01
-9.979242660886139538e-01
-9.980510157093099854e-01
-9.981782879900330530e-01
-9.983018081441860092e-01
-9.984237135728559753e-01
-9.985459420589050117e-01
-9.986647459111089864e-01
-9.987817204578269825e-01
-9.988992169212770333e-01
-9.990134153473340106e-01
-9.991258036593809733e-01
-9.992387155901749640e-01
-9.993481777500540231e-01
-9.994580729228520477e-01
-9.995646749416939869e-01
-9.996697332836269601e-01
-9.997754910615760382e-01
-9.998777940127620001e-01
-9.999786563048049803e-01
-1.000080157253603108e+00
-1.000180642051341051e+00
-1.000277755381989042e+00
-1.000373480555373007e+00
-1.000467515074722868e+00
-1.000560554036145966e+00
-1.000652426504957004e+00
-1.000743211795788845e+00
-1.000832836648066992e+00
-1.000923094926279067e+00
-1.001010285086715967e+00
-1.001096094992768970e+00
-1.001180642460111070e+00
-1.001266387670534996e+00
-1.001351285022660020e+00
-1.001432728461156163e+00
-1.001512825069771129e+00
-1.001593979535287060e+00
-1.001674733538878037e+00
-1.001754157556000058e+00
-1.001830306325310005e+00
-1.001905445036526121e+00
-1.001981547769017045e+00
-1.002054739166392983e+00
-1.002126660226652977e+00
-1.002199783962789859e+00
-1.002269912279035946e+00
-1.002339180253728923e+00
-1.002409447598075154e+00
-1.002479028074112044e+00
-1.002545494685303851e+00
-1.002610549703822018e+00
-1.002675418700734067e+00
-1.002738485935708024e+00
-1.002801156183628972e+00
-1.002864952639769935e+00
-1.002926510674662097e+00
-1.002986892057323942e+00
-1.003046359789251163e+00
-1.003105017960721046e+00
-1.003163014385521912e+00
-1.003222305860909991e+00
-1.003278673364531137e+00
-1.003336497328985999e+00
-1.003391600727197019e+00
-1.003447928688928847e+00
-1.003503723966265859e+00
-1.003556554641007903e+00
-1.003610586376400882e+00
-1.003664552285004063e+00
-1.003715136414659037e+00
-1.003767114208570899e+00
-1.003818528218824113e+00
-1.003867177290524992e+00
-1.003915299085778035e+00
-1.003962556284828000e+00
-1.004009278238099157e+00
-1.004055307071525016e+00
-1.004102826553272987e+00
-1.004147759767827885e+00
-1.004194088008371955e+00
-1.004237784231754915e+00
-1.004281092344323056e+00
-1.004325636683506939e+00
-1.004369523383016993e+00
-1.004410896744629023e+00
-1.004453724041642015e+00
-1.004494064840752987e+00
-1.004533455257826891e+00
-1.004574022363122987e+00
-1.004612593766767148e+00
-1.004652584537085946e+00
-1.004691831056602869e+00
-1.004728933804563962e+00
-1.004767905857669064e+00
-1.004806209641122106e+00
-1.004842678932653000e+00
-1.004877122527346955e+00
-1.004911973215695031e+00
-1.004948332664264976e+00
-1.004984391508406905e+00
-1.005017555123141060e+00
-1.005052391624701169e+00
-1.005084880701996974e+00
-1.005117491131428009e+00
-1.005149141916112043e+00
-1.005180133753920124e+00
-1.005216440963939917e+00
-1.005246739086957941e+00
-1.005276962409088037e+00
-1.005306463870489164e+00
-1.005337516579613011e+00
-1.005365702828644014e+00
-1.005393780486096844e+00
-1.005421567710450992e+00
-1.005448613258569157e+00
-1.005477405915887079e+00
-1.005504041094195999e+00
-1.005532364517172095e+00
-1.005558306157095849e+00
-1.005585827056095116e+00
-1.005613094350513936e+00
-1.005637543899521980e+00
-1.005662152999085013e+00
-1.005685892733759079e+00
-1.005709945097917002e+00
-1.005733440481342056e+00
-1.005756758506389126e+00
-1.005779911417874928e+00
-1.005802576084818156e+00
-1.005824891739977911e+00
-1.005846649994025954e+00
-1.005870554631066005e+00
-1.005899560868345866e+00
-1.005920812759121930e+00
-1.005941737486814036e+00
-1.005964448549765855e+00
-1.005984923930044017e+00
-1.006006830012792008e+00
-1.006026386957465046e+00
-1.006047974470698936e+00
-1.006067282442943966e+00
-1.006085717192144902e+00
-1.006104205417834851e+00
-1.006122465623908058e+00
-1.006140917075268870e+00
-1.006161015898773048e+00
-1.006178314698876086e+00
-1.006196584882098843e+00
-1.006213877132445145e+00
-1.006230859652252008e+00
-1.006247760349247011e+00
-1.006266419352479957e+00
-1.006282543766469972e+00
-1.006298094999835024e+00
-1.006313677484755864e+00
-1.006329264379316024e+00
-1.006344682369837873e+00
-1.006365768646140024e+00
-1.006381272684651940e+00
-1.006396081936940856e+00
-1.006412578490966991e+00
-1.006426874220476053e+00
-1.006440973000295891e+00
-1.006455017557732923e+00
-1.006470853430998957e+00
-1.006484561684998003e+00
-1.006499987949811104e+00
-1.006515672435459141e+00
-1.006528190614559115e+00
-1.006541829738299976e+00
-1.006554711023190052e+00
-1.006567887787714888e+00
-1.006580124859366876e+00
-1.006593510456887941e+00
-1.006605280032753846e+00
-1.006617254483755053e+00
-1.006630623900821142e+00
-1.006649244709244995e+00
-1.006660841365337067e+00
-1.006672531989567076e+00
-1.006683818034763034e+00
-1.006696508918925925e+00
-1.006707178782479950e+00
-1.006717779777372090e+00
-1.006729450563343953e+00
-1.006739718327589017e+00
-1.006751710731875971e+00
-1.006763586509467068e+00
-1.006773270349412108e+00
-1.006782903153819131e+00
-1.006792076667935909e+00
-1.006801407686379157e+00
-1.006812441736560038e+00
-1.006822249446022166e+00
-1.006833530115730957e+00
-1.006842375739251949e+00
-1.006851296577933930e+00
-1.006860075615970906e+00
-1.006870501965408060e+00
-1.006879042914507139e+00
-1.006889307044887882e+00
-1.006897836175180139e+00
-1.006905522721537993e+00
-1.006913444092420118e+00
-1.006921498335479059e+00
-1.006929032876315855e+00
-1.006938559663459021e+00
-1.006945968668183866e+00
-1.006955585884478976e+00
-1.006964903785741994e+00
-1.006973755170968987e+00
-1.006982286582842168e+00
-1.006989811625245146e+00
-1.006998626601818048e+00
-1.007004480137714042e+00
-1.007010825105150165e+00
-1.007017403929657995e+00
-1.007024412374625921e+00
-1.007030542279490071e+00
-1.007038554334817038e+00
-1.007044408666242008e+00
-1.007050405151947103e+00
-1.007061904015945863e+00
-1.007069943600644057e+00
-1.007075210917141028e+00
-1.007086436508183969e+00
-1.007092175026821135e+00
-1.007097945252155125e+00
-1.007103409891230150e+00
-1.007108608370256064e+00
-1.007113706013968990e+00
-1.007118967825296973e+00
-1.007123935959357119e+00
-1.007128769023641013e+00
-1.007135634690871973e+00
-1.007140495388925139e+00
-1.007145373732308169e+00
-1.007155887935906158e+00
-1.007160578397324979e+00
-1.007164930100689970e+00
-1.007171390197165950e+00
-1.007175961726819002e+00
-1.007181104105220992e+00
-1.007185217537296840e+00
-1.007191437098672093e+00
-1.007197561000337860e+00
-1.007201508737654017e+00
-1.007205268822664923e+00
-1.007211148942046108e+00
-1.007215205401470026e+00
-1.007219340437194965e+00
-1.007222488206046984e+00
-1.007226526130085009e+00
-1.007230449384378002e+00
-1.007236852016872852e+00
-1.007243021324708998e+00
-1.007246167296572903e+00
-1.007251231430529081e+00
-1.007253751525742924e+00
-1.007257246087541080e+00
-1.007260603370955021e+00
-1.007263218271888139e+00
-1.007266564759449867e+00
-1.007269765726750865e+00
-1.007272828683142052e+00
-1.007281649917368016e+00
-1.007284975481723022e+00
-1.007289913459763042e+00
-1.007292836435778050e+00
-1.007297584677099955e+00
-1.007300338484581115e+00
-1.007303539508416002e+00
-1.007305980239825871e+00
-1.007310682873904017e+00
-1.007313241219484956e+00
-1.007316015707313994e+00
-1.007318835261794998e+00
-1.007321180161536045e+00
-1.007323396592455955e+00
-1.007325855811384008e+00
-1.007328514989311863e+00
-1.007331012807372028e+00
-1.007336148544093035e+00
-1.007338511740736964e+00
-1.007340975881838130e+00
-1.007343147527980154e+00
-1.007345303345906107e+00
-1.007348480712219052e+00
-1.007350678698730961e+00
-1.007354335847776117e+00
-1.007358529501816147e+00
-1.007360399561918030e+00
-1.007364022772542889e+00
-1.007365709503246887e+00
-1.007367554309160029e+00
-1.007369308159594024e+00
-1.007370703908686993e+00
-1.007374192858871087e+00
-1.007376062014162965e+00
-1.007378069793416930e+00
-1.007379924684924877e+00
-1.007381577287816965e+00
-1.007383239294469934e+00
-1.007384486204963903e+00
-1.007386280388406163e+00
-1.007387940665201986e+00
-1.007390083300456984e+00
-1.007391879485607156e+00
-1.007393518683262990e+00
-1.007394609901371973e+00
-1.007396045944978891e+00
-1.007399584345779031e+00
-1.007402547296050166e+00
-1.007405586065726055e+00
-1.007414156705316088e+00
-1.007415900048814095e+00
-1.007417188946038156e+00
-1.007420653931853982e+00
-1.007421559613415063e+00
-1.007424909820805015e+00
-1.007425321234540982e+00
-1.007427883127876900e+00
-1.007431230003988043e+00
-1.007439807947819954e+00
-1.007441446573871024e+00
-1.007442410193057913e+00
-1.007443128373449071e+00
-1.007444607908357881e+00
-1.007445588360178057e+00
-1.007448487437132112e+00
-1.007449403569268931e+00
-1.007450227071021942e+00
-1.007452931505906868e+00
-1.007453323652629074e+00
-1.007455949690692076e+00
-1.007457892963806945e+00
-1.007458561639124950e+00
-1.007461154883517951e+00
-1.007463973883379049e+00
-1.007464618295049075e+00
-1.007467259644533097e+00
-1.007469817981597959e+00
-1.007468818322064141e+00
-1.007470826279483145e+00
-1.007471091392475149e+00
-1.007471599410459051e+00
-1.007473987036005880e+00
-1.007474165306586844e+00
-1.007476348749357875e+00
-1.007476741810077847e+00
-1.007477021994529043e+00
-1.007482713365443150e+00
-1.007483233096267972e+00
-1.007484146744729081e+00
-1.007485314726649150e+00
-1.007488065959761148e+00
-1.007488274229499048e+00
-1.007488488513844871e+00
-1.007489191868026879e+00
-1.007489147475381985e+00
-1.007489493602471864e+00
-1.007489882706978035e+00
-1.007489912235445928e+00
-1.007490202269058166e+00
-1.007492389799508059e+00
-1.007492632886823891e+00
-1.007495000005353081e+00
-1.007495153568683133e+00
-1.007496537166915118e+00
-1.007496767091800027e+00
-1.007499021120823901e+00
-1.007498775701162863e+00
-1.007499096776244940e+00
-1.007501283035679984e+00
