1.387778780781445676e-17
-8.529220692927996783e-05
-1.199561736506815635e-04
-9.661942904808096255e-05
-6.903032403381137438e-06
1.586940687790180937e-04
4.109512428420170060e-04
7.620584442016159477e-04
1.225766069036716976e-03
1.817572891382714106e-03
2.554939105063214200e-03
3.457560502328219099e-03
4.547641442831415470e-03
5.850254915821917479e-03
7.393751460640515805e-03
9.210239944317313854e-03
1.133621664605351936e-02
1.381324054984851835e-02
1.668883564325521901e-02
2.001756905319061752e-02
2.386240765170231232e-02
2.829646868664511400e-02
3.340516248391672133e-02
3.928904004706212233e-02
4.606746513085831912e-02
5.388356080354902294e-02
6.286209742295900682e-02
7.294918150831802839e-02
8.398768877196000071e-02
9.581278179740101986e-02
1.082745588568820028e-01
1.210342676119450234e-01
1.338558130648150046e-01
1.465517113322990228e-01
1.589727002227650232e-01
1.710557719527480147e-01
1.827979919384939977e-01
1.941878831173990128e-01
2.052445479497110037e-01
2.159772826930279888e-01
2.264540952579740252e-01
2.366606877370130146e-01
2.466192992095399827e-01
2.563560691835210514e-01
2.659305924479060113e-01
2.752179861866610455e-01
2.843330280261080478e-01
2.933604574852100577e-01
3.021718685922080150e-01
3.108609743826600269e-01
3.194099491567950477e-01
3.278461443823760257e-01
3.361741629621390337e-01
3.443766150242150159e-01
3.524704275184730173e-01
3.604614087853430515e-01
3.683523032410090381e-01
3.761322959801650101e-01
3.838172047042760493e-01
3.913925361017320248e-01
3.988850022569480624e-01
4.062604413924850166e-01
4.135621389271800230e-01
4.207720086839320528e-01
4.278929280521970302e-01
4.349048286162010557e-01
4.418068614324410226e-01
4.486117785354340470e-01
4.553181607870890324e-01
4.619330765435379904e-01
4.684464830276000580e-01
4.748692653609040137e-01
4.812161666863110643e-01
4.874610594195870616e-01
4.935987737999660840e-01
4.996501839643940901e-01
5.056176664610250171e-01
5.114878744961149915e-01
5.172814047003920779e-01
5.229997950504660098e-01
5.286263215692770245e-01
5.341654288525889971e-01
5.396216433611120689e-01
5.450070534303230740e-01
5.503060987700250095e-01
5.555150250334750517e-01
5.606465254669660281e-01
5.657042039383960441e-01
5.706756463148699998e-01
5.755699942400750446e-01
5.803909087744720807e-01
5.851455448284220706e-01
5.898262807974919975e-01
5.944405889877590887e-01
5.989808550202190274e-01
6.034462386116710153e-01
6.078442169297050279e-01
6.121828778129539961e-01
6.164586854854460229e-01
6.206655959743250239e-01
6.248091843106460264e-01
6.288844511587760033e-01
6.328995974107740619e-01
6.368513738756930165e-01
6.407471084781920512e-01
6.445805873306480471e-01
6.483457335218369977e-01
6.520757125535240339e-01
6.557499055082049999e-01
6.593678302620580300e-01
6.629270153978160662e-01
6.664441824819330451e-01
6.699097212366740273e-01
6.733258177211430828e-01
6.766764273337390057e-01
6.799840811666890694e-01
6.832470618597190626e-01
6.864653528858450926e-01
6.896321038842770923e-01
6.927586536336960421e-01
6.958320413260690174e-01
6.988717662166410438e-01
7.018682347677720479e-01
7.048190441282260466e-01
7.077270975943900089e-01
7.105901980168880527e-01
7.134240436079830605e-01
7.162127943437520683e-01
7.189606528590790635e-01
7.216667212382720242e-01
7.243338754542870683e-01
7.269599126502190867e-01
7.295557126773419832e-01
7.321141545825250452e-01
7.346344678619350921e-01
7.371192083669830808e-01
7.395651157263409825e-01
7.419754933576679923e-01
7.443549397280180280e-01
7.467017696679990602e-01
7.490106898648600797e-01
7.512974578283470040e-01
7.535491471920010564e-01
7.557715939990640175e-01
7.579635765862809960e-01
7.601262420833900801e-01
7.622542307869970557e-01
7.643506429245980893e-01
7.664235703873910621e-01
7.684661099155530861e-01
7.704778171448420920e-01
7.724683939167070745e-01
7.744233407355850529e-01
7.763514464163769890e-01
7.782566621201940649e-01
7.801346559671630265e-01
7.819909402312070767e-01
7.838181704866270527e-01
7.856240186074689991e-01
7.874058299282850060e-01
7.891579610176659987e-01
7.908891578643640896e-01
7.925968088305510584e-01
7.942789029956550673e-01
7.959383787489390238e-01
7.975753690389770778e-01
7.991858655720119886e-01
8.007778523516000391e-01
8.023525808562000927e-01
8.039034105424119891e-01
8.054325144810120518e-01
8.069436252235270279e-01
8.084305885491099852e-01
8.098958888813460044e-01
8.113435041666610115e-01
8.127705537195760721e-01
8.141775896172500637e-01
8.155662242694480257e-01
8.169354919789170166e-01
8.182855571572330566e-01
8.196161402899970749e-01
8.209294719349660152e-01
8.222250674363610345e-01
8.235009320484469875e-01
8.247639487858640095e-01
8.260100775685940144e-01
8.272377185458100746e-01
8.284479211383460884e-01
8.296418307578790063e-01
8.308179843594359903e-01
8.319810525144740732e-01
8.331274352834250330e-01
8.342528103869700784e-01
8.353702080337320757e-01
8.364714641789650074e-01
8.375582494272160172e-01
8.386299011731630504e-01
8.396882573464680144e-01
8.407314340780350781e-01
8.417602703872070213e-01
8.427762517068800863e-01
8.437772815390129910e-01
8.447637474697560211e-01
8.457374002637110255e-01
8.466983639588190336e-01
8.476466340662280885e-01
8.485813763546959931e-01
8.495005473593850720e-01
8.504137866346530572e-01
8.513138110607499920e-01
8.522022686514020284e-01
8.530771908927700098e-01
8.539398757630630721e-01
8.547915349408070629e-01
8.556309230447790570e-01
8.564598311781330686e-01
8.572771921820619978e-01
8.580835246787220649e-01
8.588789448925719938e-01
8.596634291065170519e-01
8.604377603830110077e-01
8.612011272703220532e-01
8.619537854523849907e-01
8.626966929962420760e-01
8.634287456062980093e-01
8.641485776050710221e-01
8.648641323048290586e-01
8.655696220679550690e-01
8.662657228564680789e-01
8.669484127446220878e-01
8.676283707752070473e-01
8.682983193499790309e-01
8.689591539505400197e-01
8.696109299840310003e-01
8.702524442594889997e-01
8.708862870539100243e-01
8.715095561208280328e-01
8.721262035298670279e-01
8.727329813218630550e-01
8.733322989367180433e-01
8.739225142261249912e-01
8.745056172530369931e-01
8.750801167305470862e-01
8.756475525313540675e-01
8.762060237614360814e-01
8.767572611914670189e-01
8.773032144474880445e-01
8.778404542046530645e-01
8.783711872478480176e-01
8.788921863604330920e-01
8.794089496618210378e-01
8.799175530493400510e-01
8.804192332796710874e-01
8.809139181548870656e-01
8.814023207712859964e-01
8.818840444420060765e-01
8.823600027828790715e-01
8.828301567002529993e-01
8.832935349179280582e-01
8.837523203548620643e-01
8.842021711900129866e-01
8.846456593580800387e-01
8.850832811372310038e-01
8.855151679845000290e-01
8.859444206800319854e-01
8.863652196968050401e-01
8.867801362214310368e-01
8.871918324564580516e-01
8.875965820698910047e-01
8.879943038551130208e-01
8.883881476363810759e-01
8.887752922422740287e-01
8.891568293561840086e-01
8.895352091548760498e-01
8.899068305601680606e-01
8.902756279012390417e-01
8.906376007856000587e-01
8.909956193103459876e-01
8.913472672916210593e-01
8.916962783045820906e-01
8.920386170732660380e-01
8.923761681506350296e-01
8.927115818577220363e-01
8.930405740418420057e-01
8.933645483046130931e-01
8.936847448375820901e-01
8.940031028128830881e-01
8.943163889052950788e-01
8.946253072081949975e-01
8.949292879108230458e-01
8.952277834982360627e-01
8.955243848487340896e-01
8.958152028826320556e-01
8.961015099873820278e-01
8.963873189676220266e-01
8.966667166652020349e-01
8.969422738448710186e-01
8.972170025479040412e-01
8.974874513266650755e-01
8.977517437175049908e-01
8.980126628967380897e-01
8.982727591255210697e-01
8.985288505203610221e-01
8.987806419949589953e-01
8.990292238765610344e-01
8.992725670146820560e-01
8.995143054517200643e-01
8.997509487482090451e-01
8.999863750954590902e-01
9.002187153536009845e-01
9.004473448275600589e-01
9.006726057540009878e-01
9.008956229572210317e-01
9.011135449528799857e-01
9.013311341268270827e-01
9.015438272178010193e-01
9.017549011105390200e-01
9.019624253010130044e-01
9.021677974814310552e-01
9.023687309825710878e-01
9.025693976062730828e-01
9.027672542028190028e-01
9.029619461296050087e-01
9.031521673251440285e-01
9.033401773566870352e-01
9.035275331381910080e-01
9.037128474577410531e-01
9.038959732976890038e-01
9.040761860169480579e-01
9.042519163868240062e-01
9.044273906151560904e-01
9.046005150156040120e-01
9.047706732058010681e-01
9.049368206279880811e-01
9.051030115114689911e-01
9.052651772068610603e-01
9.054272344716480792e-01
9.055870395911029824e-01
9.057427739324130922e-01
9.058983113720220359e-01
9.060518751319370789e-01
9.062014559180660012e-01
9.063511708822949986e-01
9.064967807791800558e-01
9.066429065446249824e-01
9.067847597880800414e-01
9.069269147141579834e-01
9.070651836610450491e-01
9.072038468707810388e-01
9.073384471130420126e-01
9.074733064324790321e-01
9.076058651325310533e-01
9.077348469131140130e-01
9.078640146941120426e-01
9.079913098910969982e-01
9.081149886770990554e-01
9.082389277024970342e-01
9.083611599207850329e-01
9.084799171502290216e-01
9.085991597865430425e-01
9.087150273496370501e-01
9.088312500888090506e-01
9.089456407326630405e-01
9.090565910850330056e-01
9.091682351836740672e-01
9.092780640973640027e-01
9.093846121266400129e-01
9.094900787908120066e-01
9.095962603294630577e-01
9.097006843290200706e-01
9.098036783817849971e-01
9.099046656368330321e-01
9.100040286019800417e-01
9.101018265518560080e-01
9.101982381296460645e-01
9.102919710853780710e-01
9.103866245361780241e-01
9.104799679705610771e-01
9.105719041118540691e-01
9.106606173690909856e-01
9.107487250985710769e-01
9.108381418462160317e-01
9.109261323906230334e-01
9.110109066538710776e-01
9.110946046888800387e-01
9.111780959092840027e-01
9.112625851364800633e-01
9.113453348864190007e-01
9.114250362560080143e-01
9.115055973383570098e-01
9.115848724412590753e-01
9.116610009624059874e-01
9.117382177597380677e-01
9.118139261084929892e-01
9.118868808952470539e-01
9.119592701703170823e-01
9.120329072175860086e-01
9.121054553390500752e-01
9.121759168276030172e-01
9.122459819095660727e-01
9.123142540869310091e-01
9.123799216003800616e-01
9.124464411980840461e-01
9.125122653803070527e-01
9.125770844429710316e-01
9.126408476488530042e-01
9.127035081482520740e-01
9.127636917854580201e-01
9.128255152760850200e-01
9.128845539540230147e-01
9.129450075812590715e-01
9.130028848221960480e-01
9.130604415169220056e-01
9.131194763058370079e-01
9.131757559626449972e-01
9.132312027078910432e-01
9.132885245645930850e-01
9.133428272169850093e-01
9.133966690749690809e-01
9.134517020690540168e-01
9.135052751443570873e-01
9.135578771671160059e-01
9.136092897445750038e-01
9.136597967758040006e-01
9.137077928268659832e-01
9.137573487845710440e-01
9.138044365911089928e-01
9.138530568454280578e-01
9.139004997233400873e-01
9.139457240622880230e-01
9.139910080416220328e-01
9.140375928603590161e-01
9.140815403731700206e-01
9.141268429751520097e-01
9.141714072248470213e-01
9.142135674158460290e-01
9.142566086901300348e-01
9.142972378899570929e-01
9.143380311290680851e-01
9.143798370520110907e-01
9.144188386108370592e-01
9.144581006920170507e-01
9.144982883207369850e-01
9.145388843975200688e-01
9.145774530397789981e-01
9.146137465709810455e-01
9.146500601742579839e-01
9.146882953789400306e-01
9.147238084375760581e-01
9.147607302578590893e-01
9.147962743655410067e-01
9.148316310561260822e-01
9.148663888923580512e-01
9.148959783008440150e-01
9.149315693658480741e-01
9.149657340310830556e-01
9.149992973119500661e-01
9.150305001811210870e-01
9.150636615505990390e-01
9.150955147198169826e-01
9.151264933502770704e-01
9.151570871199170565e-01
9.151853132050820072e-01
9.152151479071400919e-01
9.152427465606550738e-01
9.152721660230510592e-01
9.152993679817820194e-01
9.153266703503299961e-01
9.153559462190899998e-01
9.153837681532360770e-01
9.154113159441070735e-01
9.154375476488900709e-01
9.154635237969150907e-01
9.154888844514220692e-01
9.155137285091800026e-01
9.155383897853280883e-01
9.155626901775359983e-01
9.155867940709589980e-01
9.156085498561470359e-01
9.156267823403730910e-01
9.156533925356770132e-01
9.156788058648780426e-01
9.157016226913720081e-01
9.157259789055199883e-01
9.157481625001030467e-01
9.157719360856120261e-01
9.157930025314080513e-01
9.158158036595930307e-01
9.158382975527620262e-01
9.158596430083399964e-01
9.158803494970030323e-01
9.159001989221220441e-01
9.159183324088240319e-01
9.159389632065000342e-01
9.159579284070140659e-01
9.159773583240570227e-01
9.159963947463040101e-01
9.160148862195850450e-01
9.160315384700600250e-01
9.160505040771540486e-01
9.160691126644699978e-01
9.160868531759990274e-01
9.161039663111720799e-01
9.161207392833400354e-01
9.161327471326760064e-01
9.161511134212499963e-01
9.161692117017050663e-01
9.161851195773330625e-01
9.162027508202150727e-01
9.162196262510090561e-01
9.162357753804409866e-01
9.162499504476890877e-01
9.162660605513340828e-01
9.162801813061079992e-01
9.162943255713380530e-01
9.163111701924840924e-01
9.163260184695510846e-01
9.163410648599360497e-01
9.163552741777060140e-01
9.163698678259560859e-01
9.163829286488840431e-01
9.163972223168630471e-01
9.164106680975370178e-01
9.164226109270380283e-01
9.164307961239730460e-01
9.164467921691100694e-01
9.164615633222430446e-01
9.164758142141330444e-01
9.164881910336230009e-01
9.165021110883360134e-01
9.165152207239259941e-01
9.165268302924370891e-01
9.165394558097360589e-01
9.165501187352980139e-01
9.165611199757830452e-01
9.165739383562000464e-01
9.165859674844419880e-01
9.165977018736329862e-01
9.166086323228950228e-01
9.166178090544290225e-01
9.166283105086040495e-01
9.166374516882870305e-01
9.166489099471369917e-01
9.166596151095690592e-01
9.166699361727040918e-01
9.166785625172240159e-01
9.166890077007240345e-01
9.166976121841310388e-01
9.167078864386369874e-01
9.167183248803379980e-01
9.167278618543700519e-01
9.167368521119920732e-01
9.167459615257710359e-01
9.167531119620490054e-01
9.167624065894370844e-01
9.167695004762550504e-01
9.167773791374400627e-01
9.167859064745170761e-01
9.167946998818790050e-01
9.168041443118840617e-01
9.168120805428190412e-01
9.168224439132780512e-01
9.168312896471479956e-01
9.168393041552450606e-01
9.168465971049600816e-01
9.168544503015680913e-01
9.168604007791850696e-01
9.168684590666430489e-01
9.168758324678389915e-01
9.168786128594910156e-01
9.168861027777230888e-01
9.168957980745080505e-01
9.168998059575770299e-01
9.169097110810230378e-01
9.169185327568080135e-01
9.169268031159479859e-01
9.169345554545560439e-01
9.169417272991690071e-01
9.169482341431450800e-01
9.169546292288290879e-01
9.169607486182240752e-01
9.169649654457650012e-01
9.169713246164120646e-01
9.169772732918090030e-01
9.169786076113450868e-01
9.169865843212879897e-01
9.169939846267090022e-01
9.169989933136780680e-01
9.170057628564850516e-01
9.170115268505740769e-01
9.170178946378489959e-01
9.170220691179500339e-01
9.170267768518440832e-01
9.170334595041160775e-01
9.170395910055880728e-01
9.170434923491019852e-01
9.170492384376129902e-01
9.170544846780780412e-01
9.170601902560809870e-01
9.170645678575760629e-01
9.170689256299280334e-01
9.170712508538519936e-01
9.170747106340890742e-01
9.170811110106760200e-01
9.170852223194930763e-01
9.170914843948370088e-01
9.170960670404840753e-01
9.171004668056190745e-01
9.171051599519390862e-01
9.171087678868830029e-01
9.171124032182600416e-01
9.171160187868629965e-01
9.171150630760190881e-01
9.171206562926900174e-01
9.171244337920659850e-01
9.171300065808960511e-01
9.171335100305200161e-01
9.171388154512690738e-01
9.171431344824000353e-01
9.171477417420670353e-01
9.171500677661840184e-01
9.171545892534330724e-01
9.171584476467690150e-01
9.171619883558530528e-01
9.171656988026090085e-01
9.171691591724470127e-01
9.171721155723350227e-01
9.171747820743860746e-01
9.171775543429759869e-01
9.171782200544680297e-01
9.171820726303839821e-01
9.171854672073730397e-01
9.171888422799580054e-01
9.171919207981070743e-01
9.171939758972120771e-01
9.171970364464220316e-01
9.171987518619040269e-01
9.172005061570210893e-01
9.172046111363529874e-01
9.172068105401820493e-01
9.172108190333629896e-01
9.172141261559120240e-01
9.172171329211530333e-01
9.172200966214050233e-01
9.172210619942480214e-01
9.172238648523740601e-01
9.172263204663350100e-01
9.172287706493050807e-01
9.172312184556250525e-01
9.172334538714280727e-01
9.172358570933670796e-01
9.172375499980760516e-01
9.172393593796590583e-01
9.172407518177519981e-01
9.172425798539289854e-01
9.172445088359290066e-01
9.172467767287090235e-01
9.172484852827860191e-01
9.172485047927270152e-01
9.172498027936990539e-01
9.172514289813470389e-01
9.172491334355520332e-01
9.172546741385780855e-01
9.172596172532340164e-01
9.172619839439970502e-01
9.172665571110620863e-01
9.172683484447270441e-01
9.172727520926320377e-01
9.172745244305520185e-01
9.172758693716220879e-01
9.172736660380610418e-01
9.172793648051550397e-01
9.172845720213200771e-01
9.172889196060440842e-01
9.172917886618260352e-01
9.172946902424090609e-01
9.172956428213540070e-01
9.172985740908800034e-01
9.173010772321520401e-01
9.173017209078810907e-01
9.173046257158840033e-01
9.173051990268550338e-01
9.173067813228740208e-01
9.173094171645040928e-01
9.173100899826119869e-01
9.173110419774730406e-01
9.173141000274089851e-01
9.173150297765100269e-01
9.173164236459789844e-01
9.173208148334810463e-01
9.173215849363500762e-01
9.173239824728860459e-01
9.173256705189000160e-01
9.173256247691650156e-01
9.173278547238740144e-01
9.173280428811659837e-01
9.173300790822029871e-01
9.173317974484540560e-01
9.173290094186740129e-01
9.173322264823819960e-01
9.173344758826470491e-01
9.173361958683370343e-01
9.173365569754839965e-01
9.173394351335140140e-01
9.173416529597090419e-01
9.173430036655910724e-01
9.173447656411279905e-01
9.173457868244130342e-01
9.173466085639330192e-01
9.173475990217260234e-01
9.173481555334960236e-01
9.173471897972920175e-01
9.173484740250170688e-01
9.173478716665310895e-01
9.173496786975180450e-01
9.173501353827020477e-01
9.173516947173370184e-01
9.173513730038050928e-01
9.173535841516859968e-01
9.173547603877960643e-01
9.173542933270469879e-01
