4.163336342344337027e-17
-7.926518836635920717e-05
-1.108171095698592956e-04
-8.793465256355659232e-05
-2.986595147060067124e-06
1.526274199046412372e-04
3.883771481258402325e-04
7.152673851945415273e-04
1.145804386989641988e-03
1.694097862842143531e-03
2.376062217921644237e-03
3.209634719834437988e-03
4.215059193639542068e-03
5.415185470151538671e-03
6.835856380563443135e-03
8.506307031960841369e-03
1.045975091351774439e-02
1.273396045177734026e-02
1.537205619740684287e-02
1.842348256632724002e-02
2.194513622121964380e-02
2.600287311663244255e-02
3.067338519321904239e-02
3.604652180595193517e-02
4.222850869960043801e-02
4.934590518833164435e-02
5.755086288658124022e-02
6.702627704803815201e-02
7.799333925143514534e-02
9.072363392559013029e-02
1.055576554761021302e-01
1.229292562880241468e-01
1.434057056840001287e-01
1.677515149985851217e-01
1.970324006905431469e-01
2.327955995882511619e-01
2.772010909270291590e-01
3.316612483907061537e-01
3.941910054997851409e-01
4.625179248054991366e-01
5.344235318162852133e-01
6.080617158058161387e-01
6.819523190839591464e-01
7.547974890328651432e-01
8.254968751098681334e-01
8.929591137847231463e-01
9.569963445206421948e-01
1.017339452880100081e+00
1.073456892065090207e+00
1.125291882539660060e+00
1.172434310433270177e+00
1.215379426713070199e+00
1.254508362297210189e+00
1.290039352898030067e+00
1.321946131454300177e+00
1.350742067083220199e+00
1.376543913551760090e+00
1.399515090093170100e+00
1.419792242042060115e+00
1.437812321784700087e+00
1.453713376695200177e+00
1.467860585376170146e+00
1.480341972090980063e+00
1.491281960187700095e+00
1.500989448600610121e+00
1.509516690015190177e+00
1.517067113679620105e+00
1.523805002392260244e+00
1.529685093603690094e+00
1.534939468504090243e+00
1.539522627589630099e+00
1.543617046155610240e+00
1.547249183273930129e+00
1.550428783374130148e+00
1.553270565522150148e+00
1.555812332953210086e+00
1.558106512180950087e+00
1.560130409877060087e+00
1.561942450261920134e+00
1.563559291878450219e+00
1.565045564309050175e+00
1.566377926190780201e+00
1.567595602700930124e+00
1.568692437518790062e+00
1.569693807400120100e+00
1.570597881189110145e+00
1.571424647505010208e+00
1.572184932739900232e+00
1.572887421424700172e+00
1.573534076408260152e+00
1.574124886097130194e+00
1.574704809522060156e+00
1.575300463240280058e+00
1.575922172734560256e+00
1.576541486779120094e+00
1.577165502192360069e+00
1.577778385439420061e+00
1.578398370680770268e+00
1.579016266971420057e+00
1.579626620110510249e+00
1.580219885061420193e+00
1.580811790227020230e+00
1.581400891340340120e+00
1.581975987693460262e+00
1.582535422375220158e+00
1.583094745560180261e+00
1.583640401604610171e+00
1.584177405593510057e+00
1.584699936790550101e+00
1.585207225001480147e+00
1.585716827353090164e+00
1.586187238609670258e+00
1.586640508473980082e+00
1.587082028492720065e+00
1.587510814266370085e+00
1.587925997200270167e+00
1.588336918172190249e+00
1.588731238822170155e+00
1.589115658580980250e+00
1.589487960999040217e+00
1.589849302188700131e+00
1.590186027951490111e+00
1.590510925772860240e+00
1.590828598336120114e+00
1.591120318355550234e+00
1.591424608604310231e+00
1.591706621473390149e+00
1.591978199041220066e+00
1.592246040608180202e+00
1.592496193497110246e+00
1.592741405167980240e+00
1.592977516140060112e+00
1.593207429851180246e+00
1.593427676044060215e+00
1.593648355055530264e+00
1.593853210943460219e+00
1.594049444930040194e+00
1.594243700967400201e+00
1.594439838904670115e+00
1.594618322551010214e+00
1.594785530139210206e+00
1.594956887035910098e+00
1.595125244476220061e+00
1.595286602122540254e+00
1.595445492165520118e+00
1.595597269433000065e+00
1.595745706620600224e+00
1.595894613193780120e+00
1.596037965233990219e+00
1.596176216480700072e+00
1.596312714823210133e+00
1.596443386377160101e+00
1.596569499649850066e+00
1.596696169928700115e+00
1.596826471780590229e+00
1.596948930472180228e+00
1.597068374450600237e+00
1.597185745346170194e+00
1.597298077060740118e+00
1.597413581536930138e+00
1.597521073027050154e+00
1.597625167101030197e+00
1.597729153554030113e+00
1.597830696474760170e+00
1.597929013113100094e+00
1.598028579027440221e+00
1.598119733294460110e+00
1.598217182254130231e+00
1.598313419768980115e+00
1.598406552612090081e+00
1.598495523499140258e+00
1.598583942342090225e+00
1.598673404567340084e+00
1.598765443497560224e+00
1.598848638799460264e+00
1.598933975458750156e+00
1.599015847457240236e+00
1.599097101744550109e+00
1.599175812898470106e+00
1.599255587899950148e+00
1.599335022141140206e+00
1.599412512037360123e+00
1.599486107790700107e+00
1.599562435494930268e+00
1.599634808634490257e+00
1.599709476886800097e+00
1.599780514368880135e+00
1.599850954548020177e+00
1.599919838559080265e+00
1.599987473090740187e+00
1.600054301557890080e+00
1.600119607722210180e+00
1.600180801860090263e+00
1.600245197898280125e+00
1.600309430209030159e+00
1.600370610700830198e+00
1.600432183869940239e+00
1.600491307610240055e+00
1.600552297249320244e+00
1.600611445763490126e+00
1.600671465164470231e+00
1.600729396956920070e+00
1.600786061311230135e+00
1.600841329873800234e+00
1.600896554364750202e+00
1.600953963589240248e+00
1.601005252683910252e+00
1.601061934798530206e+00
1.601115969390580096e+00
1.601168218231290075e+00
1.601220174651120098e+00
1.601271212532210164e+00
1.601319528597840103e+00
1.601368624418590070e+00
1.601416181769020231e+00
1.601462927049070117e+00
1.601510232414870227e+00
1.601557189415440119e+00
1.601605366248550100e+00
1.601650744827000095e+00
1.601695051596580210e+00
1.601740156715030228e+00
1.601784409783160168e+00
1.601827737905780147e+00
1.601867584534150124e+00
1.601909545180900230e+00
1.601950840296960221e+00
1.601992647011960091e+00
1.602034132732050198e+00
1.602078768506730144e+00
1.602116538701540138e+00
1.602154798148710091e+00
1.602191855219650130e+00
1.602228689011810259e+00
1.602265442220430103e+00
1.602303279669770264e+00
1.602343227728220132e+00
1.602376574950140187e+00
1.602410630575520134e+00
1.602444537578650241e+00
1.602478785964900121e+00
1.602513320721150158e+00
1.602547651936710116e+00
1.602581221081950114e+00
1.602613821212460099e+00
1.602645746953730077e+00
1.602679703871480177e+00
1.602710607270000143e+00
1.602742398813400193e+00
1.602769558496740077e+00
1.602801558000970239e+00
1.602832507835470155e+00
1.602862335546270112e+00
1.602891966969000270e+00
1.602921101986100272e+00
1.602949971784590089e+00
1.602980564307590061e+00
1.603006092000490268e+00
1.603032669661100140e+00
1.603060630911190110e+00
1.603086854018310081e+00
1.603112670177290200e+00
1.603137995989470266e+00
1.603164304790040129e+00
1.603189949259560265e+00
1.603214012717490089e+00
1.603238732001980082e+00
1.603262448205320156e+00
1.603286566350890174e+00
1.603309509509290187e+00
1.603333584636380094e+00
1.603355701987710269e+00
1.603378272504700108e+00
1.603402050101680132e+00
1.603424276502960266e+00
1.603446472049310234e+00
1.603467519854040235e+00
1.603489602895540100e+00
1.603509546505640149e+00
1.603530658402450237e+00
1.603550457853200273e+00
1.603569639829870219e+00
1.603589228674460188e+00
1.603608090967470146e+00
1.603627640561740231e+00
1.603647011415680224e+00
1.603666146258800218e+00
1.603684073867410076e+00
1.603703580043830179e+00
1.603721380914830075e+00
1.603739141742670071e+00
1.603756411474680066e+00
1.603773875323600162e+00
1.603791006191550128e+00
1.603809269035820106e+00
1.603825611041690191e+00
1.603842383601620236e+00
1.603859169179430166e+00
1.603875453726750111e+00
1.603890876396990128e+00
1.603906397054810196e+00
1.603922152676850121e+00
1.603937732837000141e+00
1.603953183656120052e+00
1.603967632266030119e+00
1.603980966627720273e+00
1.603996135197650164e+00
1.604009779228190213e+00
1.604024364464020191e+00
1.604037999164400263e+00
1.604051727787580095e+00
1.604065569275750169e+00
1.604078618244860088e+00
1.604091293728590273e+00
1.604104472679410254e+00
1.604116560157320182e+00
1.604129841931250189e+00
1.604142141443190228e+00
1.604155246566070225e+00
1.604166512755710094e+00
1.604178880734640211e+00
1.604190122227690196e+00
1.604202289068420217e+00
1.604212950704810181e+00
1.604224009690740083e+00
1.604234941562280081e+00
1.604246423544390066e+00
1.604257944238240086e+00
1.604269103303910260e+00
1.604279297540670113e+00
1.604289680488280245e+00
1.604301126546290091e+00
1.604311150145670162e+00
1.604320744732870230e+00
1.604330949679730223e+00
1.604340547940350081e+00
1.604350791420100064e+00
1.604360992366060223e+00
1.604369974903380180e+00
1.604380169967610126e+00
1.604389073133130061e+00
1.604397482276150200e+00
1.604406840475520069e+00
1.604415369741890141e+00
1.604424394009070109e+00
1.604432543279020074e+00
1.604441628847430135e+00
1.604449748878770121e+00
1.604458992739690171e+00
1.604466607045910154e+00
1.604475075292030262e+00
1.604482851834710067e+00
1.604490502578730160e+00
1.604498809613340127e+00
1.604507002385980208e+00
1.604514456008740098e+00
1.604522198499190200e+00
1.604529790981070070e+00
1.604536950296960196e+00
1.604544906239540270e+00
1.604551598463320072e+00
1.604558921032330110e+00
1.604565421181980200e+00
1.604571921864850204e+00
1.604579204593900243e+00
1.604586145037480094e+00
1.604592469102370078e+00
1.604599345623050066e+00
1.604605809780440095e+00
1.604612422468830069e+00
1.604618577480210195e+00
1.604624646801790178e+00
1.604630599750930253e+00
1.604636636705370156e+00
1.604642855747250074e+00
1.604647576603150272e+00
1.604653401106170163e+00
1.604659296443220251e+00
1.604664450288430189e+00
1.604669216323840075e+00
1.604674807395170211e+00
1.604680321617190097e+00
1.604685163395810132e+00
1.604690069591980128e+00
1.604695598877350138e+00
1.604701138181390263e+00
1.604706384672540231e+00
1.604711388591760102e+00
1.604715786378530185e+00
1.604721015474180223e+00
1.604725858299870245e+00
1.604730492011540166e+00
1.604735615226990264e+00
1.604740478627350253e+00
1.604744790808510180e+00
1.604749648283450236e+00
1.604754299889990188e+00
1.604758205010710093e+00
1.604762930771950202e+00
1.604767041005930261e+00
1.604772079115740269e+00
1.604775909414540180e+00
1.604780406177250152e+00
1.604784304796050165e+00
1.604788514855930215e+00
1.604792599468170211e+00
1.604796393854500236e+00
1.604799475430350064e+00
1.604802795839890273e+00
1.604806462692900171e+00
1.604810220206150273e+00
1.604813259629770172e+00
1.604817411355010215e+00
1.604821100945050150e+00
1.604824380299090247e+00
1.604828284676880212e+00
1.604831655679890057e+00
1.604834733594950213e+00
1.604838342446160082e+00
1.604841791149140162e+00
1.604845117759060136e+00
1.604848417309700181e+00
1.604851715681460123e+00
1.604854967381440067e+00
1.604857560444900244e+00
1.604860853079760119e+00
1.604863360109760162e+00
1.604866667837020255e+00
1.604870389725860269e+00
1.604872685323860182e+00
1.604875527043610139e+00
1.604877910807150254e+00
1.604880204943070154e+00
1.604883146062790145e+00
1.604885705507870242e+00
1.604889040165960123e+00
1.604891620918990069e+00
1.604893947962550138e+00
1.604897086271250162e+00
1.604899582105470124e+00
1.604900546291240238e+00
1.604903725309110074e+00
1.604906493761890207e+00
1.604908651165790179e+00
1.604910664818350208e+00
1.604912993037500124e+00
1.604916168520380104e+00
1.604918623534880240e+00
1.604920315159440225e+00
1.604923055989150082e+00
1.604925026374060204e+00
1.604928277705940154e+00
1.604930091760200073e+00
1.604931134244440116e+00
1.604933938357630208e+00
1.604935600904090265e+00
1.604937459026120061e+00
1.604939102252160188e+00
1.604942013780580101e+00
1.604944404033130212e+00
1.604946713399230118e+00
1.604948327842940170e+00
1.604950299327600138e+00
1.604951582013890210e+00
1.604953814491210107e+00
1.604956709228570144e+00
1.604958414834740221e+00
1.604961106283610217e+00
1.604962346161880271e+00
1.604964428753150152e+00
1.604966593049530266e+00
1.604968172244900071e+00
1.604969657108310077e+00
1.604971224063460156e+00
1.604972452250820192e+00
1.604974123397180152e+00
1.604975173909870101e+00
1.604976649272220168e+00
1.604977670354600150e+00
1.604977978229330082e+00
1.604979390118850269e+00
1.604981349793600076e+00
1.604983283508570224e+00
1.604985136957350234e+00
1.604986664274030250e+00
1.604988581134250136e+00
1.604990061767510134e+00
1.604991752434030250e+00
1.604993198927750164e+00
1.604994220150630202e+00
1.604996405367590251e+00
1.604997419133080250e+00
1.604998497324790163e+00
1.605001153343810216e+00
1.605002033008810169e+00
1.605002885811490199e+00
1.605003460459900166e+00
1.605004592380230077e+00
1.605004573968810133e+00
1.605005450681020074e+00
1.605006332187140172e+00
1.605006254031870139e+00
1.605007861924450108e+00
1.605008738969590176e+00
1.605008975247740111e+00
1.605011020414020217e+00
1.605011825650580093e+00
1.605012224013650179e+00
1.605013612470830076e+00
1.605014655054070261e+00
1.605015993890490211e+00
1.605016912193210077e+00
1.605018169896560210e+00
1.605018657898370060e+00
1.605020343085830081e+00
1.605020975465770272e+00
1.605023635845620245e+00
1.605023716343300100e+00
1.605023915605390261e+00
1.605024761681010270e+00
1.605024236036070251e+00
1.605025490164100122e+00
1.605026391857640178e+00
1.605027284656430187e+00
1.605027331025030257e+00
1.605028986189510176e+00
1.605029237045510149e+00
1.605030223250100141e+00
1.605031044709560151e+00
1.605032370465100167e+00
1.605033418054710115e+00
1.605033141294460064e+00
1.605034956967490212e+00
1.605035828334300252e+00
1.605037294105670087e+00
1.605038554415470164e+00
1.605039361930220121e+00
1.605040378169410253e+00
1.605041441571620098e+00
1.605041918798730149e+00
1.605041532558190154e+00
1.605041709702750063e+00
1.605042945776240071e+00
1.605044118933630193e+00
1.605044899236780065e+00
1.605044914959830260e+00
1.605045378585490123e+00
1.605045627926590113e+00
1.605047141744340156e+00
1.605047988413620175e+00
1.605048077037650067e+00
1.605048902419930146e+00
1.605049879081250186e+00
1.605049751830310178e+00
1.605049937566210172e+00
1.605049804600260144e+00
1.605050741241720091e+00
1.605051773543210158e+00
1.605052239471360220e+00
1.605051033630580104e+00
1.605051602176790215e+00
1.605054048415680112e+00
1.605054112247910059e+00
1.605055230750100259e+00
1.605055521504510141e+00
1.605055723171760151e+00
1.605055267799970098e+00
1.605055509123730184e+00
1.605056492282370240e+00
1.605056168293390151e+00
1.605055816327780160e+00
1.605058002911400106e+00
1.605057931813520078e+00
1.605058755292850137e+00
1.605059067119240179e+00
1.605059616853370175e+00
1.605060142205170237e+00
1.605060536358880130e+00
1.605061217039990051e+00
1.605061741167030265e+00
1.605061727441150055e+00
1.605062038529840196e+00
1.605062669301510203e+00
1.605063782530230077e+00
1.605063510158430073e+00
1.605064348570830246e+00
1.605064284224800186e+00
1.605064239013210159e+00
1.605064765062700127e+00
1.605065438568480163e+00
1.605065933449020266e+00
1.605065720167920151e+00
1.605066612283010175e+00
1.605066787983950194e+00
1.605067387762210140e+00
1.605067256484740135e+00
1.605067381722990127e+00
1.605067445219190203e+00
1.605068422840910225e+00
1.605068495633830139e+00
1.605069086274390155e+00
1.605068499522780190e+00
1.605071241586360165e+00
1.605070541291440112e+00
1.605070293839850226e+00
1.605069834491460234e+00
1.605070605820820173e+00
1.605070713092220158e+00
1.605070930493560200e+00
1.605071805261420126e+00
1.605072058425970116e+00
1.605072242385090053e+00
1.605071216506200216e+00
1.605072008443730214e+00
1.605071728583220114e+00
1.605071922088830094e+00
1.605071824093730060e+00
1.605072371631420136e+00
1.605073489591030134e+00
1.605073998876740182e+00
1.605073986467120184e+00
1.605074346633520221e+00
1.605075135857580104e+00
1.605074674517300126e+00
1.605075363765630092e+00
1.605075859981110131e+00
1.605075425170290115e+00
1.605075477059180189e+00
1.605075702604040089e+00
1.605074733147890065e+00
1.605075409024350197e+00
1.605076114439650148e+00
1.605076577820740091e+00
1.605076822950960214e+00
1.605076042382740154e+00
1.605076453493930133e+00
1.605076894985220104e+00
1.605077913239250087e+00
1.605078525710120108e+00
1.605078197397660222e+00
1.605078499935500114e+00
1.605077938630320222e+00
1.605078691349380193e+00
1.605079750286060092e+00
1.605080119823180107e+00
1.605080435083570123e+00
1.605080414601820271e+00
1.605080281768190176e+00
1.605080525468290054e+00
1.605080420754290138e+00
1.605082034438420235e+00
1.605082203768780191e+00
1.605082306143720272e+00
1.605081850574090252e+00
1.605081744691370105e+00
1.605081407742500188e+00
1.605081444383930078e+00
1.605081465119400086e+00
1.605080776853150093e+00
1.605081493258430081e+00
1.605081740701490123e+00
1.605080328271790258e+00
1.605080856228750186e+00
1.605080711938780214e+00
1.605079891622220201e+00
1.605080478060530114e+00
1.605079701829590144e+00
1.605080687401790218e+00
1.605079988007580116e+00
1.605080051279270226e+00
1.605079330567910079e+00
1.605080099713010133e+00
1.605080076407410239e+00
1.605079891029650208e+00
1.605080315083780240e+00
1.605081180090800252e+00
1.605081413943240110e+00
1.605082037284520258e+00
1.605083030403260169e+00
1.605082805554980174e+00
1.605082861267370209e+00
1.605083083523300091e+00
1.605085360203770239e+00
1.605084629421370090e+00
1.605083951889490157e+00
1.605084681880330155e+00
1.605084057993750202e+00
1.605083793766890254e+00
1.605084179547310086e+00
1.605085684720020112e+00
1.605084858572130235e+00
1.605084486440720104e+00
1.605084171526360182e+00
1.605084041341870105e+00
1.605084515908410170e+00
1.605084731387260266e+00
1.605084869570210238e+00
1.605085432281290192e+00
1.605085149323990157e+00
1.605086087833010211e+00
1.605086440815020055e+00
1.605086128561220127e+00
1.605085738944770135e+00
1.605086015389360243e+00
1.605085935858260093e+00
1.605086747673870162e+00
1.605086699032320263e+00
1.605086188866410080e+00
1.605086424934730083e+00
1.605086734726300257e+00
1.605087153170290160e+00
1.605086887555100095e+00
1.605086811593490204e+00
1.605086673100370120e+00
1.605087068888380264e+00
1.605088925576850123e+00
1.605088176798410204e+00
1.605087213186610073e+00
1.605086705878170150e+00
1.605086940442920218e+00
1.605086159992450190e+00
