-3.095776518462820537e-01
-6.184931448133150766e-01
-9.278708297964370910e-01
-1.238995159320171346e+00
-1.553331600006250479e+00
-1.872548109715167497e+00
-2.198544593808367420e+00
-2.533483524167869483e+00
-2.879823457509356643e+00
-3.240356696538443604e+00
-3.618251874559311076e+00
-4.017102106723259070e+00
-4.440979736382240972e+00
-4.894499040593548678e+00
-5.382887736155590908e+00
-5.912070637550542074e+00
-6.488765873366043380e+00
-7.120598017572032923e+00
-7.816231759566449888e+00
-8.585530424094914181e+00
-9.439747067926996138e+00
-1.039175577049759269e+01
-1.145633461482697157e+01
-1.265051757893079909e+01
-1.399403562353993991e+01
-1.559166676827277342e+01
-1.746998513219341476e+01
-1.958151352404782131e+01
-2.187358083110553153e+01
-2.440080786462212004e+01
-2.718913821078273330e+01
-3.028121395457113607e+01
-3.372759465872839257e+01
-3.759483325030026890e+01
-4.195738503941230135e+01
-4.696622590324988522e+01
-5.283508331750531539e+01
-5.927094455439912934e+01
-6.618647492638029917e+01
-7.362649007473004303e+01
-8.169643866108287966e+01
-9.046460892851821711e+01
-9.998657697684521395e+01
-1.102615470190589662e+02
-1.214384882224363480e+02
-1.334404203639124376e+02
-1.461829642534083291e+02
-1.596892314963129138e+02
-1.738697497053704524e+02
-1.887781878642512652e+02
-2.043192120611236930e+02
-2.203781075640136464e+02
-2.369075797308496192e+02
-2.538976504770345173e+02
-2.712808096292452547e+02
-2.890356070226375209e+02
-3.071397288296094530e+02
-3.255726560980718887e+02
-3.442931374855059516e+02
-3.632817530911790982e+02
-3.825089761812275810e+02
-4.019601492500477207e+02
-4.216202295094249166e+02
-4.414668839074082030e+02
-4.614905341247128945e+02
-4.816747644830786044e+02
-5.020075266136507253e+02
-5.224828094408920833e+02
-5.430875613188125044e+02
-5.638165414359717715e+02
-5.846589314818645562e+02
-6.056100386983589487e+02
-6.266652680826481401e+02
-6.478170800763610941e+02
-6.690601944504095400e+02
-6.903911815039363091e+02
-7.118068704551471910e+02
-7.333022376910536195e+02
-7.548745408188606234e+02
-7.765215524516901269e+02
-7.982410112075968982e+02
-8.200301981732193326e+02
-8.418874353107513571e+02
-8.638113166433976176e+02
-8.857996279500555374e+02
-9.078499169896429066e+02
-9.299608230295655176e+02
-9.521309939137090623e+02
-9.743584908684382526e+02
-9.966415397268028755e+02
-1.018978861681514104e+03
-1.041369771869550505e+03
-1.063813954373768865e+03
-1.086311182419882925e+03
-1.108860350726956767e+03
-1.131460253467723533e+03
-1.154110240801355530e+03
-1.176810281145731551e+03
-1.199559771197424652e+03
-1.222357650135517815e+03
-1.245202927133438379e+03
-1.268094929669881822e+03
-1.291032927558706660e+03
-1.314015965158400832e+03
-1.337043408117229546e+03
-1.360114007279023326e+03
-1.383227249666460693e+03
-1.406383266010543593e+03
-1.429581276024673116e+03
-1.452820669276082981e+03
-1.476100800230995674e+03
-1.499420860982696013e+03
-1.522780306942694324e+03
-1.546178022695719392e+03
-1.569612922784381226e+03
-1.593084823533668668e+03
-1.616593439540836926e+03
-1.640138091308696630e+03
-1.663718337403638998e+03
-1.687333534086848658e+03
-1.710982994025966491e+03
-1.734666296938999722e+03
-1.758382924642681701e+03
-1.782131927233794158e+03
-1.805912805980743315e+03
-1.829725558070687384e+03
-1.853569699932066897e+03
-1.877444738000951475e+03
-1.901349987450223807e+03
-1.925284800641627726e+03
-1.949248565009436106e+03
-1.973241007602427999e+03
-1.997261872466514660e+03
-2.021310831815754682e+03
-2.045387384711852746e+03
-2.069490750896707596e+03
-2.093620371287425769e+03
-2.117776175345491083e+03
-2.141957735732331912e+03
-2.166164021888331263e+03
-2.190394950172782501e+03
-2.214650467620287145e+03
-2.238930178243630053e+03
-2.263233819406440034e+03
-2.287561093400418031e+03
-2.311911469952650805e+03
-2.336284486748150812e+03
-2.360680009786290157e+03
-2.385097733133738075e+03
-2.409537187565690147e+03
-2.433998245741379378e+03
-2.458480335951731377e+03
-2.482982941632969869e+03
-2.507506107509997037e+03
-2.532049563542776468e+03
-2.556613085191075697e+03
-2.581196349273227497e+03
-2.605799091081293682e+03
-2.630421303324672863e+03
-2.655062487246761521e+03
-2.679722252714891965e+03
-2.704400455198964664e+03
-2.729096773544929420e+03
-2.753810866898478707e+03
-2.778542555112772789e+03
-2.803291242034342758e+03
-2.828056767009161831e+03
-2.852839299131366261e+03
-2.877638602018465008e+03
-2.902454276141477749e+03
-2.927286194353510382e+03
-2.952134141425568487e+03
-2.976997917694829084e+03
-3.001877260745666717e+03
-3.026771958177936995e+03
-3.051681758984373118e+03
-3.076606463864683974e+03
-3.101545842955332319e+03
-3.126499699654091728e+03
-3.151467831948249568e+03
-3.176450051149684896e+03
-3.201446095196597980e+03
-3.226455716111144739e+03
-3.251478850323796451e+03
-3.276515489477520532e+03
-3.301565402778966927e+03
-3.326628330765873216e+03
-3.351704085537649917e+03
-3.376792404580362017e+03
-3.401893209894870779e+03
-3.427006348302757033e+03
-3.452131247235325191e+03
-3.477267962403184811e+03
-3.502416508471561428e+03
-3.527576675411190990e+03
-3.552748287572154368e+03
-3.577931202255557764e+03
-3.603125298287262012e+03
-3.628330408790477122e+03
-3.653546467353448861e+03
-3.678773298570845782e+03
-3.704010651140419213e+03
-3.729258342653130967e+03
-3.754516254812618627e+03
-3.779784358911392246e+03
-3.805062378865386563e+03
-3.830350078692547868e+03
-3.855647586904070977e+03
-3.880954817222387192e+03
-3.906271665081897027e+03
-3.931597963040497689e+03
-3.956933477774342464e+03
-3.982278108652265473e+03
-4.007631699929856495e+03
-4.032994126007787145e+03
-4.058365290068424201e+03
-4.083745089778110469e+03
-4.109133469192628581e+03
-4.134530279929258541e+03
-4.159935381481141121e+03
-4.185348679291289955e+03
-4.210770049062709404e+03
-4.236199379088001479e+03
-4.261636427678025939e+03
-4.287080945432347107e+03
-4.312533030291393516e+03
-4.337992680615629979e+03
-4.363459817120909065e+03
-4.388934256278497742e+03
-4.414416000958758559e+03
-4.439904979451414874e+03
-4.465401079174642291e+03
-4.490904201722124526e+03
-4.516414200077386340e+03
-4.541931056825264022e+03
-4.567454721917887582e+03
-4.592985035549018903e+03
-4.618521811475344293e+03
-4.644064982687612428e+03
-4.669614446966832475e+03
-4.695170168372739681e+03
-4.720732063609621946e+03
-4.746300066980849806e+03
-4.771874026115589913e+03
-4.797453821101064023e+03
-4.823039544446330183e+03
-4.848631068168483580e+03
-4.874228333200457200e+03
-4.899831041777910286e+03
-4.925439269819712536e+03
-4.951052997723363660e+03
-4.976672101624320931e+03
-5.002296487862673530e+03
-5.027926092519628583e+03
-5.053560843135149298e+03
-5.079200768178132421e+03
-5.104845746256197344e+03
-5.130495669108406219e+03
-5.156150618252329878e+03
-5.181810429340660448e+03
-5.207474948666792443e+03
-5.233144090898291324e+03
-5.258817822306540620e+03
-5.284496248423713951e+03
-5.310179210344308558e+03
-5.335866596720440612e+03
-5.361558453053672565e+03
-5.387254721222602711e+03
-5.412955233266183313e+03
-5.438660003259036785e+03
-5.464368909227724544e+03
-5.490081838314402376e+03
-5.515798872661845053e+03
-5.541519905274745724e+03
-5.567244953764923594e+03
-5.592973902381541848e+03
-5.618706741798964686e+03
-5.644443330004949530e+03
-5.670183704416849650e+03
-5.695927751959972738e+03
-5.721675344209239483e+03
-5.747426549307032474e+03
-5.773181264690869284e+03
-5.798939390079174700e+03
-5.824700895643033618e+03
-5.850465862143701997e+03
-5.876234231484929296e+03
-5.902005989071320073e+03
-5.927781046979202074e+03
-5.953559264815866300e+03
-5.979340666208153380e+03
-6.005125164880118973e+03
-6.030912647762026609e+03
-6.056703256544352371e+03
-6.082496861796793382e+03
-6.108293360431615838e+03
-6.134092862069462171e+03
-6.159895360676043310e+03
-6.185700671264926314e+03
-6.211508707264122677e+03
-6.237319573815686454e+03
-6.263133276279251731e+03
-6.288949747841184035e+03
-6.314768936562716590e+03
-6.340590679111674035e+03
-6.366415026399600720e+03
-6.392241868363897993e+03
-6.418071241307173295e+03
-6.443903146217905487e+03
-6.469737526230165713e+03
-6.495574339858900203e+03
-6.521413578084912842e+03
-6.547255103790144858e+03
-6.573098986341877207e+03
-6.598945125247201759e+03
-6.624793539149993194e+03
-6.650644179953622370e+03
-6.676497055217333582e+03
-6.702352025699826299e+03
-6.728209155781994014e+03
-6.754068445279150183e+03
-6.779929865192938450e+03
-6.805793261882461593e+03
-6.831658568361921425e+03
-6.857525841790717095e+03
-6.883395125774728513e+03
-6.909266440190610410e+03
-6.935139752692945876e+03
-6.961014905112130691e+03
-6.986891928663701947e+03
-7.012770878501243715e+03
-7.038651690105755733e+03
-7.064534213908491438e+03
-7.090418513365762919e+03
-7.116304505160942426e+03
-7.142192245495084535e+03
-7.168081762371059995e+03
-7.193972910110968769e+03
-7.219865744749682563e+03
-7.245760271608368384e+03
-7.271656348753474958e+03
-7.297554044998477366e+03
-7.323453263352576869e+03
-7.349354071150706659e+03
-7.375256360329768540e+03
-7.401160194295532165e+03
-7.427065481483817166e+03
-7.452972301896538738e+03
-7.478880541373489905e+03
-7.504790248505925774e+03
-7.530701416819324550e+03
-7.556613922224941234e+03
-7.582527825294329887e+03
-7.608443149724243995e+03
-7.634359766241755096e+03
-7.660277715722443645e+03
-7.686197018075213236e+03
-7.712117555771263142e+03
-7.738039400385428962e+03
-7.763962460985650978e+03
-7.789886786096303695e+03
-7.815812370842456403e+03
-7.841739091634738543e+03
-7.867667027280287584e+03
-7.893596194298965202e+03
-7.919526466891509699e+03
-7.945457816010455645e+03
-7.971390328975931880e+03
-7.997324020059205395e+03
-8.023258871874517354e+03
-8.049194843626768488e+03
-8.075131902225914018e+03
-8.101070025351973527e+03
-8.127009204753732774e+03
-8.152949313457328572e+03
-8.178890422980681251e+03
-8.204832575568687389e+03
-8.230775739075155798e+03
-8.256719776296353302e+03
-8.282664671176853517e+03
-8.308610542987586086e+03
-8.334557396345047891e+03
-8.360505110208128826e+03
-8.386453648557071574e+03
-8.412403041475145073e+03
-8.438353387518276577e+03
-8.464304683219190338e+03
-8.490256797185940741e+03
-8.516209794705688182e+03
-8.542163696268347849e+03
-8.568118379699561046e+03
-8.594073913525360695e+03
-8.620030307517805340e+03
-8.645987442549938351e+03
-8.671945298364054906e+03
-8.697903978487960558e+03
-8.723863490941688724e+03
-8.749823796183862214e+03
-8.775784897204213848e+03
-8.801746783972335834e+03
-8.827709332331525729e+03
-8.853672587912384188e+03
-8.879636574064756132e+03
-8.905601287771698480e+03
-8.931566718615787977e+03
-8.957532839941517523e+03
-8.983499529610016907e+03
-9.009466856880140767e+03
-9.035434763235549326e+03
-9.061403317082835201e+03
-9.087372435061528449e+03
-9.113342112460073622e+03
-9.139312456547766487e+03
-9.165283385066088158e+03
-9.191254859846581894e+03
-9.217226990668370490e+03
-9.243199691591460578e+03
-9.269172938279203663e+03
-9.295146824789417224e+03
-9.321121347583093666e+03
-9.347096487126676948e+03
-9.373072220430269226e+03
-9.399048530961008510e+03
-9.425025298446578745e+03
-9.451002598577761091e+03
-9.476980354841849476e+03
-9.502958645066069948e+03
-9.528937504217679816e+03
-9.554916808183714238e+03
-9.580896543092256252e+03
-9.606876795226644390e+03
-9.632857480951208345e+03
-9.658838671237852395e+03
-9.684820391383309470e+03
-9.710802571245556464e+03
-9.736785239040291344e+03
-9.762768305431343833e+03
-9.788751782693119821e+03
-9.814735745670359393e+03
-9.840720047577149671e+03
-9.866704712529352037e+03
-9.892689831977924769e+03
-9.918675457290688428e+03
-9.944661526691124891e+03
-9.970647931404309929e+03
-9.996634680780285635e+03
-1.002262188513509864e+04
-1.004860944172872405e+04
-1.007459742138963156e+04
-1.010058580494310809e+04
-1.012657462391880290e+04
-1.015256386017520708e+04
-1.017855322072265881e+04
-1.020454295285243279e+04
-1.023053310353351662e+04
-1.025652364635029517e+04
-1.028251447765478588e+04
-1.030850571201778621e+04
-1.033449735822261391e+04
-1.036048938159709178e+04
-1.038648176038238489e+04
-1.041247439635469345e+04
-1.043846732781405990e+04
-1.046446050436935548e+04
-1.049045402969380120e+04
-1.051644782331899660e+04
-1.054244188189678789e+04
-1.056843629470716951e+04
-1.059443106021925814e+04
-1.062042619108180770e+04
-1.064642163611582328e+04
-1.067241737678687969e+04
-1.069841340333746302e+04
-1.072440969233799115e+04
-1.075040625401486068e+04
-1.077640307514248889e+04
-1.080240016347046003e+04
-1.082839740465759678e+04
-1.085439453448208224e+04
-1.088039189683630684e+04
-1.090638961859655865e+04
-1.093238759186219613e+04
-1.095838586978416788e+04
-1.098438438409619266e+04
-1.101038320636317258e+04
-1.103638224646230810e+04
-1.106238156386597802e+04
-1.108838119592014664e+04
-1.111438109669005826e+04
-1.114038127218477530e+04
-1.116638167632224577e+04
-1.119238220752836241e+04
-1.121838301840583881e+04
-1.124438406289644809e+04
-1.127038533098246808e+04
-1.129638681982897469e+04
-1.132238852707902697e+04
-1.134839033572218796e+04
-1.137439234073487933e+04
-1.140039459143050408e+04
-1.142639703117826684e+04
-1.145239966653720512e+04
-1.147840248781067748e+04
-1.150440521797170913e+04
-1.153040811363485045e+04
-1.155641126590568456e+04
-1.158241455218946612e+04
-1.160841805465737343e+04
-1.163442178935431730e+04
-1.166042573644701770e+04
-1.168642979265297799e+04
-1.171243403117870548e+04
-1.173843837628394795e+04
-1.176444282119807212e+04
-1.179044749127623982e+04
-1.181645240463027767e+04
-1.184245751642355026e+04
-1.186846277168621054e+04
-1.189446820793293409e+04
-1.192047373344906919e+04
-1.194647942157473517e+04
-1.197248527942662622e+04
-1.199849122456451369e+04
-1.202449700041716460e+04
-1.205050293612026690e+04
-1.207650909197071269e+04
-1.210251544928993644e+04
-1.212852192956079307e+04
-1.215452860338013124e+04
-1.218053547726286160e+04
-1.220654243607030912e+04
-1.223254955559150585e+04
-1.225855676832820791e+04
-1.228456406641565627e+04
-1.231057155559887906e+04
-1.233657923317271707e+04
-1.236258709523329162e+04
-1.238859512409716626e+04
-1.241460321588300394e+04
-1.244061137070123914e+04
-1.246661954031033383e+04
-1.249262785295078538e+04
-1.251863633880819179e+04
-1.254464497463006774e+04
-1.257065365109129561e+04
-1.259666243129548820e+04
-1.262267125569434756e+04
-1.264868021328244140e+04
-1.267468935435939056e+04
-1.270069862629266390e+04
-1.272670801212333026e+04
-1.275271753694256222e+04
-1.277872708301331113e+04
-1.280473671425854445e+04
-1.283074634942792909e+04
-1.285675600828835923e+04
-1.288276574884422917e+04
-1.290877558339306051e+04
-1.293478549381583070e+04
-1.296079544488889042e+04
-1.298680562256689518e+04
-1.301281597905122908e+04
-1.303882647100394024e+04
-1.306483705390899740e+04
-1.309084773853465049e+04
-1.311685842158761079e+04
-1.314286918208698626e+04
-1.316888006067304559e+04
-1.319489078501079348e+04
-1.322090145816449512e+04
-1.324691233425125029e+04
-1.327292314795437778e+04
-1.329893408252109839e+04
-1.332494519259542176e+04
-1.335095645779521146e+04
-1.337696786792563944e+04
-1.340297940119272607e+04
-1.342899103795656083e+04
-1.345500277454620846e+04
-1.348101458835846825e+04
-1.350702638442735224e+04
-1.353303824607170827e+04
-1.355905021530387057e+04
-1.358506201697953293e+04
-1.361107389233629146e+04
-1.363708591771443571e+04
-1.366309796684086723e+04
-1.368911010601177077e+04
-1.371512233676042888e+04
-1.374113468239266513e+04
-1.376714702850531285e+04
-1.379315938190458837e+04
-1.381917184264908246e+04
-1.384518443433913671e+04
-1.387119703316044615e+04
-1.389720968902018831e+04
-1.392322241349132673e+04
-1.394923525924417845e+04
-1.397524816918484612e+04
-1.400126113065264690e+04
-1.402727400938444043e+04
-1.405328689530953852e+04
-1.407929989703473620e+04
-1.410531292416566066e+04
-1.413132604803798495e+04
-1.415733926778843306e+04
-1.418335255705426971e+04
-1.420936593154795264e+04
-1.423537937573329327e+04
-1.426139287303878518e+04
-1.428740641818775839e+04
-1.431341973112261439e+04
-1.433943306265204410e+04
-1.436544641672187208e+04
-1.439145985362825377e+04
-1.441747330313081875e+04
-1.444348683736382918e+04
-1.446950047644428560e+04
-1.449551422615580486e+04
-1.452152796387934177e+04
-1.454754176252124853e+04
-1.457355565259412288e+04
-1.459956958723723437e+04
-1.462558359340519746e+04
-1.465159768371576502e+04
-1.467761180879027052e+04
-1.470362594951341089e+04
-1.472964011860142637e+04
-1.475565417104613516e+04
-1.478166824343906592e+04
-1.480768239158279175e+04
-1.483369661233854458e+04
-1.485971089141464290e+04
-1.488572514140799467e+04
-1.491173940986278831e+04
-1.493775366145873522e+04
-1.496376788650036906e+04
-1.498978219583379905e+04
-1.501579650636140286e+04
-1.504181088259275930e+04
-1.506782530974032852e+04
-1.509383979665955303e+04
-1.511985437636200732e+04
-1.514586894292848774e+04
-1.517188354138962859e+04
-1.519789817671052515e+04
-1.522391283844177269e+04
-1.524992753925224497e+04
-1.527594226777455151e+04
-1.530195708374818423e+04
-1.532797194970674900e+04
-1.535398684474223774e+04
-1.538000173301530594e+04
-1.540601662829362431e+04
-1.543203153911647314e+04
-1.545804649398100446e+04
-1.548406148122754530e+04
-1.551007638222558671e+04
-1.553609124754074946e+04
-1.556210611047279963e+04
-1.558812070000071617e+04
-1.561413533467735215e+04
-1.564015012677714185e+04
-1.566616492624638886e+04
-1.569217983663557243e+04
-1.571819474511715998e+04
-1.574420977379338910e+04
-1.577022482322421456e+04
-1.579623982496445387e+04
-1.582225455167027394e+04
-1.584826933088654550e+04
-1.587428427353443476e+04
-1.590029934011435216e+04
-1.592631447865363043e+04
-1.595232970245208526e+04
-1.597834491198269461e+04
-1.600436017635533426e+04
-1.603037553543232752e+04
-1.605639086891532133e+04
-1.608240624732734432e+04
-1.610842160311879888e+04
-1.613443701244400290e+04
-1.616045249273356967e+04
-1.618646792724662737e+04
-1.621248332954724356e+04
-1.623849878278514734e+04
-1.626451420926912579e+04
-1.629052961377364409e+04
-1.631654520191845586e+04
-1.634256081462604925e+04
-1.636857645815628348e+04
-1.639459213586616897e+04
-1.642060775589540935e+04
-1.644662341689387176e+04
-1.647263905818583953e+04
-1.649865473043222300e+04
-1.652467046693317388e+04
-1.655068601424236840e+04
-1.657670159632638752e+04
-1.660271726924085669e+04
-1.662873297591004666e+04
-1.665474862692368697e+04
-1.668076433718756743e+04
-1.670678012441417741e+04
-1.673279597078785082e+04
-1.675881188125766857e+04
-1.678482780907740380e+04
-1.681084375102374179e+04
-1.683685972910065539e+04
-1.686287573621204865e+04
-1.688889166978010326e+04
-1.691490760132605283e+04
-1.694092346798434664e+04
-1.696693936548932834e+04
-1.699295532547595576e+04
-1.701897133448936438e+04
-1.704498727401295400e+04
-1.707100323876899711e+04
-1.709701925179705358e+04
-1.712303519529128243e+04
