5.056462312689555802e+03
5.056462312689555802e+03
5.056462312689555802e+03
5.056462312689554892e+03
5.056462312689548526e+03
5.056462312689555802e+03
5.056462312689555802e+03
5.056462312689555802e+03
5.056462312689555802e+03
5.056462312689555802e+03
5.056462312689553073e+03
5.056462312689555802e+03
5.056462312689555802e+03
5.056462312689520331e+03
5.056462312689555802e+03
5.056462312689555802e+03
5.056462312689553073e+03
5.056462312688247039e+03
5.056462312689555802e+03
5.056462312689551254e+03
5.056462312689045575e+03
5.056462312689555802e+03
5.056462312689551254e+03
5.056462312689555802e+03
5.056460723778359352e+03
4.151846106203988711e+03
2.931517919841563526e+03
1.814975798503846818e+03
1.149136291759158667e+03
-2.899760982661582034e+02
-1.200705316254063064e+03
-1.874492225570548044e+03
-2.410912655042532151e+03
-2.620552385534167570e+03
-2.601085942795803476e+03
-2.613440821951305225e+03
-2.514466784309837294e+03
-2.436547633775379836e+03
-2.178221559970854742e+03
-2.193070664631271939e+03
-2.078083136933763853e+03
-1.947022119759358930e+03
-1.796163845477282621e+03
-2.093605332986375288e+03
-1.662735027259609296e+03
-1.465361465730978807e+03
-1.777041180559091799e+03
-1.483274053633648691e+03
-1.501653873132110448e+03
-1.408368022657572283e+03
-1.395826634856705141e+03
-1.418535315519900905e+03
-1.354626262132383545e+03
-1.328825004441295960e+03
-1.318827269996597579e+03
-1.326872628327483426e+03
-1.282662870980261687e+03
-1.294093959257239021e+03
-1.235980342187256383e+03
-1.281274083692794875e+03
-1.182113483716861083e+03
-1.227752347668022139e+03
-1.232690631498235689e+03
-1.270189908038827525e+03
-1.248945998647282977e+03
-1.207876498434332689e+03
-1.197919230245162453e+03
-1.177824077366334450e+03
-1.180528151834166692e+03
-1.143110852141895748e+03
-1.128441196102981394e+03
-1.177344514591769894e+03
-1.157048341826210617e+03
-1.100526828143208832e+03
-1.093274364435589632e+03
-1.096054436518926877e+03
-1.048287367398455672e+03
-1.053653461692617611e+03
-1.075364454704907757e+03
-1.050370747724537523e+03
-1.028470475454448888e+03
-1.012263132386297798e+03
-1.036448968479642645e+03
-1.022551299944793300e+03
-9.880941693372304826e+02
-9.810885033212003918e+02
-9.867950497612067693e+02
-9.541635389713255790e+02
-9.360825070475829079e+02
-9.223089458886736338e+02
-9.283873676143309694e+02
-9.141580564915906280e+02
-9.195406038558129467e+02
-9.044696097533568491e+02
-8.791738652056534420e+02
-8.655297778814323237e+02
-8.728048583157882376e+02
-8.748205270114965515e+02
-8.600238137695940850e+02
-8.564603247065042524e+02
-8.362529058850705042e+02
-8.323220511592896855e+02
-8.172145994909892579e+02
-8.182198693848658877e+02
-8.015655665653888491e+02
-7.575960973527604665e+02
-7.934687477064210270e+02
-7.866894042486519538e+02
-7.758858100749686173e+02
-7.527265604126847620e+02
-7.688028498826424766e+02
-7.655982568563126733e+02
-7.683198327754898855e+02
-7.257155351289277405e+02
-7.284130846639399124e+02
-7.282909253966317920e+02
-7.289054772329459411e+02
-7.107324192706089434e+02
-7.169661113090096478e+02
-6.897750644415972374e+02
-7.055777312591836790e+02
-7.025757174776878173e+02
-6.920171535248485952e+02
-6.851977577248575244e+02
-6.695590803152532544e+02
-6.908933339409584278e+02
-6.789906679929317761e+02
-6.737477204204916461e+02
-6.641875202386210049e+02
-6.586484999900577577e+02
-6.450759003201114865e+02
-6.553883958400118672e+02
-6.516520012073461885e+02
-6.446818074901233331e+02
-6.419629522123917695e+02
-6.297956403336044104e+02
-6.214882881000647785e+02
-6.221627800229731520e+02
-6.191011453843887011e+02
-6.011401099164813786e+02
-6.171972980349382851e+02
-6.067186462656666208e+02
-6.073808710467208130e+02
-6.055422705875231486e+02
-6.063000715634420885e+02
-5.939057168064820189e+02
-5.846514833515552709e+02
-5.926709590164830388e+02
-5.866853309562148979e+02
-5.774233782314856853e+02
-5.894026252001585817e+02
-5.697845018674594257e+02
-5.647292483107019052e+02
-5.678873987164291748e+02
-5.616873341560186645e+02
-5.671323774862577238e+02
-5.566290187420913753e+02
-5.613976762338968456e+02
-5.617248371580802768e+02
-5.484152047467949842e+02
-5.518340451978543797e+02
-5.503877864023760367e+02
-5.436648296570494949e+02
-5.418143173440317923e+02
-5.398128303062262603e+02
-5.274232541683231830e+02
-5.300235061221135311e+02
-5.368939090337509015e+02
-5.304213593263251596e+02
-5.269930409901141957e+02
-5.315488386564733219e+02
-5.231286726238168967e+02
-5.177519879865797066e+02
-5.201578361238408661e+02
-5.167183705479976652e+02
-5.135170932529740639e+02
-5.131857620545033569e+02
-5.106037303271251631e+02
-5.076438154399965583e+02
-5.031004447450349062e+02
-5.023741243461433896e+02
-5.003919677960597596e+02
-4.931013660422622706e+02
-4.996387847653766130e+02
-4.991398169061769750e+02
-4.948411176991884872e+02
-4.916260164706815772e+02
-4.901043399278107131e+02
-4.847351445916530679e+02
-4.885622885507156070e+02
-4.854483978882560677e+02
-4.712241494481706923e+02
-4.825607572435438897e+02
-4.789567268551377879e+02
-4.781074954702469313e+02
-4.755402195451541729e+02
-4.764731386370665405e+02
-4.734787701541807792e+02
-4.715059471045836403e+02
-4.724085640835742197e+02
-4.688903903566190934e+02
-4.651598497097502332e+02
-4.642871204961726903e+02
-4.635034354239232925e+02
-4.625436261508106668e+02
-4.594352259188839298e+02
-4.506502586453244135e+02
-4.610764456531734368e+02
-4.584611999650950906e+02
-4.588326296430117281e+02
-4.549259761327227807e+02
-4.527539005967091725e+02
-4.527041113172659266e+02
-4.498859711058584594e+02
-4.502860883192884671e+02
-4.484792108192934279e+02
-4.473299835663811450e+02
-4.461436103175878429e+02
-4.445881567244360326e+02
-4.443698636565287643e+02
-4.423206115548837261e+02
-4.402437944924186581e+02
-4.397169381221648905e+02
-4.365906580040568770e+02
-4.294028116598284441e+02
-4.378108336063966135e+02
-4.360238177552067214e+02
-4.352393803301060302e+02
-4.252045857392976700e+02
-4.359330937786060645e+02
-4.339086894841555022e+02
-4.333018310837110789e+02
-4.326920078926304996e+02
-4.292544139617128280e+02
-4.305611703135971879e+02
-4.258630374107388548e+02
-4.285339028135195463e+02
-4.248777727178016335e+02
-4.254738941650506376e+02
-4.226569906775915797e+02
-4.234214404200704962e+02
-4.211658605710483698e+02
-4.216652995712024108e+02
-4.181480378759954419e+02
-4.173938963742342025e+02
-4.207811691639471405e+02
-4.176948528191240371e+02
-4.185689397911069705e+02
-4.126123573177684420e+02
-4.169825131829987299e+02
-4.141056296611428138e+02
-4.130938698408052119e+02
-4.116427139550695529e+02
-4.113479390639059829e+02
-4.101233604131342076e+02
-4.105684895762622659e+02
-4.111121733739949491e+02
-4.097291317678855194e+02
-4.127695505705005985e+02
-4.072481360247011253e+02
-4.056842206920367175e+02
-4.047532992064938639e+02
-4.038505029736603547e+02
-4.095241010619334929e+02
-4.042324313646491873e+02
-4.029609248990778951e+02
-4.071768594773787413e+02
-4.045793526140101903e+02
-4.010251410816167663e+02
-4.033010636089099989e+02
-4.001398088604116765e+02
-3.984112423067484201e+02
-4.015414870455440450e+02
-3.977972839412660164e+02
-4.015288158783485528e+02
-3.977069617970241779e+02
-3.990027891288855812e+02
-3.954505021118685022e+02
-3.989819756413660912e+02
-3.948285630231279129e+02
-3.935240624295638554e+02
-3.976278848109359387e+02
-3.936883030647178998e+02
-3.916117597625828921e+02
-3.916162920620241721e+02
-3.958753750287438038e+02
-3.944403632026737796e+02
-3.941263886990837477e+02
-3.925044891120911643e+02
-3.892140776843922936e+02
-3.927451555354915058e+02
-3.889317807212379421e+02
-3.867274481861650770e+02
-3.925886002006008653e+02
-3.874306049739366244e+02
-3.862874423686918135e+02
-3.913558884462940455e+02
-3.905187912699266803e+02
-3.853756626589810139e+02
-3.847078729298065127e+02
-3.893871318243780024e+02
-3.886289375201078542e+02
-3.870244013007949206e+02
-3.873157502570724091e+02
-3.833206355635441582e+02
-3.859930606430394846e+02
-3.819423925784788594e+02
-3.850658440143587882e+02
-3.851196307569358055e+02
-3.838593900349052888e+02
-3.829738633130367020e+02
-3.842693764963964327e+02
-3.798140030076726816e+02
-3.843103267607752400e+02
-3.803332478566130135e+02
-3.822401409750693801e+02
-3.805763632024039111e+02
-3.814391579238704821e+02
-3.776428964674997815e+02
-3.817101842517292312e+02
-3.815439400226047155e+02
-3.805811225029542015e+02
-3.765222189980951839e+02
-3.761122778836246425e+02
-3.789447922103015003e+02
-3.796606806375118595e+02
-3.802947027564341056e+02
-3.795781997561824710e+02
-3.752773942580665221e+02
-3.787900658900253461e+02
-3.788733137091101639e+02
-3.776712433894167020e+02
-3.738680435885526094e+02
-3.776520029137885217e+02
-3.738342775071303663e+02
-3.773015685897014464e+02
-3.772193142358400451e+02
-3.732122069896452672e+02
-3.763368717892734594e+02
-3.765981030128805287e+02
-3.726298448143228370e+02
-3.763254017664358457e+02
-3.720343632734746961e+02
-3.763902991412483630e+02
-3.717814698544211183e+02
-3.756208008991290512e+02
-3.716319954175684757e+02
-3.756449459895687824e+02
-3.713057007259279203e+02
-3.749500728472311835e+02
-3.742096943676527872e+02
-3.705175231448865816e+02
-3.737992543319491006e+02
-3.736626524574631389e+02
-3.697532709353773157e+02
-3.729931124719773265e+02
-3.729984488373262366e+02
-3.692223002177743751e+02
-3.728125081738723452e+02
-3.692113538971044591e+02
-3.725343700911628275e+02
-3.721772990882851673e+02
-3.682748036045803133e+02
-3.720683047026810755e+02
-3.716340476178980907e+02
-3.679376162935670322e+02
-3.678484062724439809e+02
-3.715855999841445509e+02
-3.711576817193509896e+02
-3.713151504413257840e+02
-3.702960443522603668e+02
-3.698008621303033578e+02
-3.692931564636097619e+02
-3.690238926281073191e+02
-3.659127459212388658e+02
-3.695775867521797977e+02
-3.695733967285667632e+02
-3.693694278514543043e+02
-3.652255609509467149e+02
-3.654424824751525307e+02
-3.698228123117324913e+02
-3.696710893145232149e+02
-3.656529247538475147e+02
-3.650123631739929806e+02
-3.660394527390284338e+02
-3.699543254305892788e+02
-3.691958911346411014e+02
-3.654205617488424878e+02
-3.688779529672386843e+02
-3.687900882239298994e+02
-3.647063478650452453e+02
-3.684593697796742617e+02
-3.677910895256901540e+02
-3.642687470957401388e+02
-3.643716772112634317e+02
-3.683824410184947737e+02
-3.686065741885348075e+02
-3.667756219686012287e+02
-3.680197410276996379e+02
-3.666603508078403024e+02
-3.631671460784976944e+02
-3.660170562098597316e+02
-3.664165404023506198e+02
-3.662806771921174800e+02
-3.660029645925047248e+02
-3.655488720682337203e+02
-3.620287035652775671e+02
-3.662494404015673695e+02
-3.622844500449565430e+02
-3.661050617275993204e+02
-3.625469699074660639e+02
-3.627437689235152902e+02
-3.668391994473529962e+02
-3.631248166005559597e+02
-3.624076705557567948e+02
-3.672573351147520953e+02
-3.631132010850991492e+02
-3.631966135381180152e+02
-3.668323370049442929e+02
-3.659023868951508121e+02
-3.657474309085116602e+02
-3.650884288963579252e+02
-3.648459092536556909e+02
-3.611107861376835331e+02
-3.649480650048257075e+02
-3.613380391152733750e+02
-3.651877531501901899e+02
-3.644085150241042470e+02
-3.611812837765647259e+02
-3.618514766615128906e+02
-3.653682052647341152e+02
-3.615377871843871276e+02
-3.650833259519933449e+02
-3.652258337308451814e+02
-3.618660701053420325e+02
-3.645142059466321598e+02
-3.609326028209989090e+02
-3.617777971230967751e+02
-3.646840450833508953e+02
-3.603213967623702843e+02
-3.611935362611768596e+02
-3.637418717626206330e+02
-3.659502614700949721e+02
-3.636320267090988523e+02
-3.601030510340416981e+02
-3.604144777325078053e+02
-3.648695563201805498e+02
-3.607569150740500845e+02
-3.642271018982568762e+02
-3.627950913749407960e+02
-3.634797396947383845e+02
-3.634961943446823511e+02
-3.537828534018808000e+02
-3.649733925392799279e+02
-3.636643914267752962e+02
-3.637325710654867521e+02
-3.600783376902881514e+02
-3.645407891369693516e+02
-3.633757374390368682e+02
-3.627954054436178808e+02
-3.630913905023804773e+02
-3.592559296594429270e+02
-3.627507057066687821e+02
-3.590956136744706555e+02
-3.629951629750689222e+02
-3.594534853605626381e+02
-3.597956516890001240e+02
-3.642273084852137686e+02
-3.626808111779483852e+02
-3.631951297576562752e+02
-3.616486069549566196e+02
-3.619061109165556900e+02
-3.614767213608184306e+02
-3.611333344390372986e+02
-3.614010370504724392e+02
-3.613714247653163056e+02
-3.616858530229286544e+02
-3.575142351015919076e+02
-3.495943876121488074e+02
-3.646435035290127189e+02
-3.637742589271159659e+02
-3.596750089125937961e+02
-3.631662735843824521e+02
-3.597947382643272931e+02
-3.634347901775396963e+02
-3.590113166964560492e+02
-3.627317656990078376e+02
-3.632130293217954886e+02
-3.620545130777745158e+02
-3.616428343082141055e+02
-3.606486213890431713e+02
-3.575325519994638057e+02
-3.624570102358940176e+02
-3.599837299864249189e+02
-3.613128196380446298e+02
-3.612126197551895075e+02
-3.607633634395584750e+02
-3.574276838118613568e+02
-3.619374796570468789e+02
-3.621037645856681024e+02
-3.612373400452225383e+02
-3.606304272398521107e+02
-3.604573908378023361e+02
-3.508150931525596548e+02
-3.619707547222780590e+02
-3.623306649032818427e+02
-3.587115273763443497e+02
-3.623480534019797688e+02
-3.617912824028687737e+02
-3.611378066034237122e+02
-3.576386431332332450e+02
-3.614178262654780838e+02
-3.579678600925893761e+02
-3.577754618792369001e+02
-3.632178789958714447e+02
-3.602851308411989066e+02
-3.611559503226798711e+02
-3.600854685119495002e+02
-3.612983717704482842e+02
-3.587954241202762091e+02
-3.614348115192320279e+02
-3.604325652328842580e+02
-3.577419864908097225e+02
-3.494516496945840913e+02
-3.632972597719855230e+02
-3.620228025346549998e+02
-3.618774408707330394e+02
-3.588138606507844202e+02
-3.621130380638405768e+02
-3.613873552520393559e+02
-3.589844446746332665e+02
-3.612227064677667272e+02
-3.577903851606225771e+02
-3.582335453742332447e+02
-3.619509138979570935e+02
-3.612295536739443378e+02
-3.613518472156653161e+02
-3.604323592378224248e+02
-3.572230238894129002e+02
-3.596081216180500633e+02
-3.569870333315450921e+02
-3.614077921713830506e+02
-3.606101933886242250e+02
-3.603651656666339704e+02
-3.572621895490565862e+02
-3.607106702409959667e+02
-3.573976916506410362e+02
-3.605676819023729536e+02
-3.614759625249711803e+02
-3.603917300654667883e+02
-3.597450259567218609e+02
-3.603249233383677392e+02
-3.566586422255136881e+02
-3.606297347217700349e+02
-3.565364512461572986e+02
-3.575760562961760911e+02
-3.586290559998230378e+02
-3.591778302888411076e+02
-3.607072625786955768e+02
-3.581003109666747264e+02
-3.630900772788555173e+02
-3.611748417097077208e+02
-3.601592698341783034e+02
-3.590792066585454450e+02
-3.604062179110048874e+02
-3.568907608030500000e+02
-3.608602595822258081e+02
-3.600683907745873285e+02
-3.507322919774802585e+02
-3.583989854974981881e+02
-3.630044764594294406e+02
-3.521941871100397066e+02
-3.628080013982702781e+02
-3.617224245590071519e+02
-3.614551018967469531e+02
-3.611855261771639221e+02
-3.607091589550607864e+02
-3.599168504465176852e+02
-3.600695701469545043e+02
-3.599219062633371777e+02
-3.562732541232374501e+02
-3.601414901495119238e+02
-3.597273005915504314e+02
-3.502518776458957745e+02
-3.618918316331414644e+02
-3.616282585637183047e+02
-3.574331676826454895e+02
-3.608247689609069653e+02
-3.593405635254668482e+02
-3.608411283593716803e+02
-3.568422317698087340e+02
-3.574536882264958422e+02
-3.613077868897760254e+02
-3.609355590661403426e+02
-3.568880252889897520e+02
-3.603043892074818473e+02
-3.597484022914591151e+02
-3.610699893483925962e+02
-3.589878943224752561e+02
-3.590723697896544877e+02
-3.549026205465002590e+02
-3.562246705428051428e+02
-3.617703895963640548e+02
-3.578421223373903786e+02
-3.621913653857056374e+02
-3.596901340668910620e+02
-3.596342485287556201e+02
-3.605772516072703979e+02
-3.588721468575628251e+02
-3.590295265654804666e+02
-3.591339674252331520e+02
-3.495914797617990644e+02
-3.608503365499906863e+02
-3.576550059078649042e+02
-3.611904470436422230e+02
-3.575590380155512662e+02
-3.610828152254842394e+02
-3.597247121560210985e+02
-3.606782552892914850e+02
-3.564548115728158564e+02
-3.604960881249700151e+02
-3.596579544151293817e+02
-3.593090157715527653e+02
-3.598949618754564881e+02
-3.597645934797432687e+02
-3.590587820965460537e+02
-3.586006383885903688e+02
-3.588482408451022820e+02
-3.544653332706851074e+02
-3.600312600256839914e+02
-3.594953063065198648e+02
-3.597352677158662004e+02
-3.594601349341740502e+02
-3.575601909452662994e+02
-3.594094385138270695e+02
-3.568092970404647417e+02
-3.563782840869865822e+02
-3.607290407231246263e+02
-3.573207309541326140e+02
-3.607997324261897916e+02
-3.599744767623393500e+02
-3.597614389799579726e+02
-3.600354859983415849e+02
-3.562368691934360072e+02
-3.594651469999161009e+02
-3.590042599556962841e+02
-3.591348950015796504e+02
-3.593118643896793856e+02
-3.590966604905866575e+02
-3.596274632098538291e+02
-3.584508519979266339e+02
-3.586841511943529213e+02
-3.578524838988942065e+02
-3.585857639840126012e+02
-3.588241310951825653e+02
-3.596394967273602106e+02
-3.587887910036367316e+02
-3.552852693620774289e+02
-3.570471817972238568e+02
-3.573043596542821092e+02
-3.485973458630431310e+02
-3.622891207301751137e+02
-3.621042083096592705e+02
-3.576658468403019810e+02
-3.620819916626473969e+02
-3.572059359181006926e+02
-3.623535838537757172e+02
-3.578833365709261898e+02
-3.567759095394555970e+02
-3.486997566396854609e+02
-3.625546049137668660e+02
-3.626675516653521640e+02
-3.620414444085555488e+02
-3.599230961434840310e+02
-3.603950032618766386e+02
-3.567979190877814517e+02
-3.604835671562123025e+02
-3.601460640101405488e+02
-3.566697776349255378e+02
-3.609218108544690153e+02
-3.566720752314706147e+02
-3.582635328235386964e+02
-3.604186648136395092e+02
-3.568023570407948455e+02
-3.568793912452736663e+02
-3.608583542694958624e+02
-3.570163567782889231e+02
-3.575462499897604403e+02
-3.636153373225100722e+02
-3.574199992514517703e+02
-3.605495484661079786e+02
-3.596406795219116361e+02
-3.562884884582399536e+02
-3.604640652757228168e+02
-3.566992762392011400e+02
-3.600870196152139897e+02
-3.598750516052612625e+02
-3.506989348825656521e+02
-3.611378305470028636e+02
-3.598432079399259464e+02
-3.591012377603937580e+02
-3.563776328930594559e+02
-3.610834139856587512e+02
-3.604309937763007952e+02
-3.591510534812938431e+02
-3.602123626870264275e+02
-3.591427571867317852e+02
-3.589097480091497800e+02
-3.593917011415587695e+02
-3.587372815840595877e+02
-3.555765342143467933e+02
-3.594937780690308955e+02
-3.557766080602868328e+02
-3.600869045276182305e+02
-3.576815562362243668e+02
-3.597780708636074678e+02
-3.561541902727178694e+02
-3.608368627462770633e+02
-3.593239955301222608e+02
-3.560730036815480162e+02
