5.056212052162389227e+03
5.056212052162389227e+03
5.056212052162389227e+03
5.056212052162388318e+03
5.056212052162356485e+03
5.056212052162389227e+03
5.056212052162389227e+03
5.056212052162389227e+03
5.056212052162389227e+03
5.056212052162389227e+03
5.056212052162368309e+03
5.056212052162389227e+03
5.056212052162304644e+03
5.056212052162123655e+03
5.056212052162165492e+03
5.056212052162389227e+03
5.056212052162345572e+03
5.056212052162389227e+03
5.056212052162389227e+03
5.056212052162329201e+03
5.056212052162224609e+03
5.056212052162389227e+03
5.056212052162389227e+03
5.056212052162377404e+03
5.056212052162383770e+03
5.056212052162389227e+03
5.056212052162365580e+03
5.056212052162363761e+03
5.056212052162389227e+03
5.056212052162351029e+03
5.056212052162384680e+03
5.056212052162354667e+03
5.056212052160375606e+03
5.056212052154643061e+03
5.056212052162272812e+03
4.327503299901391074e+03
-4.993131268240804843e+02
-4.330197082112407770e+03
-7.199667393799629281e+03
-9.096715350237907842e+03
-1.024929946447735165e+04
-1.097087826791569933e+04
-1.134045876303894875e+04
-1.156644821777532525e+04
-1.106344174067239874e+04
-1.065810568369052089e+04
-1.042400973178253298e+04
-9.914874429596080518e+03
-9.567045332223215155e+03
-8.645736060125791482e+03
-7.920190767263803536e+03
-7.402688327154997751e+03
-7.005102499225735301e+03
-6.369891025504724894e+03
-6.047974574825268064e+03
-5.697721988259805585e+03
-5.315063704214891004e+03
-4.809842771513749540e+03
-4.494730788002550980e+03
-4.107475335563286535e+03
-3.896487803426174651e+03
-3.620631920296203589e+03
-3.290451305302578021e+03
-3.111999499972579542e+03
-2.862182431578695287e+03
-2.692592538527509987e+03
-2.602080509408777743e+03
-2.384723788301633704e+03
-2.311428642562695131e+03
-2.128936060530594204e+03
-2.057168871001013940e+03
-1.967700352785912401e+03
-1.836738656355353669e+03
-1.770566298857937227e+03
-1.710505700607688595e+03
-1.677074892034479035e+03
-1.597105431423984783e+03
-1.545547236888235147e+03
-1.487906004855483616e+03
-1.477197671869664646e+03
-1.433139581272638907e+03
-1.413912351776127025e+03
-1.378516938194592058e+03
-1.356885326259794510e+03
-1.324330813438236646e+03
-1.301674705771561094e+03
-1.282722181734181049e+03
-1.266824615098661525e+03
-1.247838477763917808e+03
-1.222230963090211844e+03
-1.204653681602633924e+03
-1.194631908687758596e+03
-1.201772079058112013e+03
-1.187938164990891437e+03
-1.183356139742337064e+03
-1.164876903366395027e+03
-1.164701320649603531e+03
-1.158429397359582708e+03
-1.148340789433856571e+03
-1.128687599784506574e+03
-1.124148143049037571e+03
-1.120941814572108797e+03
-1.108394448704484375e+03
-1.093654571241594795e+03
-1.094829782166938458e+03
-1.086077048513045611e+03
-1.083155045171231222e+03
-1.074960591893114724e+03
-1.066315247157521526e+03
-1.077309447962671129e+03
-1.049062304373050210e+03
-1.037448708357186206e+03
-1.030333583634269644e+03
-1.022971632687187707e+03
-1.015377775590240731e+03
-1.017358033914767475e+03
-1.008367118033972361e+03
-1.005802460428459767e+03
-1.001898483936057346e+03
-9.998276071854864995e+02
-9.838939645977695818e+02
-9.776813409739751251e+02
-9.761638775783034134e+02
-9.555792466332561617e+02
-9.719442440019927290e+02
-9.569147959229480875e+02
-9.507173810925816042e+02
-9.513885080491563713e+02
-9.385954743739599735e+02
-9.369223142912479716e+02
-9.316684434234275614e+02
-9.289589289184615382e+02
-9.224141986484509061e+02
-9.259021550146539994e+02
-9.140449811315795614e+02
-9.073967235326372247e+02
-9.071837217796523873e+02
-9.120666495767862898e+02
-8.981539327698541229e+02
-8.879146348486624447e+02
-8.920257755300572171e+02
-8.903581426365511788e+02
-8.848464813720713664e+02
-8.832590587309108514e+02
-8.769570505614790363e+02
-8.737527092123046941e+02
-8.748778884582669662e+02
-8.705840999601838348e+02
-8.660229744962189216e+02
-8.646534159035832090e+02
-8.591135162934671143e+02
-8.540147330222467872e+02
-8.540929873436892876e+02
-8.581794217293905831e+02
-8.517770803133978461e+02
-8.491569026201939323e+02
-8.473932086583158707e+02
-8.426120421099476516e+02
-8.456480686324047156e+02
-8.384112612310719896e+02
-8.346835834280248037e+02
-8.338723672703907823e+02
-8.310473425488601151e+02
-8.272608620541768687e+02
-8.277602065376759128e+02
-8.188573695238244454e+02
-8.237909411799174677e+02
-8.225038514836926424e+02
-8.192483587453979226e+02
-8.145758118930936007e+02
-8.128670619149432923e+02
-8.129554191822536495e+02
-8.155115994824797099e+02
-8.070853596893675785e+02
-8.083389162594473873e+02
-8.045701159526697666e+02
-8.032427489829256047e+02
-7.999678227514932587e+02
-8.001499043188175619e+02
-7.994796950415910715e+02
-7.974062476279888187e+02
-7.930630839231891969e+02
-7.951064934911859154e+02
-7.910286294561853992e+02
-7.926793439657716362e+02
-7.889716136759866458e+02
-7.879353440709320466e+02
-7.860413189977489310e+02
-7.844088984774102755e+02
-7.831720929348313120e+02
-7.811399555514738040e+02
-7.764159554396064777e+02
-7.785721969302372827e+02
-7.779583667310382680e+02
-7.745080977038045376e+02
-7.741323916942719734e+02
-7.709995425604423644e+02
-7.719518193069261542e+02
-7.696769335933317961e+02
-7.699884938923808022e+02
-7.676014521040060572e+02
-7.658408080507676914e+02
-7.638307105044857508e+02
-7.630235885462946044e+02
-7.647212530798299213e+02
-7.584038486777352546e+02
-7.630472386130300038e+02
-7.607372125623749071e+02
-7.587338775678572347e+02
-7.580696787386495998e+02
-7.568899926308916974e+02
-7.538271237366246851e+02
-7.539306974450228154e+02
-7.519232288878381496e+02
-7.504283951930862031e+02
-7.502714798407236003e+02
-7.494373765153642353e+02
-7.503456956427548903e+02
-7.475207610762987542e+02
-7.459806851479511351e+02
-7.462858501058256024e+02
-7.452436422690395830e+02
-7.440961670177055112e+02
-7.401675614811789501e+02
-7.414946341999599326e+02
-7.404747359604243684e+02
-7.404952554678667411e+02
-7.399175825823914465e+02
-7.432843846491374507e+02
-7.371050473327329655e+02
-7.369561192659887183e+02
-7.352508509158418519e+02
-7.343532409479167882e+02
-7.336603833335201443e+02
-7.342900131235353456e+02
-7.364701078536461409e+02
-7.301938989391379664e+02
-7.300764483113775896e+02
-7.293035365362331959e+02
-7.290805847240335424e+02
-7.289842834996770762e+02
-7.285516143906688740e+02
-7.276127617391210833e+02
-7.264035840532932298e+02
-7.254135200086318491e+02
-7.271603151853443023e+02
-7.241398067042775892e+02
-7.246601833729198461e+02
-7.196925735929989969e+02
-7.236238704617384201e+02
-7.225672816050946494e+02
-7.213485445016505082e+02
-7.209588539256610602e+02
-7.203197658219846744e+02
-7.199140938744883442e+02
-7.216752805254342320e+02
-7.168056582370088563e+02
-7.171991798014497590e+02
-7.182207971179843753e+02
-7.163979055071540643e+02
-7.157431483218757649e+02
-7.149946802538854627e+02
-7.157723357098516317e+02
-7.150698137169144957e+02
-7.132917970336433200e+02
-7.136529710307535197e+02
-7.124387727914967172e+02
-7.124744055148712505e+02
-7.110932853461330296e+02
-7.119386303024838298e+02
-7.098672028431407171e+02
-7.099815152157367493e+02
-7.110430617297743083e+02
-7.095814081637920481e+02
-7.094342909130003818e+02
-7.081579535116892430e+02
-7.090139747545085811e+02
-7.068735364606588973e+02
-7.077603459556252119e+02
-7.063720518858683590e+02
-7.055303158982153491e+02
-7.056050337673444801e+02
-7.045948330522746801e+02
-7.050277192058806577e+02
-7.048025578208695379e+02
-7.044696352767255121e+02
-7.030453287559536193e+02
-7.043321937608111512e+02
-7.026290501918665541e+02
-7.023896591990150000e+02
-7.017018328211435119e+02
-7.016399314850717701e+02
-7.012046463082822356e+02
-7.022372503384809761e+02
-7.003658351486486708e+02
-7.006615446799580695e+02
-7.006180636754860416e+02
-7.000150760897629425e+02
-6.990456255369521159e+02
-6.990137435283745617e+02
-6.991323936852492125e+02
-6.988538258900831579e+02
-6.986736323915346247e+02
-6.976170736507233414e+02
-6.962752201983314535e+02
-6.978136306047917969e+02
-6.963080581980601664e+02
-6.970929693438168897e+02
-6.960984968851172425e+02
-6.960261868469516457e+02
-6.960706495936083229e+02
-6.952266404236714834e+02
-6.947035192157673009e+02
-6.950489889440289062e+02
-6.938412334512105417e+02
-6.948415476606427319e+02
-6.938674527879023799e+02
-6.945993093661390958e+02
-6.928243308474344531e+02
-6.937356999048953412e+02
-6.925236374581475047e+02
-6.932411834634812067e+02
-6.917253388882666059e+02
-6.919396083916138878e+02
-6.916734477537482917e+02
-6.920477586468431355e+02
-6.920274933175711567e+02
-6.916362724975350602e+02
-6.906302999196475412e+02
-6.906441883018138697e+02
-6.915890238651440995e+02
-6.902309951345669106e+02
-6.896752839145927965e+02
-6.901333258470234568e+02
-6.894673307352344409e+02
-6.900113880119665737e+02
-6.899654343668867114e+02
-6.887660977350452640e+02
-6.898858110471722966e+02
-6.886389547663992516e+02
-6.879896460415632191e+02
-6.887628513238134929e+02
-6.879116819207655453e+02
-6.882832540887644655e+02
-6.873400782173320067e+02
-6.881309004460155165e+02
-6.871591270803481848e+02
-6.881905352385281276e+02
-6.866180669849937885e+02
-6.873055309768333245e+02
-6.865343748447044163e+02
-6.862674922175492611e+02
-6.868215307277099555e+02
-6.866958115952937760e+02
-6.859726932928939505e+02
-6.861945563998876878e+02
-6.859895279691388623e+02
-6.855252416110821514e+02
-6.862889616740169458e+02
-6.850963877881823691e+02
-6.856264792933634453e+02
-6.847412066638114538e+02
-6.845908248562358267e+02
-6.852846874483589090e+02
-6.849502385956627677e+02
-6.843290283829169312e+02
-6.848762936594562234e+02
-6.845158898943551549e+02
-6.846150050909404854e+02
-6.841399295541351648e+02
-6.839760380927349388e+02
-6.837981451646750202e+02
-6.838354379588470238e+02
-6.840337271390242222e+02
-6.825747429782122708e+02
-6.834947191207088508e+02
-6.835433043130171882e+02
-6.827733306778389988e+02
-6.822607810524568777e+02
-6.829986947608773562e+02
-6.829330753671461025e+02
-6.821578944686829118e+02
-6.820518159777319624e+02
-6.826307227069959254e+02
-6.827346707401607091e+02
-6.824753935097110116e+02
-6.821598568116467050e+02
-6.814758159537467463e+02
-6.821753091687490951e+02
-6.817455227243622176e+02
-6.814793540850955651e+02
-6.819249133386489348e+02
-6.816640605447094003e+02
-6.811113267226526204e+02
-6.816529907059613151e+02
-6.814965412378783185e+02
-6.806591647140131727e+02
-6.813149938153093217e+02
-6.806769295596571965e+02
-6.815291163662953977e+02
-6.804535934770381118e+02
-6.810974230910575216e+02
-6.805328981101690715e+02
-6.807910111512660478e+02
-6.806882717580265307e+02
-6.804115587715791662e+02
-6.796857777855972245e+02
-6.797799281907120985e+02
-6.800232816623682766e+02
-6.800969472306931038e+02
-6.793292607237768834e+02
-6.803755918119738908e+02
-6.799864669034800500e+02
-6.795365234594997901e+02
-6.801622323023148056e+02
-6.796780357873454932e+02
-6.793021569965625304e+02
-6.797970964318801634e+02
-6.796521669581309197e+02
-6.794722387709779241e+02
-6.793894360787517144e+02
-6.793493857558387390e+02
-6.792877709494716783e+02
-6.786365664257318713e+02
-6.792676496012795724e+02
-6.784949238922896484e+02
-6.792111006691524153e+02
-6.796789827662022390e+02
-6.783941029713769240e+02
-6.788968562399657003e+02
-6.784134822412335097e+02
-6.781958608418999574e+02
-6.787390980094402266e+02
-6.782932183308997764e+02
-6.790283732763685975e+02
-6.783782030211639267e+02
-6.780890678331735444e+02
-6.789188413357733225e+02
-6.783779646143567561e+02
-6.767541124210825956e+02
-6.787474937137247935e+02
-6.784713583973248205e+02
-6.778233444482463028e+02
-6.775071859955675109e+02
-6.777177598474423803e+02
-6.786314448486947413e+02
-6.780556889930486477e+02
-6.772536464675548586e+02
-6.781930465823621716e+02
-6.774361092461980434e+02
-6.786818394580722043e+02
-6.773851265522412177e+02
-6.765833083076377079e+02
-6.782580568691872713e+02
-6.771342886569717621e+02
-6.771565159970804189e+02
-6.768299554805012122e+02
-6.780077863858618912e+02
-6.775656053309506888e+02
-6.775088481575915011e+02
-6.767987029200808138e+02
-6.770763381526969624e+02
-6.763440790420531812e+02
-6.771530502759043202e+02
-6.779065633787085972e+02
-6.768827319672180920e+02
-6.779422025369752873e+02
-6.766239294728457025e+02
-6.773226344964814416e+02
-6.774538811944557892e+02
-6.769359051447981983e+02
-6.768249950528710315e+02
-6.768827290889845472e+02
-6.765308840571937026e+02
-6.769229607406874720e+02
-6.762976932132818320e+02
-6.766133644845928075e+02
-6.761546723822144713e+02
-6.754869545230305903e+02
-6.764546900686140134e+02
-6.768466679560026478e+02
-6.768466307783713773e+02
-6.768185434341711471e+02
-6.765146380708972629e+02
-6.769005840754491601e+02
-6.765275535736160464e+02
-6.767643984472318834e+02
-6.765143933718337621e+02
-6.760238525445857931e+02
-6.771347191521741706e+02
-6.761063829815486770e+02
-6.761671370374682510e+02
-6.778403494805862692e+02
-6.763559937920884977e+02
-6.763273517324796558e+02
-6.760055369450958551e+02
-6.765029304806990922e+02
-6.753899301373819526e+02
-6.761305448195183772e+02
-6.760603253111387403e+02
-6.749670783452982050e+02
-6.764297064395806274e+02
-6.757657383212492732e+02
-6.751605762455450304e+02
-6.769839950572173848e+02
-6.758550228341447337e+02
-6.753463581314465500e+02
-6.762066442638500803e+02
-6.758445133786181032e+02
-6.760977022081120822e+02
-6.757364268171754702e+02
-6.760859620727468382e+02
-6.753374811992100604e+02
-6.765409907409986090e+02
-6.756017474532599181e+02
-6.776271958532021245e+02
-6.753635311148863138e+02
-6.753207185673436470e+02
-6.758472869154683167e+02
-6.744010734958607145e+02
-6.759197320511034377e+02
-6.755855776339105887e+02
-6.755882942150896042e+02
-6.748736401932974331e+02
-6.764829048825403106e+02
-6.750948324969809846e+02
-6.756332098000102633e+02
-6.754405968717575206e+02
-6.759200734341652606e+02
-6.756609862567711389e+02
-6.742714656412147178e+02
-6.761510045739406678e+02
-6.753570002794809852e+02
-6.760259203131955701e+02
-6.759583952193074765e+02
-6.755467285537504267e+02
-6.757425062572690422e+02
-6.758439196566075680e+02
-6.753681006892936693e+02
-6.744741193477264005e+02
-6.748450715117245409e+02
-6.758404441528765574e+02
-6.758602565450746624e+02
-6.755543534268235817e+02
-6.748172390222597414e+02
-6.751651301014549063e+02
-6.749012234383242230e+02
-6.761553835632562368e+02
-6.756358531953765123e+02
-6.748698939944094946e+02
-6.755192214099596413e+02
-6.757423112441840658e+02
-6.747348059434507377e+02
-6.749494347756398156e+02
-6.745479570257431305e+02
-6.755759501980870709e+02
-6.758186766542387431e+02
-6.753840546069096717e+02
-6.736045043369053928e+02
-6.750197483934429101e+02
-6.769464540318965646e+02
-6.748198971005868998e+02
-6.758010250737826254e+02
-6.751004788739122660e+02
-6.749822099670784610e+02
-6.742594617971026310e+02
-6.747816001559866663e+02
-6.754532190501728337e+02
-6.742979790632938375e+02
-6.742063150938494118e+02
-6.766064922155364911e+02
-6.746717181370688650e+02
-6.755564606516091999e+02
-6.750145705171926238e+02
-6.751578135007789569e+02
-6.750895434532659465e+02
-6.749135672926535108e+02
-6.751657545251605370e+02
-6.750373108548268419e+02
-6.744675042498570292e+02
-6.747211270062332460e+02
-6.750500412619342114e+02
-6.755797980315634277e+02
-6.744205716365859189e+02
-6.755576824409519077e+02
-6.746519017364059891e+02
-6.745525347266220706e+02
-6.750498493134330147e+02
-6.752052772107963392e+02
-6.750656488171049432e+02
-6.743583712042784555e+02
-6.754481836397487768e+02
-6.748293799703603781e+02
-6.751833431260645284e+02
-6.744884095249821030e+02
-6.746686947320162062e+02
-6.745124672208131642e+02
-6.753542713707353187e+02
-6.745145456294046653e+02
-6.749907543663839533e+02
-6.738599870767544644e+02
-6.772604119097569537e+02
-6.742784174168688196e+02
-6.745329424852421880e+02
-6.741728399115053207e+02
-6.752253231424504065e+02
-6.746226914108386836e+02
-6.746611850000839468e+02
-6.753138146377152680e+02
-6.748201798751026672e+02
-6.747630920344960259e+02
-6.736171699699782494e+02
-6.753539705489629341e+02
-6.743399116084490288e+02
-6.746873963553525755e+02
-6.743220656897908611e+02
-6.748725865269190081e+02
-6.754669155344082583e+02
-6.749877435120725977e+02
-6.745101338879762807e+02
-6.748619073779084374e+02
-6.753149543335151748e+02
-6.741288724624288307e+02
-6.751635915157711452e+02
-6.750621781750521677e+02
-6.741556994365561195e+02
-6.745247443830899101e+02
-6.746777728808633583e+02
-6.734779514057718188e+02
-6.749535288815366130e+02
-6.750391006980323709e+02
-6.748656538023715257e+02
-6.746676662363607875e+02
-6.735882894670202177e+02
-6.745769900234326997e+02
-6.746278259706709832e+02
-6.753266153043128952e+02
-6.751010621063719555e+02
-6.742017455060187103e+02
-6.747306070389688557e+02
-6.737742936534523324e+02
-6.749012804542322783e+02
-6.752915919273549434e+02
-6.747833805635442559e+02
-6.748130912830957868e+02
-6.744910626515147669e+02
-6.743231749486209310e+02
-6.746298210280150442e+02
-6.742574788728539943e+02
-6.759842100872137962e+02
-6.748387935545623577e+02
-6.748356683918830186e+02
-6.743115141673356447e+02
-6.746064710401377624e+02
-6.743508627744603245e+02
-6.746527100507827299e+02
-6.746305089821412366e+02
-6.739341770116752741e+02
-6.753243483115454637e+02
-6.750668449308894878e+02
-6.735740258511406182e+02
-6.754123100315922557e+02
-6.747376219843046101e+02
-6.739527227599903654e+02
-6.751935003439805314e+02
-6.738449644463013328e+02
-6.754594265710073842e+02
-6.738467101062813072e+02
-6.744853978844694211e+02
-6.738032902411982832e+02
-6.752573310341340402e+02
-6.744298267981571371e+02
-6.740651942194454023e+02
-6.744937486094603400e+02
-6.749181744083090280e+02
-6.743737245229917789e+02
-6.747659421199340386e+02
-6.751874993193099499e+02
-6.740969579426321161e+02
-6.742830463694698437e+02
-6.743959193280645650e+02
-6.766116161670612428e+02
-6.739802427146969421e+02
-6.738585252865218536e+02
-6.752232502848270315e+02
-6.739637424246396904e+02
-6.741555869018775411e+02
-6.747858576692625547e+02
-6.759906700046798278e+02
-6.738436954226539228e+02
-6.741162228986728451e+02
-6.740145233827629454e+02
-6.741040357124371667e+02
-6.746677450516260706e+02
-6.744543113991318251e+02
-6.743866488743032050e+02
-6.747760156533691998e+02
-6.740727659650683563e+02
-6.753583089984092567e+02
-6.748986928642294743e+02
-6.742563114267939000e+02
-6.741159900966008536e+02
-6.747074621739334361e+02
-6.743078119587769379e+02
-6.751682355629618542e+02
-6.744183560610362065e+02
-6.738746378082919364e+02
-6.744973745597442303e+02
-6.745866029130705783e+02
-6.747406766337729778e+02
-6.741513251793232939e+02
-6.743111660301162829e+02
-6.742313717116311409e+02
-6.747638964001706654e+02
-6.763938156974359117e+02
-6.741495814470594041e+02
-6.738111042171810823e+02
-6.740920998360928706e+02
-6.747083056504844762e+02
-6.737167467305955597e+02
