2.842170943040400743e-13
1.842539172204283204e+00
3.672201574733321650e+00
5.490016620421329208e+00
7.297040733647293109e+00
9.094369578334294602e+00
1.088306951206732265e+01
1.266419629060732177e+01
1.443891841313427449e+01
1.620853842997030370e+01
1.797451015073431790e+01
1.973845741681230948e+01
2.150219885101529371e+01
2.326777394210631655e+01
2.503747659171528994e+01
2.681388876256431786e+01
2.859993691048430264e+01
3.039893972669631239e+01
3.221468200535832693e+01
3.405150218266129514e+01
3.591439022926027747e+01
3.780914587595930243e+01
3.974253346800929876e+01
4.172251857261630903e+01
4.375856379214832259e+01
4.586202398198628316e+01
4.773321323835028807e+01
4.926408194661132711e+01
5.048226809488028266e+01
5.153225927419532582e+01
5.213897712620229186e+01
5.245904305469031215e+01
5.255596056775328861e+01
5.246244278558327778e+01
5.227964495782129006e+01
5.208199443755529501e+01
5.185812630140827650e+01
5.164592887964431611e+01
5.143950895932130152e+01
5.130286216952828227e+01
5.114524489881227964e+01
5.101125232654027286e+01
5.090828079407731366e+01
5.084534370407232018e+01
5.066797078823827860e+01
5.062537065854132834e+01
5.064324148033028905e+01
5.054638291452130261e+01
5.054137603290428160e+01
5.052356911034928544e+01
5.053164255531930849e+01
5.053863167126331746e+01
5.053216105224328203e+01
5.054212763684330412e+01
5.055601774733332832e+01
5.056852818048730569e+01
5.057329603627130155e+01
5.058845290940331552e+01
5.059492958547332364e+01
5.061694502236730386e+01
5.061875185653030940e+01
5.065055198304429496e+01
5.066257395460627322e+01
5.066834866506832213e+01
5.065610185943927490e+01
5.064590240374928953e+01
5.064496913411227297e+01
5.064275636844132578e+01
5.064288045203630872e+01
5.063740711274829209e+01
5.064043495830327402e+01
5.064431243666831506e+01
5.062647417830129370e+01
5.061070780385227863e+01
5.061012003584232843e+01
5.060784728780129171e+01
5.060029000335930505e+01
5.060536960986030408e+01
5.060466717884128229e+01
5.059213056221932447e+01
5.058406515984631824e+01
5.057961703859132285e+01
5.057695525479931575e+01
5.056169078481332235e+01
5.054705674327232146e+01
5.054054789055828678e+01
5.053266946132328030e+01
5.051883631329030777e+01
5.051270035244431256e+01
5.050937654614529038e+01
5.050747313461232579e+01
5.049992099583431582e+01
5.049392687103932076e+01
5.048252840910532768e+01
5.047300998691730456e+01
5.046923539630330424e+01
5.046727221898032667e+01
5.045966010325429352e+01
5.044816342762430850e+01
5.043882046315530943e+01
5.042769629851130730e+01
5.042085155917231987e+01
5.041258457015328531e+01
5.040697714522730166e+01
5.039831584918732688e+01
5.039298551920131786e+01
5.040112501785131371e+01
5.039414844169431262e+01
5.038712078808430306e+01
5.038156086964528413e+01
5.038208051347629635e+01
5.037461758718927740e+01
5.036597552383130960e+01
5.035399573775828230e+01
5.035516192450529616e+01
5.035342537982631939e+01
5.034975326048731858e+01
5.034384773295630566e+01
5.034253383046427643e+01
5.033708702612432262e+01
5.033961378030232936e+01
5.033470738025329183e+01
5.032902039338330269e+01
5.032532070930727741e+01
5.032234007273228826e+01
5.032335452072828730e+01
5.031501578640330763e+01
5.030918799441832334e+01
5.030355035919831153e+01
5.029971465908931805e+01
5.029629757109529464e+01
5.029627293369827612e+01
5.029104984134630740e+01
5.028561664987330460e+01
5.028117267182028627e+01
5.027622104480428789e+01
5.027421946955428211e+01
5.027387415294828088e+01
5.027197844092432888e+01
5.026986771461730541e+01
5.027299468572027763e+01
5.026912350004528207e+01
5.026774042565131140e+01
5.026487587070130303e+01
5.026141527552329080e+01
5.025641155233927293e+01
5.025463537747930332e+01
5.025505838083728349e+01
5.025146233046029920e+01
5.024885027618131517e+01
5.024846444425031677e+01
5.024264078001829148e+01
5.024275515140328707e+01
5.024369221642928096e+01
5.024249589766827739e+01
5.024252855352932556e+01
5.023959553367029685e+01
5.023943673929329634e+01
5.023658201515729615e+01
5.023258394882032007e+01
5.023239352606628927e+01
5.023004072529431596e+01
5.022724767015932912e+01
5.022593770285629944e+01
5.022439224664231006e+01
5.022267198381831577e+01
5.022456873911028197e+01
5.022473943258228246e+01
5.022158919713831438e+01
5.021989293036529034e+01
5.021859635839530256e+01
5.021481502917129092e+01
5.021321386535032616e+01
5.021275941455530756e+01
5.021066200426832893e+01
5.020901312156729546e+01
5.020774977542231454e+01
5.020584882214131994e+01
5.020412161093429404e+01
5.020272097266831679e+01
5.020224258248532578e+01
5.020133329809732459e+01
5.020044728200332429e+01
5.020152613539727326e+01
5.019960317292327545e+01
5.019716234663127352e+01
5.019558086778732786e+01
5.019449809124932926e+01
5.019332096818732225e+01
5.019345498351532342e+01
5.019160049170028515e+01
5.019023445213832701e+01
5.019341948113532226e+01
5.019199516722028420e+01
5.019127295453131410e+01
5.019027875143632400e+01
5.018963743251731557e+01
5.018809394031632110e+01
5.018705863597131156e+01
5.018618187923829055e+01
5.018443022937032083e+01
5.018339382321232733e+01
5.018317693526529411e+01
5.018277045597830011e+01
5.018214355581727659e+01
5.018136091890130501e+01
5.018120575730830524e+01
5.018376450440229064e+01
5.018213689568932523e+01
5.018095286603630711e+01
5.017914605339427681e+01
5.017826027126432109e+01
5.017769690246427672e+01
5.017669987018632582e+01
5.017626903714932496e+01
5.017525672902331735e+01
5.017445465719231379e+01
5.017363549284129931e+01
5.017281800810030745e+01
5.017214193311730241e+01
5.017113103578532218e+01
5.017044669596231188e+01
5.017011315312231545e+01
5.016958228423430910e+01
5.016979777497630266e+01
5.017225935388927383e+01
5.017136932210331679e+01
5.017074369973829562e+01
5.017003060522131364e+01
5.017259075871629648e+01
5.017097861682128723e+01
5.016971641180327879e+01
5.016830392854132015e+01
5.016674312238228595e+01
5.016606129478230969e+01
5.016456455374429879e+01
5.016441523649132250e+01
5.016297917973332687e+01
5.016252276078932937e+01
5.016153317558132585e+01
5.016123908519131191e+01
5.016036344906530076e+01
5.015999082469932091e+01
5.015913886128328159e+01
5.015925631247728234e+01
5.015937005224731138e+01
5.015798100485028499e+01
5.015740208495128627e+01
5.015622168125031521e+01
5.015690587981032422e+01
5.015576091102730061e+01
5.015537121470032389e+01
5.015508365256329171e+01
5.015506372854628125e+01
5.015490232790131131e+01
5.015493627615228434e+01
5.015456826460228967e+01
5.015375522695831023e+01
5.015318765514331290e+01
5.015127088397628086e+01
5.015107833263931525e+01
5.015122304255328345e+01
5.015148718233331238e+01
5.015186649288131093e+01
5.014998180930228955e+01
5.014975367003631845e+01
5.014977046893727675e+01
5.014805147241929717e+01
5.014702517363332390e+01
5.014705958079127868e+01
5.014607099925228795e+01
5.014600708786832683e+01
5.014637507126030869e+01
5.014542691711329780e+01
5.014562354549832435e+01
5.014428676132428109e+01
5.014411796325532578e+01
5.014329458232032266e+01
5.014355981664328965e+01
5.014237610825529146e+01
5.014249440263932911e+01
5.014291794940731961e+01
5.014169618794028338e+01
5.014170474099830699e+01
5.014230233399229064e+01
5.014275181427331063e+01
5.014150910571032682e+01
5.014059680374828076e+01
5.013961945129329933e+01
5.013905175139427683e+01
5.013951122068630184e+01
5.013855377437528205e+01
5.013880697285628685e+01
5.013972073588831790e+01
5.013839053220527830e+01
5.013875432269827570e+01
5.013940248463831040e+01
5.013809278956830440e+01
5.013691715383231440e+01
5.013744166801029678e+01
5.013808985490129544e+01
5.013692868676531589e+01
5.013588407376528266e+01
5.013526769643027592e+01
5.013440536451429352e+01
5.013484591360128206e+01
5.013420819797431705e+01
5.013490244920831174e+01
5.013436463760729112e+01
5.013367710753129813e+01
5.013331385631931880e+01
5.013314902007130058e+01
5.013239895414432112e+01
5.013313399533728898e+01
5.013215000228132112e+01
5.013247471572628911e+01
5.013201110598731702e+01
5.013203414205929676e+01
5.013164227055432320e+01
5.013251426944032119e+01
5.013183459519228791e+01
5.013109883888330387e+01
5.013059564987031536e+01
5.013145406111630109e+01
5.013238790647130827e+01
5.013222540121529391e+01
5.013170659696328357e+01
5.013085340278928470e+01
5.013014797061231320e+01
5.013089390321130168e+01
5.013029866873830542e+01
5.012957167784230705e+01
5.012917650911032297e+01
5.013006509545732570e+01
5.012952258509727699e+01
5.013026737134430277e+01
5.012969419863827625e+01
5.012905646072732679e+01
5.012977543550130122e+01
5.012930316504332495e+01
5.012864765537528910e+01
5.012933743454328805e+01
5.012863155635432122e+01
5.012938852347929242e+01
5.012851426621529072e+01
5.012921558624429963e+01
5.012847331893328828e+01
5.012908724579529007e+01
5.012819435170928273e+01
5.012878261264927460e+01
5.012799876947627808e+01
5.012739716577527815e+01
5.012805255670627957e+01
5.012747168584331803e+01
5.012686221104627293e+01
5.012759082086131457e+01
5.012710279875130936e+01
5.012653965809931833e+01
5.012726997674428731e+01
5.012665928085027645e+01
5.012727894793931682e+01
5.012665309430030902e+01
5.012608383550229973e+01
5.012685750081629976e+01
5.012622149966932739e+01
5.012567209025831971e+01
5.012639372008629834e+01
5.012711273670532819e+01
5.012644385085127396e+01
5.012586113832531964e+01
5.012515562603732633e+01
5.012475114380828245e+01
5.012446634729928974e+01
5.012430951145330482e+01
5.012419819720128089e+01
5.012516333213432063e+01
5.012477872558127956e+01
5.012433958754530750e+01
5.012391760456432621e+01
5.012494063152530543e+01
5.012586637640930576e+01
5.012518506645227490e+01
5.012449795169129629e+01
5.012520572225832893e+01
5.012612092964229760e+01
5.012664524210532591e+01
5.012572350259131326e+01
5.012501219079331349e+01
5.012560977914330351e+01
5.012493071958732571e+01
5.012422720397228204e+01
5.012494620957329516e+01
5.012428630793328921e+01
5.012381427664928424e+01
5.012456890503028717e+01
5.012526875148830641e+01
5.012449773498127570e+01
5.012359049429630886e+01
5.012328844306932751e+01
5.012249392277732341e+01
5.012213786880329280e+01
5.012300448190228508e+01
5.012282808423930192e+01
5.012247008114428581e+01
5.012212024210629124e+01
5.012183064041528269e+01
5.012166714381129395e+01
5.012274350069128559e+01
5.012228832652431265e+01
5.012322730781528435e+01
5.012277681608031799e+01
5.012357389836131460e+01
5.012429065158931962e+01
5.012351369038532312e+01
5.012403357926331182e+01
5.012479805264928245e+01
5.012379792513428356e+01
5.012424563577229719e+01
5.012464729064231506e+01
5.012371585189430334e+01
5.012307135549031045e+01
5.012244096680132088e+01
5.012200803774931046e+01
5.012162720017931861e+01
5.012256467462731280e+01
5.012211214792932878e+01
5.012293131979430427e+01
5.012235353287428552e+01
5.012201996537430659e+01
5.012282343155129638e+01
5.012338160138131116e+01
5.012265788532130273e+01
5.012328045932429177e+01
5.012261295602831979e+01
5.012185539860331573e+01
5.012227395875532920e+01
5.012172332064130842e+01
5.012243488931727597e+01
5.012283784965131872e+01
5.012217842576228577e+01
5.012306189153429159e+01
5.012363193197228384e+01
5.012327393557632149e+01
5.012208798540831367e+01
5.012169260166928098e+01
5.012254632157032574e+01
5.012329024860031268e+01
5.012242156316830233e+01
5.012300189292329833e+01
5.012232261007727629e+01
5.012212716165129223e+01
5.012166170555531153e+01
5.012116170960831596e+01
5.012414901118830812e+01
5.012314312245729298e+01
5.012256920134728944e+01
5.012193990008330502e+01
5.012260178774931774e+01
5.012164899465329881e+01
5.012107863160730403e+01
5.012068898998830946e+01
5.012016767560032804e+01
5.012100733247331164e+01
5.012058848780827702e+01
5.012146813379530386e+01
5.012094399274127454e+01
5.012167489879431059e+01
5.012228638354230270e+01
5.012129503916827389e+01
5.012082518359528649e+01
5.012014417743029071e+01
5.011999311927132794e+01
5.011973244955532891e+01
5.011960830647529974e+01
5.011959317113627321e+01
5.011946872518427654e+01
5.011934003383828440e+01
5.011908263114429474e+01
5.012031744365827990e+01
5.012443857815429737e+01
5.012320286743528186e+01
5.012223867369829122e+01
5.012272249524528434e+01
5.012194298911327905e+01
5.012235310081229045e+01
5.012144458560328530e+01
5.012210367409932132e+01
5.012142164454428439e+01
5.012053773208128860e+01
5.012004081524929688e+01
5.011967052632132891e+01
5.011964115265527653e+01
5.012072946703329990e+01
5.012005275342932009e+01
5.012024492292027844e+01
5.011995144089132737e+01
5.011967769150430740e+01
5.011955071871028622e+01
5.012061920216331146e+01
5.012007300559628220e+01
5.011944415993627899e+01
5.011910470590731848e+01
5.011896816223327278e+01
5.011888270541930979e+01
5.012227745026928005e+01
5.012171038780627441e+01
5.012099025285527887e+01
5.012155386362928766e+01
5.012080696764832055e+01
5.012023489379231478e+01
5.011987729860129548e+01
5.012076984143027403e+01
5.012030912122730797e+01
5.012107821864827883e+01
5.012192869812929530e+01
5.012082278502430199e+01
5.012074343359728346e+01
5.012033970711331676e+01
5.012030637984332770e+01
5.011982631688431411e+01
5.012023356627230442e+01
5.011968896395228512e+01
5.011948704930131271e+01
5.012024769172029437e+01
5.012402186734527731e+01
5.012287158248727792e+01
5.012214679972532849e+01
5.012144977837027682e+01
5.012183782352030903e+01
5.012103498084928788e+01
5.012046857784531539e+01
5.012075189247332219e+01
5.012022625623728800e+01
5.012092419315030156e+01
5.012147344905332602e+01
5.012068505606930557e+01
5.012013245022228602e+01
5.011951639185531349e+01
5.011921262023128065e+01
5.012005796516729106e+01
5.012005605342528725e+01
5.012099778618431856e+01
5.012035770557531578e+01
5.011998526854432612e+01
5.011968734384231539e+01
5.012050042958628637e+01
5.012008079771629809e+01
5.012084514802529611e+01
5.012047639279728628e+01
5.011976494703731078e+01
5.011942371002731988e+01
5.011930372782831000e+01
5.011896664874632279e+01
5.011994415011332649e+01
5.011950449256232787e+01
5.012053135383331437e+01
5.012120333652029558e+01
5.012150657132730203e+01
5.012161430479329738e+01
5.012116670657729856e+01
5.012164725394330844e+01
5.012032940816527571e+01
5.011966787342629459e+01
5.011935367499728500e+01
5.011941900207932576e+01
5.011900212475529770e+01
5.011984389745430235e+01
5.011926640605929606e+01
5.011895771546431888e+01
5.012201737124331657e+01
5.012237464687427746e+01
5.012106980374431942e+01
5.012364149889128839e+01
5.012243158370432639e+01
5.012158036947130313e+01
5.012080095385931600e+01
5.012009622232528727e+01
5.011954313874230138e+01
5.011926005261432238e+01
5.011891177927327590e+01
5.011860553767832016e+01
5.011960971187630776e+01
5.011923608691631671e+01
5.011900033123532694e+01
5.012218578471032515e+01
5.012123446699530405e+01
5.012035158013827640e+01
5.012096217391029995e+01
5.012035748651328504e+01
5.012027210141428668e+01
5.011963873921132517e+01
5.012043443499129580e+01
5.012102606636830160e+01
5.012023469652427821e+01
5.011955566936529749e+01
5.012032232128132136e+01
5.011986909283530167e+01
5.011960338844431817e+01
5.011885041494832649e+01
5.011883016505532851e+01
5.011877683691830043e+01
5.012022946915232069e+01
5.012123762802332294e+01
5.012026117068830899e+01
5.012067981429231622e+01
5.011953235262228645e+01
5.011925944987632420e+01
5.011899802211331689e+01
5.011838688913832129e+01
5.011837597435732050e+01
5.011830620018031368e+01
5.011819528913429167e+01
5.012153399910431517e+01
5.012087874392528875e+01
5.012136140424831865e+01
5.012057417269232928e+01
5.012107954250728881e+01
5.012031995214829294e+01
5.012003096250231238e+01
5.011938775262632362e+01
5.012025548262329266e+01
5.011968034812429096e+01
5.011939249484930770e+01
5.011922215726127661e+01
5.011883396225232445e+01
5.011848184166728970e+01
5.011837509958030523e+01
5.011843027608631473e+01
5.011839598015228603e+01
5.011994600779729581e+01
5.011951864711528515e+01
5.011927307727432890e+01
5.011893310222330911e+01
5.011868289649532926e+01
5.011911289944629289e+01
5.011888302883329516e+01
5.011958728473132396e+01
5.012046377452827528e+01
5.011978583260531650e+01
5.012032311932227913e+01
5.011961308571028439e+01
5.011918263030730714e+01
5.011881730096831689e+01
5.011834254147629508e+01
5.011922985752431714e+01
5.011896974760327339e+01
5.011886884785531038e+01
5.011871708286628291e+01
5.011849646551428350e+01
5.011834728599728805e+01
5.011800136495128299e+01
5.011807188073930774e+01
5.011805893216427421e+01
5.011834589987927302e+01
5.011837379544732585e+01
5.011831526607932119e+01
5.011795932331330050e+01
5.011790165947928699e+01
5.011910994984128820e+01
5.011970976031631153e+01
5.012023034431229007e+01
5.012391415349327417e+01
5.012273228442131767e+01
5.012158581004530333e+01
5.012201550074530587e+01
5.012085589301130994e+01
5.012143080348931790e+01
5.012015549510329038e+01
5.012046516717231270e+01
5.012118228635432615e+01
5.012483920008332916e+01
5.012357072843531114e+01
5.012222768308930654e+01
5.012107609757327964e+01
5.012066123605632129e+01
5.012006414086931727e+01
5.012075319517327898e+01
5.012012446632832052e+01
5.011960129710632827e+01
5.012032256416330256e+01
5.011952200029128335e+01
5.012023890522527836e+01
5.012039689484930705e+01
5.011977792350228356e+01
5.012045165342129849e+01
5.012111350113332264e+01
5.012035070375429768e+01
5.012095857296930035e+01
5.012138889796830199e+01
5.011963222981830768e+01
5.012007335366928373e+01
5.011939209403328732e+01
5.011902222336129853e+01
5.011985599944631531e+01
5.011919869070430877e+01
5.011988712501431564e+01
5.011936599056929253e+01
5.011890804068332272e+01
5.012175952508232513e+01
5.012090299184330888e+01
5.012049270593030315e+01
5.012033993714629787e+01
5.012116843691927670e+01
5.012031353511230236e+01
5.011967268777232221e+01
5.011947857375730564e+01
5.011889503618732533e+01
5.011868375468031900e+01
5.011855130789729174e+01
5.011824092921830243e+01
5.011815954890028024e+01
5.011922007244430688e+01
5.011888895999931037e+01
5.011989469014127963e+01
5.011936496684131725e+01
5.011969218093531708e+01
5.011926828868831763e+01
5.012014505906728346e+01
5.011934831921831801e+01
5.011907882920132806e+01
5.011997897357127840e+01
