1.705302565824240446e-13
1.846958306476210510e+00
3.679377599047199965e+00
5.498215621243161877e+00
7.304504374387192911e+00
9.099356463823198737e+00
1.088404471922416406e+01
1.265999485011917614e+01
1.442868414260817644e+01
1.619166282220220410e+01
1.795056886803718044e+01
1.970715821276019142e+01
2.146332787727419600e+01
2.322114589622520953e+01
2.498288843682820470e+01
2.675106911671718990e+01
2.852849640135821119e+01
3.031831642011121630e+01
3.212408086450619749e+01
3.394983044687518259e+01
3.580018201526019084e+01
3.768045542993820618e+01
3.959682638092817797e+01
4.155651387907221306e+01
4.356804669915118211e+01
4.564158425193221547e+01
4.778831577210320347e+01
5.002056914063916793e+01
5.235361621481519023e+01
5.480755008059816191e+01
5.740779572957916344e+01
6.018727234277821481e+01
6.319092620576219588e+01
6.648069256388720305e+01
7.014452312779718568e+01
7.431212432116518585e+01
7.890524150256618441e+01
8.256804473293220781e+01
8.550792207208718310e+01
8.788687646475921156e+01
8.987609994464918373e+01
9.159744491831918367e+01
9.308867151736916412e+01
9.437601105956019865e+01
9.542134438719216405e+01
9.642850532144018416e+01
9.734475878304516527e+01
9.807657165844921110e+01
9.869442652314717179e+01
9.912586374936716993e+01
9.958153271887920255e+01
1.000204280318151859e+02
1.003847201085571896e+02
1.006400723389231757e+02
1.008869848064782104e+02
1.010309146795221977e+02
1.010931064067771672e+02
1.011006049997301943e+02
1.011177118830561881e+02
1.010961997618462078e+02
1.010783299608651760e+02
1.010158723152611628e+02
1.009440151012581737e+02
1.008959410076631684e+02
1.008292878830092150e+02
1.007790487853861805e+02
1.007259034300452072e+02
1.006480851929761684e+02
1.005972624785381981e+02
1.005284559889931870e+02
1.004856098587661677e+02
1.004344759587322073e+02
1.003846661579411830e+02
1.003547698845451919e+02
1.003253764053291661e+02
1.002967442570641765e+02
1.002612902179262164e+02
1.002374829220981951e+02
1.002174131493312075e+02
1.002048724650031772e+02
1.001844103916191671e+02
1.001687623106121805e+02
1.001501795026362061e+02
1.001351675978091862e+02
1.001196531787151685e+02
1.001082722989391982e+02
1.000982872584451684e+02
1.000889038777671658e+02
1.000794913275672116e+02
1.000715997207431656e+02
1.000681041643342155e+02
1.000681407026272041e+02
1.000699923155331703e+02
1.000671505665112022e+02
1.000666484775161962e+02
1.000651409971412136e+02
1.000675350293182078e+02
1.000673394770441860e+02
1.000665296424821804e+02
1.000664080247071865e+02
1.000704517652571894e+02
1.000733865873411901e+02
1.000746257079111956e+02
1.000774463281072144e+02
1.000827309324201906e+02
1.000848371113361850e+02
1.000872030724742103e+02
1.000877479084801962e+02
1.000883112622331623e+02
1.000891023363211616e+02
1.000830543283472025e+02
1.000841018316011741e+02
1.000866800315841942e+02
1.000892764710791880e+02
1.000920258695261964e+02
1.000950659718822067e+02
1.000949816049831611e+02
1.000956405157451741e+02
1.000948179858831963e+02
1.000929846900831990e+02
1.000895002371202054e+02
1.000893943064612017e+02
1.000893959215611630e+02
1.000878612255002054e+02
1.000916982369441826e+02
1.000878210732992102e+02
1.000872690727841814e+02
1.000870832726301956e+02
1.000848345528801815e+02
1.000853601743862100e+02
1.000848208973841906e+02
1.000845072206961959e+02
1.000835518610342092e+02
1.000833603203572011e+02
1.000803682630672142e+02
1.000800492185852022e+02
1.000807021968751656e+02
1.000800741000251719e+02
1.000762777043011624e+02
1.000760238803871971e+02
1.000782158176011762e+02
1.000777883574741622e+02
1.000767246799521786e+02
1.000764175290561866e+02
1.000755101635081701e+02
1.000757088552591654e+02
1.000759713538261622e+02
1.000747481549631743e+02
1.000739535456701788e+02
1.000737360511071756e+02
1.000729896344382155e+02
1.000732201475522061e+02
1.000743407670781835e+02
1.000745303674372053e+02
1.000722982092032112e+02
1.000713528887541770e+02
1.000704149705601935e+02
1.000691957660171738e+02
1.000687950426942052e+02
1.000664335911991998e+02
1.000657593348341834e+02
1.000656060262421647e+02
1.000649542704501869e+02
1.000645208835591689e+02
1.000646786622751847e+02
1.000639127171111795e+02
1.000656015353591783e+02
1.000648578184171811e+02
1.000638188987431931e+02
1.000631995031131964e+02
1.000635490562781911e+02
1.000638497913301990e+02
1.000634524589302146e+02
1.000614333353441907e+02
1.000617096035832105e+02
1.000609023911101758e+02
1.000607863168311837e+02
1.000605213326492162e+02
1.000608142454711924e+02
1.000604463280581626e+02
1.000597000914701766e+02
1.000590762483892036e+02
1.000594164738241716e+02
1.000584630907341648e+02
1.000583772973571968e+02
1.000571357386072009e+02
1.000566312331341692e+02
1.000559434027591692e+02
1.000553825951761837e+02
1.000548702445411777e+02
1.000542728533852141e+02
1.000538828401831779e+02
1.000546968144761877e+02
1.000542844600792023e+02
1.000535917483381922e+02
1.000536402711371693e+02
1.000533598301851725e+02
1.000537373281071609e+02
1.000533293524852070e+02
1.000532695100101819e+02
1.000526434397571620e+02
1.000524069423082096e+02
1.000523603161202004e+02
1.000526092518732071e+02
1.000527369919021794e+02
1.000518329175671965e+02
1.000527565649431949e+02
1.000516361866011721e+02
1.000508914644871652e+02
1.000504418844851671e+02
1.000498232714481901e+02
1.000492199882581872e+02
1.000493218543311968e+02
1.000490218288481969e+02
1.000490680945482040e+02
1.000492961253692101e+02
1.000492327051121606e+02
1.000491108908071851e+02
1.000483004915101901e+02
1.000481254202541663e+02
1.000481589853351920e+02
1.000477469519041733e+02
1.000473592086501640e+02
1.000470410409321858e+02
1.000478094622212097e+02
1.000478199051152046e+02
1.000478843743802031e+02
1.000476329340592088e+02
1.000472694673611613e+02
1.000453669274191952e+02
1.000453134664412005e+02
1.000450284875661850e+02
1.000450650380631714e+02
1.000451481241551619e+02
1.000452068797521861e+02
1.000447617522671635e+02
1.000432297349531723e+02
1.000436253685041947e+02
1.000438226699731672e+02
1.000440480041331739e+02
1.000441047160022094e+02
1.000439395493901884e+02
1.000436663102152011e+02
1.000434665652711601e+02
1.000434466186151781e+02
1.000435398342862072e+02
1.000427629551581958e+02
1.000428025943451757e+02
1.000424220679822156e+02
1.000435908444061965e+02
1.000431649529991773e+02
1.000428696767951919e+02
1.000427753424662001e+02
1.000425961931952088e+02
1.000424217747622038e+02
1.000421717885391786e+02
1.000410617607701624e+02
1.000414544202981801e+02
1.000415246125311910e+02
1.000410272427271821e+02
1.000409663592191691e+02
1.000409445736881935e+02
1.000410004258312142e+02
1.000405879628161756e+02
1.000402212098401833e+02
1.000402962578411916e+02
1.000400632398491894e+02
1.000400777591491988e+02
1.000399019256352062e+02
1.000400407513652112e+02
1.000397054565252120e+02
1.000399305140911679e+02
1.000399557494251894e+02
1.000394288689971631e+02
1.000392393409022134e+02
1.000389314050651706e+02
1.000389111441281784e+02
1.000384231878782089e+02
1.000385317262891931e+02
1.000381730731091920e+02
1.000381494827731785e+02
1.000382827690461909e+02
1.000382495474461848e+02
1.000384353409152141e+02
1.000383302404952133e+02
1.000381595085511890e+02
1.000379607550781884e+02
1.000381296631381929e+02
1.000377042679731971e+02
1.000377380423531690e+02
1.000377275212532027e+02
1.000378333498081815e+02
1.000378367104202084e+02
1.000378692286741966e+02
1.000374020851401724e+02
1.000374644264251742e+02
1.000373016504921679e+02
1.000370260065571983e+02
1.000368362992782068e+02
1.000368720330901624e+02
1.000368071462481794e+02
1.000365827597831867e+02
1.000363361114472127e+02
1.000360322429111761e+02
1.000359871158111673e+02
1.000363192706161612e+02
1.000360052190201827e+02
1.000361154155871759e+02
1.000358439967471895e+02
1.000358168214511920e+02
1.000357142373401871e+02
1.000354913984531890e+02
1.000354649842071808e+02
1.000355312381541921e+02
1.000353805348191827e+02
1.000355656228811654e+02
1.000353049967092147e+02
1.000352918581791641e+02
1.000349231518321744e+02
1.000350905902751606e+02
1.000348503999691729e+02
1.000349508798481679e+02
1.000347118908562152e+02
1.000349258048091770e+02
1.000349911571011603e+02
1.000350743948162062e+02
1.000349451220502033e+02
1.000347357022391748e+02
1.000345774282212119e+02
1.000346975514831911e+02
1.000347415124431905e+02
1.000343688233031685e+02
1.000343929064991926e+02
1.000345459594901740e+02
1.000344675525981870e+02
1.000345541165891632e+02
1.000343765766072011e+02
1.000341359483791734e+02
1.000342486129201802e+02
1.000338942397291930e+02
1.000339064212271865e+02
1.000340895364931839e+02
1.000339368999061662e+02
1.000340204795342061e+02
1.000339099371321936e+02
1.000340725368071730e+02
1.000338945590581829e+02
1.000339977703171712e+02
1.000336719034481803e+02
1.000338390908422070e+02
1.000337070687241976e+02
1.000337885073622033e+02
1.000339128227452079e+02
1.000337847365431685e+02
1.000336379422602135e+02
1.000336895852711905e+02
1.000336083613111668e+02
1.000335426033861950e+02
1.000335883830551893e+02
1.000333073140271836e+02
1.000333925338632071e+02
1.000332400145821907e+02
1.000333500371731930e+02
1.000334710599511823e+02
1.000332974725391750e+02
1.000331869915032144e+02
1.000332483227172133e+02
1.000330686508081612e+02
1.000329647260712136e+02
1.000327753180491754e+02
1.000327042112712093e+02
1.000326454363781750e+02
1.000326049678621985e+02
1.000325063957511702e+02
1.000322893203642138e+02
1.000325491458041824e+02
1.000324494804011692e+02
1.000322871904551789e+02
1.000323558254522140e+02
1.000325751137851853e+02
1.000325004652881944e+02
1.000324074736151942e+02
1.000325523977272155e+02
1.000327056751982013e+02
1.000326199091371677e+02
1.000324557750441841e+02
1.000323414588381752e+02
1.000323005282961617e+02
1.000324706580851739e+02
1.000323612249021608e+02
1.000323663261542038e+02
1.000324335929511790e+02
1.000323082732231796e+02
1.000322366576152149e+02
1.000323284265521693e+02
1.000321968366652072e+02
1.000320833208681961e+02
1.000322355678632107e+02
1.000321266749662072e+02
1.000322106517791667e+02
1.000319586024932050e+02
1.000320521489591670e+02
1.000318877941031701e+02
1.000318902048821883e+02
1.000317708922011661e+02
1.000316545991871635e+02
1.000316051899972081e+02
1.000317899418461707e+02
1.000319235474951824e+02
1.000319498730451642e+02
1.000319241806701598e+02
1.000321492998921826e+02
1.000319820113621745e+02
1.000319213933751712e+02
1.000319963874871974e+02
1.000318253169461968e+02
1.000317969507991620e+02
1.000318806058111818e+02
1.000317668745391870e+02
1.000316768277161827e+02
1.000316246781362111e+02
1.000315769171982083e+02
1.000315182513031687e+02
1.000314560279221610e+02
1.000316044937611650e+02
1.000315101869512091e+02
1.000316695664012059e+02
1.000315565410601835e+02
1.000312474101241946e+02
1.000313680358451620e+02
1.000312947291341743e+02
1.000313738889341835e+02
1.000315177524001911e+02
1.000314530211732063e+02
1.000315263517852031e+02
1.000313179972902162e+02
1.000313146903181973e+02
1.000313978387341649e+02
1.000311673610491994e+02
1.000311034685051936e+02
1.000316078436821954e+02
1.000314000787791997e+02
1.000312641875252098e+02
1.000313387462412038e+02
1.000315141231741904e+02
1.000316045451161813e+02
1.000313515289741986e+02
1.000312768672541779e+02
1.000314732680961924e+02
1.000313236248001658e+02
1.000314239108041647e+02
1.000310624593842022e+02
1.000311358771911614e+02
1.000314902979031899e+02
1.000312422776721633e+02
1.000313737317902110e+02
1.000314889667471903e+02
1.000317128388712149e+02
1.000315052095791657e+02
1.000314302983292123e+02
1.000313561392941892e+02
1.000315192356741818e+02
1.000315750526571605e+02
1.000318825446781830e+02
1.000318975093261997e+02
1.000316243554592006e+02
1.000316934597951786e+02
1.000313702028861940e+02
1.000314950101042086e+02
1.000313617538841982e+02
1.000311618653481673e+02
1.000311276274632064e+02
1.000311206157651895e+02
1.000310813415212010e+02
1.000311564407971900e+02
1.000310826372842143e+02
1.000312202899621639e+02
1.000312395922072142e+02
1.000314151751371696e+02
1.000318331420701838e+02
1.000319121033901979e+02
1.000318423785461732e+02
1.000317581776182010e+02
1.000316685153192111e+02
1.000316739835101885e+02
1.000315293527651761e+02
1.000315026730982026e+02
1.000313791822651979e+02
1.000313301175202128e+02
1.000314461297211892e+02
1.000311559186362160e+02
1.000312130670121746e+02
1.000312429765801880e+02
1.000306607852782008e+02
1.000305797128052063e+02
1.000305001371971798e+02
1.000305281481411726e+02
1.000303726739331864e+02
1.000306075520671811e+02
1.000305812783661850e+02
1.000305729018771785e+02
1.000309526268432023e+02
1.000308144148661995e+02
1.000309003142311894e+02
1.000312033273141878e+02
1.000308549148091970e+02
1.000308905890701681e+02
1.000311064683601785e+02
1.000310148894452027e+02
1.000310416980321975e+02
1.000309701581041963e+02
1.000310182540941923e+02
1.000309348118132107e+02
1.000311113248191646e+02
1.000308555108902056e+02
1.000309200065591995e+02
1.000302500374002079e+02
1.000303603776451951e+02
1.000304887634561624e+02
1.000304286839161705e+02
1.000308837418851908e+02
1.000308060651851747e+02
1.000308376666471872e+02
1.000308630717522078e+02
1.000311441915632145e+02
1.000308522794791770e+02
1.000310428779112044e+02
1.000310429082921928e+02
1.000311063575292110e+02
1.000309924404172079e+02
1.000309592798421932e+02
1.000314200929331605e+02
1.000312161590612163e+02
1.000312808682971877e+02
1.000311000046071968e+02
1.000309278213541688e+02
1.000308902425751967e+02
1.000307744107871599e+02
1.000306106836802087e+02
1.000306067875362146e+02
1.000309223333231898e+02
1.000311160717311623e+02
1.000309541156631781e+02
1.000307714218602086e+02
1.000306854657142139e+02
1.000308583534271634e+02
1.000309101009862047e+02
1.000310559720682022e+02
1.000307509558891752e+02
1.000306139669272056e+02
1.000307435184471956e+02
1.000306409842231687e+02
1.000304484108581846e+02
1.000306078688701632e+02
1.000306948200752117e+02
1.000309286542332075e+02
1.000307993597581913e+02
1.000305729432881776e+02
1.000304907844821969e+02
1.000310466757101722e+02
1.000311162672051637e+02
1.000304871065051771e+02
1.000305909375671831e+02
1.000303420950941700e+02
1.000303310719701813e+02
1.000303596894181624e+02
1.000306490112382107e+02
1.000307604560201753e+02
1.000306299929491729e+02
1.000309083461291948e+02
1.000312313077432123e+02
1.000306985879141735e+02
1.000308371651672132e+02
1.000306611684471818e+02
1.000306706044771659e+02
1.000306262918682023e+02
1.000306010502312120e+02
1.000306342536312059e+02
1.000305736680072073e+02
1.000305520161571735e+02
1.000307309504921705e+02
1.000308232836651996e+02
1.000307965214091723e+02
1.000305724254711777e+02
1.000307550867281634e+02
1.000305341750722050e+02
1.000306283956122115e+02
1.000307623347221693e+02
1.000307205864592106e+02
1.000306177805371703e+02
1.000305573116581854e+02
1.000307476156152120e+02
1.000305514924871773e+02
1.000305669439782150e+02
1.000304531604741669e+02
1.000305833870912124e+02
1.000306527698631953e+02
1.000307793398391709e+02
1.000306039388252088e+02
1.000307195273931598e+02
1.000306651217192098e+02
1.000310142558232087e+02
1.000301493689711947e+02
1.000303182902362096e+02
1.000304055545491906e+02
1.000306267245101708e+02
1.000304766129551695e+02
1.000305340771611782e+02
1.000305775682051603e+02
1.000303841417261879e+02
1.000303567305712136e+02
1.000303466437081852e+02
1.000307511132911600e+02
1.000305470554131944e+02
1.000306992238151906e+02
1.000307324223351770e+02
1.000308981156471759e+02
1.000308702886621859e+02
1.000306229981351862e+02
1.000305335456171747e+02
1.000306109958891625e+02
1.000305632873962054e+02
1.000303475825081705e+02
1.000305485045062142e+02
1.000303837766671791e+02
1.000302453931141713e+02
1.000304265067532015e+02
1.000304818496582016e+02
1.000304824917041628e+02
1.000309159042631677e+02
1.000308350586751658e+02
1.000307161071912105e+02
1.000306512074452030e+02
1.000306523727061858e+02
1.000310419982021699e+02
1.000310905697701855e+02
1.000311196028741847e+02
1.000308946261321807e+02
1.000307376751181891e+02
1.000308976904761948e+02
1.000308733767101899e+02
1.000311916727142147e+02
1.000311152428781725e+02
1.000308895737512103e+02
1.000308338776702044e+02
1.000307629833981764e+02
1.000308040085691914e+02
1.000309067277631812e+02
1.000309020547562113e+02
1.000310296516171888e+02
1.000305368585771930e+02
1.000304321996171666e+02
1.000303240566001932e+02
1.000304013859371821e+02
1.000303773135111669e+02
1.000304454566841628e+02
1.000304083461521714e+02
1.000303775548991894e+02
1.000305980060621778e+02
1.000303278251121810e+02
1.000301389443771996e+02
1.000304862046091898e+02
1.000301904863021605e+02
1.000301274779021696e+02
1.000303489309401925e+02
1.000301343097202107e+02
1.000303978425251898e+02
1.000300905407651726e+02
1.000303507309731685e+02
1.000303931149221626e+02
1.000306861125731643e+02
1.000304681832702158e+02
1.000305382181621781e+02
1.000307421017001843e+02
1.000307979558272109e+02
1.000306983335661926e+02
1.000307865950971973e+02
1.000307333091001851e+02
1.000305209120841710e+02
1.000306895680761841e+02
1.000307964588021719e+02
1.000308651537382048e+02
1.000301333196532028e+02
1.000303151109181954e+02
1.000305514008641694e+02
1.000303064226231982e+02
1.000305042775692073e+02
1.000306432468531739e+02
1.000305607928601717e+02
1.000300368580391819e+02
1.000302633361951621e+02
1.000304028261201665e+02
1.000305848123181818e+02
1.000307417784281938e+02
1.000306995782711965e+02
1.000307299642992120e+02
1.000307835686351723e+02
1.000306962357822158e+02
1.000308582830551813e+02
1.000305624310572057e+02
1.000304177800301773e+02
1.000304988323621842e+02
1.000306358595931897e+02
1.000305655488531897e+02
1.000306352758901767e+02
1.000303961191631856e+02
1.000304146228671698e+02
1.000306296935731893e+02
1.000306285591701680e+02
1.000305924792901919e+02
1.000304965983252146e+02
1.000306080697861830e+02
1.000306663106931637e+02
1.000307560298072076e+02
1.000306565670131818e+02
1.000299625752481916e+02
1.000300467097582100e+02
1.000302614576431779e+02
1.000303872520522077e+02
1.000302971972881778e+02
1.000305618074351628e+02
