0.000000000000000000e+00
-1.684748074382014238e-08
-3.201249043627285573e-08
-4.565196043415653548e-08
-5.788437995590811624e-08
-6.882942038544115348e-08
-7.856519079751933532e-08
-8.717082078391058531e-08
-9.472642048535817594e-08
-1.013555399609344931e-07
-1.070969100069874003e-07
-1.120326604819865679e-07
-1.162026803669391484e-07
-1.196901404654227008e-07
-1.225358605694282232e-07
-1.247810201832066923e-07
-1.265097999691988662e-07
-1.277212904327029719e-07
-1.285001607342906027e-07
-1.288459205994740842e-07
-1.288009805477940972e-07
-1.284079100827284492e-07
-1.276667305205592129e-07
-1.266202707128627480e-07
-1.253115202715093801e-07
-1.237407403209545009e-07
-1.219509906391635923e-07
-1.199427304143796391e-07
-1.177164907772976221e-07
-1.153155606559153057e-07
-1.127405804268732936e-07
-1.099921904668121897e-07
-1.071138200359200709e-07
-1.041061103990159609e-07
-1.010124499600806303e-07
-9.779078080640601911e-08
-9.448453042182336503e-08
-9.105180076574015402e-08
-8.757865010977639031e-08
-8.402317064337694319e-08
-8.038597076875930725e-08
-7.666797063876629181e-08
-7.291250003760296750e-08
-6.912035033224128711e-08
-6.529220009099390154e-08
-6.138598074301171437e-08
-5.744508069227549640e-08
-5.347035081371132037e-08
-4.950511023338322047e-08
-4.550731080854575339e-08
-4.147767018736203681e-08
-3.741678078483801073e-08
-3.332533005107052304e-08
-2.924666997472513685e-08
-2.513871066867068294e-08
-2.104473040276388929e-08
-1.692264994801462308e-08
-1.281575023881487141e-08
-8.681910301788775541e-09
-4.564480349245059188e-09
-4.210800597093111719e-10
3.704829332207282278e-09
7.855379458021616301e-09
1.198730981144535690e-08
1.610011945984979320e-08
2.023599954270594026e-08
2.435171975179173387e-08
2.844670987656172656e-08
3.256327918421675349e-08
3.665820003107000957e-08
4.077367954380406445e-08
4.486650961865734644e-08
4.893617955303852796e-08
5.302510963645090669e-08
5.709007933063503515e-08
6.113058947931904186e-08
6.514628925202714527e-08
6.917945949425075014e-08
7.318695960378818199e-08
7.716829930615176636e-08
8.116585981099433411e-08
8.513652005603944417e-08
8.912255999860008160e-08
9.308087989268187812e-08
9.701117953397897509e-08
1.009557397679827773e-07
1.048714599605204967e-07
1.087580097092200049e-07
1.126577400256678629e-07
1.165275893555417497e-07
1.203672193028637594e-07
1.242189693329009970e-07
1.280398196357168672e-07
1.318294797769681281e-07
1.356303700461580775e-07
1.393993995790765439e-07
1.431790996875292876e-07
1.469263493092398676e-07
1.506407993900893416e-07
1.543649492674603607e-07
1.580557693614537129e-07
1.617556897315353126e-07
1.654217092195153782e-07
1.690535897935774301e-07
1.726937393087268902e-07
1.762991592713092359e-07
1.799123792167733882e-07
1.834904095332490215e-07
1.870756793920236305e-07
1.906253599415208555e-07
1.941391598592190348e-07
1.976595092045840829e-07
2.011434698800940168e-07
2.046334799388205283e-07
2.080866599030173347e-07
2.115454895701418536e-07
2.149670397244562992e-07
2.183938097033433223e-07
2.217828392048204478e-07
2.251766000327393158e-07
2.285322695527725045e-07
2.318923399968753074e-07
2.352138999128783325e-07
2.385394992643341538e-07
2.418263598258363345e-07
2.451168894523902964e-07
2.483681695863992900e-07
2.516227697313411227e-07
2.548804198809762056e-07
2.580982298994172197e-07
2.613187097821878524e-07
2.644990200195707075e-07
2.676817292268651727e-07
2.708239996707106911e-07
2.739683893082656141e-07
2.770719893518958088e-07
2.801773595351164658e-07
2.832417296261269257e-07
2.863076593584423790e-07
2.893749897481256994e-07
2.924008395410737648e-07
2.954279398892367681e-07
2.984133296024538140e-07
3.013995799605595494e-07
3.043865595131478585e-07
3.073313594725846087e-07
3.102765893103764938e-07
3.131794592547976208e-07
3.160825894354957200e-07
3.189858199803552452e-07
3.218463096033019610e-07
3.247066393541331308e-07
3.275240691991143649e-07
3.303412094979307767e-07
3.331579394583172871e-07
3.359313698325649966e-07
3.387041491720310660e-07
3.414762197451182146e-07
3.442047393775737874e-07
3.469323397453649704e-07
3.496589400242555712e-07
3.523418099504738166e-07
3.550234799476470471e-07
3.577038594215764533e-07
3.603401195206856755e-07
3.629749292244355274e-07
3.656081899450214223e-07
3.681970897062569748e-07
3.707843392319887244e-07
3.733697999663831979e-07
3.759106892431418601e-07
3.784497000225428565e-07
3.809867292758895019e-07
3.834789898959911625e-07
3.859691597440928490e-07
3.884571393442115550e-07
3.909001495827624240e-07
3.933408896372725394e-07
3.957793097697503981e-07
3.982152492199020344e-07
4.006058498262632384e-07
4.029938995842030636e-07
4.053793691838336599e-07
4.077194493135039011e-07
4.100568693488071403e-07
4.123916195197807610e-07
4.147236198903669901e-07
4.170100398326326285e-07
4.192935794122831794e-07
4.215741693514019062e-07
4.238517492538562692e-07
4.260835293479203756e-07
4.283122496673286150e-07
4.305378595859110646e-07
4.327175693319418315e-07
4.348941597953626115e-07
4.370675199538709421e-07
4.392375796413716671e-07
4.413616192522340498e-07
4.434823699384082829e-07
4.455997597574423708e-07
4.477137496294858465e-07
4.498242596184809372e-07
4.518885399207306364e-07
4.539493394517535307e-07
4.560066297898401899e-07
4.580603292225760015e-07
4.600676595245545286e-07
4.620713998093606278e-07
4.640715394188532628e-07
4.660680197332567332e-07
4.680180092364594202e-07
4.699643492145355594e-07
4.719069597314273778e-07
4.738458194708528026e-07
4.757808893529613670e-07
4.776694293440186811e-07
4.795542993818457944e-07
4.814354399584885869e-07
4.833127293935035595e-07
4.851861294952186654e-07
4.870129393097499815e-07
4.888358899890477005e-07
4.906549699867923664e-07
4.924701499930961290e-07
4.942813696118264488e-07
4.960459296654562422e-07
4.978065799576825157e-07
4.995633196003268495e-07
5.013161095135387768e-07
5.030648599912979080e-07
5.048095692572474036e-07
5.065074999421881330e-07
5.082014498114517664e-07
5.098914099832541069e-07
5.115773493713504649e-07
5.132592093559651403e-07
5.148942996413552464e-07
5.165253993411056399e-07
5.181525093433947404e-07
5.197755994501562782e-07
5.213946394633239834e-07
5.230095796449063528e-07
5.245777394691231166e-07
5.261418900559533540e-07
5.277020491689654591e-07
5.292581599647405710e-07
5.308101895806771608e-07
5.323580900551405648e-07
5.339018898098402133e-07
5.353988594691827529e-07
5.368917692649688433e-07
5.383806191971984845e-07
5.398654199240127127e-07
5.413461394709884189e-07
5.428227893844450591e-07
5.442525594645530873e-07
5.456783194190961694e-07
5.471000994461405753e-07
5.485178800057610715e-07
5.499316300117129686e-07
5.513413396940336497e-07
5.527470392507893848e-07
5.541487597682248634e-07
5.555036697302284665e-07
5.568545793366297403e-07
5.582015196736733742e-07
5.595444596551146788e-07
5.608833992809536539e-07
5.622183296694061028e-07
5.635492197342273357e-07
5.648333996077781194e-07
5.661136599499627664e-07
5.673900291824907072e-07
5.686624797718309310e-07
5.699309992834855620e-07
5.711955894938114398e-07
5.724562495146301444e-07
5.737129393779127895e-07
5.749230096441237947e-07
5.761292198869227832e-07
5.773315798762723716e-07
5.785300896121725600e-07
5.797247499828017681e-07
5.809155698699441928e-07
5.821025199637119840e-07
5.832855993759267221e-07
5.844647992248042101e-07
5.855974594126678312e-07
5.867263599412808617e-07
5.878515292323527319e-07
5.889729699504187010e-07
5.900906794309435099e-07
5.912046496803213813e-07
5.923148700404112788e-07
5.934213396230347826e-07
5.945240593163703124e-07
5.956229998105300183e-07
5.966754894615178273e-07
5.977242993893128187e-07
5.987694997600101487e-07
5.998110799154687811e-07
6.008490496256513325e-07
6.018833893506325694e-07
6.029140999785909116e-07
6.039412099312357896e-07
6.049646597006130833e-07
6.059844999128927157e-07
6.070007199099336503e-07
6.079706293959930008e-07
6.089370492290413495e-07
6.098999891790413130e-07
6.108594696740965446e-07
6.118154800560660078e-07
6.127680398648749360e-07
6.137170895925692093e-07
6.146626594372150976e-07
6.156047493988126007e-07
6.165433799054653718e-07
6.174785394108539549e-07
6.183675393955923028e-07
6.192532193693978115e-07
6.201355899904115176e-07
6.210146699103802348e-07
6.218904600174823827e-07
6.227629594235395416e-07
6.236321796748711677e-07
6.244981092251578048e-07
6.253607391926152559e-07
6.262200500373182877e-07
6.270760799509389471e-07
6.279288298216556541e-07
6.287782898795057918e-07
6.295816792345476642e-07
6.303819297670543165e-07
6.311790698987351789e-07
6.319731191695154848e-07
6.327640793557520738e-07
6.335521094413820720e-07
6.343370300143647000e-07
6.351188694964093884e-07
6.358976296638729764e-07
6.366733193985396611e-07
6.374459298186252454e-07
6.382154893458391598e-07
6.389819793284345906e-07
6.397454193063367711e-07
6.405057995095830847e-07
6.412204793804221481e-07
6.419321891826257342e-07
6.426410195103926526e-07
6.433469694755444834e-07
6.440500692761474966e-07
6.447502896023138419e-07
6.454476597639313695e-07
6.461421699910374628e-07
6.468338398235573550e-07
6.475226799196320826e-07
6.482087000492242623e-07
6.488918700142676244e-07
6.495722395527536719e-07
6.502497793547945548e-07
6.509245098484939263e-07
6.515964496855985999e-07
6.522655899843243787e-07
6.529319396264554598e-07
6.535527994344647595e-07
6.541709796081818240e-07
6.547865494255233898e-07
6.553995195446304933e-07
6.560098899655031346e-07
6.566176597999628939e-07
6.572228494761134243e-07
6.578254492239921092e-07
6.584254892416652183e-07
6.590229695291327516e-07
6.596178794282536728e-07
6.602102597952352880e-07
6.608000795438329078e-07
6.613873697602912216e-07
6.619721393263944265e-07
6.625543793603583254e-07
6.631340996321455350e-07
6.637112797136524023e-07
6.642859293748415439e-07
6.648580699319950327e-07
6.653850395110794125e-07
6.659096492001026490e-07
6.664319398552720486e-07
6.669519194701933884e-07
6.674696093611487413e-07
6.679849997581754906e-07
6.684981093130204499e-07
6.690089593419656921e-07
6.695175294169075642e-07
6.700238399659497190e-07
6.705278998708763538e-07
6.710297197898285049e-07
6.715292997228061722e-07
6.720266494397719725e-07
6.725217298608754390e-07
6.730145791777886188e-07
6.735052000550467710e-07
6.739936200261809063e-07
6.744798293212284079e-07
6.749638394865087321e-07
6.754456496338434590e-07
6.759252899612988585e-07
6.764027595806965110e-07
6.768780496102522193e-07
6.773511795898912169e-07
6.777794894219368871e-07
6.782057999643598123e-07
6.786301298689068062e-07
6.790524995636815220e-07
6.794729197068249960e-07
6.798913894101588085e-07
6.803078900219361458e-07
6.807224393057254019e-07
6.811350594659870694e-07
6.815457496145427285e-07
6.819545292913176127e-07
6.823613993844901415e-07
6.827663696640229318e-07
6.831694498998786003e-07
6.835706392038787271e-07
6.839699597804838049e-07
6.843673991951959579e-07
6.847629894224382952e-07
6.851567198040697804e-07
6.855485992218746105e-07
6.859386392221722417e-07
6.863268593448879074e-07
6.867132498200589907e-07
6.870977795614408024e-07
6.874804698853154150e-07
6.878613492133922591e-07
6.882404193220281741e-07
6.886176899811857766e-07
6.889931691844708439e-07
6.893668498264560185e-07
6.897387594406723110e-07
6.901088900335139442e-07
6.904772593685493121e-07
6.908012100126370569e-07
6.911235299611462324e-07
6.914442893801719947e-07
6.917634900460711833e-07
6.920811195243459224e-07
6.924398698870959379e-07
6.927542894885618807e-07
6.930670997107313269e-07
6.933783591733799767e-07
6.936880794228272862e-07
6.939962897689611054e-07
6.943029795536403981e-07
6.946081594350062005e-07
6.949118391830211294e-07
6.952140294558262212e-07
6.955147195952804395e-07
6.958139397994500541e-07
6.961116891801566453e-07
6.964079792837196692e-07
6.967028092219607061e-07
6.969961994229834090e-07
6.972881392286467417e-07
6.975786392970917404e-07
6.978677200564220584e-07
6.981553299922893530e-07
6.984414993027598939e-07
6.987262599622567905e-07
6.990095995362821668e-07
6.992915198011928624e-07
6.995720491786983075e-07
6.998511796751927250e-07
7.001289299424229284e-07
7.004052999803889179e-07
7.006802995590533101e-07
7.009539100266692913e-07
7.012261695749089085e-07
7.014970799801290013e-07
7.017666394659727302e-07
7.020348498087969347e-07
7.023017492002736617e-07
7.025672994487308642e-07
7.028314898960275059e-07
7.030943391939104004e-07
7.033558695468400401e-07
7.035734093108203524e-07
7.037897598038966862e-07
7.040476699415876283e-07
7.042616392283207460e-07
7.044744698703198083e-07
7.047288299588672089e-07
7.049392998226267082e-07
7.051486292652953125e-07
7.053568795711839812e-07
7.056067197197535279e-07
7.058126598735725565e-07
7.060175093442921934e-07
7.062212796782318946e-07
7.064239895271384739e-07
7.066682892187259313e-07
7.068687093436665236e-07
7.070680396736861439e-07
7.072663299467762954e-07
7.074635597348333249e-07
7.076597698940645387e-07
7.078549497663289003e-07
7.080491100097674462e-07
7.082422497362017566e-07
7.084343893737354847e-07
7.086255200405844334e-07
7.088156497303543802e-07
7.090047899893647809e-07
7.091929399294372161e-07
7.093801199786753386e-07
7.095663194789381123e-07
7.097515499765449931e-07
7.099358194651017584e-07
7.101190995228989777e-07
7.103013892617582314e-07
7.104827393078494424e-07
7.106631096931437241e-07
7.108425492674541601e-07
7.110210393790339367e-07
7.111985995678082872e-07
7.113752094056735586e-07
7.115509097488370571e-07
7.117256792810167099e-07
7.118995393184945897e-07
7.120724898612706966e-07
7.122445300211666108e-07
7.124156793381075659e-07
7.125859200485251677e-07
7.127552796859504269e-07
7.129237600267401831e-07
7.130913193265087102e-07
7.132579700197538841e-07
7.134237591799319489e-07
7.135886495035492771e-07
7.137526791822779160e-07
7.139158393343336684e-07
7.140781397296791511e-07
7.142395794801359443e-07
7.144001799019861210e-07
7.145599196789476082e-07
7.147188192391240591e-07
7.148768794706938934e-07
7.150341092554413081e-07
7.151905192515073395e-07
7.153460996889293710e-07
7.155008692194542164e-07
7.156548198494760982e-07
7.158079293745345240e-07
7.159601995709863331e-07
7.161116597487193758e-07
7.162623196776962686e-07
7.164121695879543950e-07
7.165612299075974079e-07
7.167094997484468877e-07
7.168142994729009843e-07
7.169611198065695135e-07
7.171072091693986295e-07
7.172098497321144350e-07
7.173545197858288702e-07
7.174557996592056952e-07
7.175991196817221862e-07
7.176990592938636837e-07
7.178410399433232669e-07
7.179396597223330900e-07
7.180802894524163094e-07
7.181775298903403382e-07
7.182741592615116133e-07
7.184128891779550941e-07
7.185082600003056541e-07
7.186456896235426939e-07
7.187397796926120463e-07
7.188759392207089149e-07
7.189687591946380962e-07
7.190609991880592133e-07
7.191953592666777695e-07
7.192863993310538717e-07
7.193768691848845265e-07
7.195094795520162734e-07
7.195987796748681831e-07
7.197301892247764954e-07
7.198182796486207735e-07
7.199057892037785678e-07
7.200354295022748374e-07
7.201217595564912699e-07
7.202075398282659080e-07
7.203354899232294883e-07
7.204201395438758482e-07
7.205042500402214500e-07
7.205878693739009577e-07
7.207136691889104441e-07
7.207961996158473994e-07
7.208781998002677938e-07
7.210023893478023638e-07
7.210833192772270195e-07
7.211637296222761506e-07
7.212436798909038771e-07
7.213658399507494323e-07
7.214447395043066535e-07
7.215231496715546200e-07
7.216010597943522953e-07
7.216785098407285659e-07
7.217981696783226653e-07
7.218745796677694671e-07
7.219504896127659777e-07
7.220259696794073534e-07
7.221010092095525579e-07
7.222182691890566275e-07
7.222923095184796694e-07
7.223658800015186898e-07
7.224390197180241557e-07
7.225117393261371035e-07
7.225840397140359528e-07
7.226985898611815173e-07
7.227699292400302511e-07
7.228408192005986166e-07
7.229113094808781170e-07
7.229813396847362128e-07
7.230509497802017904e-07
7.231201593072000833e-07
7.232316292515861278e-07
7.232998999739947976e-07
7.233677292717288765e-07
7.234351695473151267e-07
7.235022092544340921e-07
7.235688599394052289e-07
7.236351295958343144e-07
7.237010200000781879e-07
7.237665196058173933e-07
7.238316692692592369e-07
7.238964299105532518e-07
7.240034900490854852e-07
7.240673900454908107e-07
7.241308797034662348e-07
7.241939696811527938e-07
7.242566697485131044e-07
7.243190092154350168e-07
7.243809792001343340e-07
7.244425894725736725e-07
7.245038400327530326e-07
7.245647299924939944e-07
7.246252797799002110e-07
7.246854698550464491e-07
7.247453295278205587e-07
7.248048294883346898e-07
7.248640097046177289e-07
7.249228399786034061e-07
7.249813398502169548e-07
7.250395093194583751e-07
7.250973599326471231e-07
7.251548694853227062e-07
7.252120193257383107e-07
7.252688192238565534e-07
7.253252993777437041e-07
7.253814393592961096e-07
7.254372595966174231e-07
7.254927592015292248e-07
7.255479292922473178e-07
7.256027991786595521e-07
7.256573395508780777e-07
7.257115797187907447e-07
7.257655099124349363e-07
7.258191399017732692e-07
7.258724696868057435e-07
7.259254894975697425e-07
7.259782099922063026e-07
7.260306400524996207e-07
7.260827796784496968e-07
7.261346199882723340e-07
7.261861298957228428e-07
7.262373395988674929e-07
7.262882499858847041e-07
7.263388699385586733e-07
7.263891896869267839e-07
7.264392198891300723e-07
7.264889791969153521e-07
7.265384391885731930e-07
7.265876291739914450e-07
7.266365296132448748e-07
7.266851600462587157e-07
7.267335195848545482e-07
7.267815993472481750e-07
7.268294197615432495e-07
7.268769692814203154e-07
7.269242496832362121e-07
7.269712698487751368e-07
7.270179800400455861e-07
7.270644193368980268e-07
7.271105895156892984e-07
7.271564896882409812e-07
7.272021296245156918e-07
7.272474995545508136e-07
7.272926092483089633e-07
7.273374800220722136e-07
7.273820799014174554e-07
7.274264293144483418e-07
7.274705300375217121e-07
7.275143794061023073e-07
7.275579898546880031e-07
7.276013498369593435e-07
7.276444700110573649e-07
7.276873592587662642e-07
7.277299998165176476e-07
7.277723694798510223e-07
7.278144797950858447e-07
7.278563396440063116e-07
7.278979596847534594e-07
7.279393399173272883e-07
7.279804794535493784e-07
7.280213898397391858e-07
7.280620595295772546e-07
7.281024991812046210e-07
7.281427194527623215e-07
7.281827096861093196e-07
7.282224698812456154e-07
