0.000000000000000000e+00
2.890132577704207506e-12
5.770495192791713635e-12
8.690825836765725398e-12
1.165023633120654267e-11
1.464073307033686433e-11
1.766053969731729012e-11
2.072031435318422155e-11
2.379074715008755447e-11
2.690025979745769291e-11
3.002043058586423285e-11
3.317079944054057705e-11
3.635047818306702538e-11
3.954081506662987522e-11
4.275069187542612781e-11
4.599076675049218466e-11
4.923084162555824150e-11
5.249045642585770111e-11
5.578026929242696497e-11
5.907008215899622883e-11
6.238032312921859557e-11
6.570033406205766369e-11
6.903011495751343318e-11
7.237055399400560418e-11
7.574030291834787931e-11
7.910028188007345307e-11
8.247003080441572820e-11
8.586020783241110621e-11
8.925038486040648422e-11
9.266010181363526499e-11
9.606004880424734438e-11
9.949019386112922803e-11
1.029105689553944103e-10
1.063407140122762939e-10
1.097903989943915803e-10
1.132107740886567626e-10
1.166906571370418533e-10
1.201403421191571397e-10
1.236104552049255290e-10
1.270707983280772169e-10
1.305506813764623075e-10
1.339905963959608926e-10
1.375104474732324888e-10
1.409601324553477752e-10
1.444808717110390717e-10
1.479705247220408637e-10
1.514903757993124600e-10
1.549702588476975507e-10
1.584705699997357442e-10
1.619904210770073405e-10
1.655005021916622354e-10
1.690008133437004290e-10
1.725002363173189224e-10
1.760804835271301272e-10
1.796101045670184249e-10
1.830100515576305042e-10
1.866604648625980190e-10
1.901003798820966040e-10
1.937108251581776130e-10
1.971702801029096008e-10
2.007505273127208056e-10
2.042908064936455048e-10
2.077706895420305955e-10
2.113900166023086058e-10
2.149205258206166036e-10
2.183808689437682915e-10
2.220508221739692090e-10
2.256603792716305179e-10
2.290105882707393903e-10
2.324105352613514697e-10
2.362208206818650069e-10
2.399707099698389356e-10
2.434008550267208193e-10
2.468105719799496001e-10
2.502202889331783808e-10
2.537801080393364828e-10
2.576907576212761342e-10
2.614006788803635573e-10
2.649906960527914634e-10
2.685300870552964625e-10
2.720401681699513574e-10
2.755404793219895510e-10
2.790505604366444459e-10
2.825402134476462379e-10
2.859907866081812244e-10
2.891606953880909714e-10
2.926103803702062578e-10
2.962803336004071753e-10
2.999600567932247941e-10
3.036406681644621131e-10
3.073408194609328348e-10
3.110205426537504536e-10
3.147206939502211753e-10
3.184208452466918970e-10
3.221307665057793201e-10
2.802407195190426137e-10
2.840101487322499452e-10
2.879101401731531951e-10
2.915703234407374111e-10
2.951408006879319146e-10
2.986100255952806037e-10
3.019700045570061775e-10
3.056008779367402894e-10
3.090905309477420815e-10
3.124007719179644482e-10
3.158806549663495389e-10
3.195905762254369620e-10
3.230802292364387540e-10
3.264606363018174306e-10
3.298206152635430044e-10
3.332107922915383824e-10
2.911706431518723548e-10
2.943707499980519060e-10
2.976108248731179629e-10
3.011306759503895591e-10
3.044302587795755244e-10
3.079207999689970165e-10
3.113207469596090959e-10
3.146505278550648654e-10
3.181606089697197604e-10
3.216102939518350468e-10
3.247908608727811952e-10
3.283506799789392971e-10
3.319104990850973991e-10
3.351505739601634559e-10
3.383808788726128114e-10
3.419406979787709133e-10
3.455902231053187279e-10
3.035500739656527003e-10
3.069402509936480783e-10
3.104201340420331690e-10
3.136406689918658230e-10
3.171107820776342123e-10
3.203401988116638677e-10
3.237401458022759471e-10
3.270903548013848194e-10
3.303508577801039792e-10
3.337605747333327599e-10
3.371907197902146436e-10
3.403703985327410919e-10
3.437303774944666657e-10
3.472102605428517563e-10
3.506306356371169386e-10
3.537801163133735827e-10
3.569500250932833296e-10
3.148503679994973936e-10
3.181801488949531631e-10
3.216200639144517481e-10
3.250404390087169304e-10
3.281304117308536661e-10
3.315507868251188484e-10
3.347100374639921938e-10
3.380806745667541691e-10
3.413305194044369273e-10
3.445501661758498813e-10
3.478604071460722480e-10
3.512301560704145231e-10
3.544906590491336829e-10
3.575602036676173157e-10
3.610001186871159007e-10
3.644204937813810830e-10
3.677200766105670482e-10
3.255200553553549980e-10
3.286206862185281352e-10
3.317506269695513765e-10
3.349303057120778249e-10
3.381108726330239733e-10
3.413500593296703300e-10
3.445608243168862828e-10
3.476507970390230184e-10
3.510400858885986963e-10
3.541806847806583392e-10
3.573408235979513847e-10
3.606803744560238556e-10
3.639408774347430153e-10
3.671400961025028664e-10
3.702007589367894980e-10
3.735607378985150717e-10
3.769402567854740482e-10
3.347100374639921938e-10
3.378506363560518366e-10
3.410800530900814920e-10
3.441202878207150206e-10
3.474305287909373874e-10
3.504103673890313075e-10
3.537508064255234785e-10
3.567803830151206057e-10
3.600399978154200653e-10
3.631805967074797081e-10
3.662803393922331452e-10
3.695301842299159034e-10
3.727604891423652589e-10
3.759108579970416031e-10
3.790603386732982472e-10
3.821307714702015801e-10
3.854605523656573496e-10
3.432001349779056909e-10
3.462705677748090238e-10
3.494502465173354722e-10
3.525304492768555065e-10
3.556603900278787478e-10
3.587405927873987821e-10
3.618705335384220234e-10
3.650004742894452647e-10
3.680202809164256905e-10
3.712905538577615516e-10
3.743307885883950803e-10
3.773701351406089088e-10
3.807008042144843785e-10
3.837907769366211141e-10
3.868905196213745512e-10
3.900000322687446896e-10
3.931202030571512296e-10
3.508704438104359724e-10
3.541904547432750405e-10
3.575504337050006143e-10
3.606608345307904528e-10
3.636504430915010744e-10
3.668505499376806256e-10
3.697406825153848331e-10
3.729807573904508899e-10
3.759206279596583045e-10
3.790701086359149485e-10
3.821503113954349828e-10
3.851505780971820059e-10
3.883604549059782585e-10
3.914504276281149941e-10
3.945004323213652242e-10
3.975504370146154542e-10
4.006004417078656843e-10
3.582902863286108186e-10
3.616102972614498867e-10
3.649907043268285634e-10
3.680700189079288975e-10
3.709903495519029093e-10
3.741504883691959549e-10
3.770503909095168638e-10
3.801803316605401051e-10
3.832401063164070365e-10
3.861506669977643469e-10
3.893800837317940022e-10
3.923208424794211169e-10
3.952704830112452328e-10
3.985300978115446924e-10
4.015303645132917154e-10
4.045404011776554398e-10
4.075602078046358656e-10
3.651106084134880803e-10
3.679403448586526792e-10
3.708304774363568868e-10
3.739000220548405196e-10
3.768105827361978299e-10
3.798703573920647614e-10
3.828803940564284858e-10
3.858104946630191989e-10
3.889804034429289459e-10
3.918101398880935449e-10
3.949107707512666821e-10
3.980007434734034177e-10
4.009201859389577294e-10
4.039302226033214538e-10
4.071001313832312007e-10
4.100702000187084195e-10
4.130402686541856383e-10
3.705702411593847501e-10
3.733404696504294407e-10
3.761906341992471425e-10
3.792104408262275683e-10
3.821103433665484772e-10
3.850804120020256960e-10
3.881206467326592247e-10
3.909503831778238236e-10
3.940705539662303636e-10
3.970201944980544795e-10
3.999103270757586870e-10
4.031006639593215368e-10
4.059907965370257443e-10
4.088507310484601476e-10
4.120606078572564002e-10
4.150608745590034232e-10
4.179900869871744362e-10
3.754907496045234438e-10
3.782103519256452273e-10
3.810107784829597222e-10
3.839808471184369409e-10
3.868700915177214483e-10
3.897806521990787587e-10
3.927906888634424831e-10
3.955804572797205765e-10
3.986500018982042093e-10
4.017000065914544393e-10
4.043902990247261187e-10
4.075300097383660614e-10
4.105800144316162914e-10
4.134204090178172919e-10
4.163700495496414078e-10
4.195701563958209590e-10
4.224807170771782694e-10
3.799502934498377726e-10
3.826308159204927506e-10
3.854108143741541426e-10
3.882902888108219486e-10
3.911901913511428575e-10
3.940501258625772607e-10
3.970308526390908810e-10
3.999005571131419856e-10
4.028004596534628945e-10
4.058504643467131245e-10
4.085904947714880109e-10
4.115401353033121268e-10
4.146603060917186667e-10
4.175104706405363686e-10
4.202602710279279563e-10
4.234408379488741048e-10
4.264801845010879333e-10
3.839906170810536423e-10
3.869207176876443555e-10
3.899005562857382756e-10
3.926805547393996676e-10
3.956204253086070821e-10
3.984403917911549797e-10
4.014006904640154971e-10
4.042908230417197046e-10
4.071107895242676022e-10
4.101403661138647294e-10
4.129203645675261214e-10
4.157305610874573176e-10
4.188303037722107547e-10
4.217408644535680651e-10
4.244800066999232513e-10
4.275202414305567800e-10
4.306404122189633199e-10
3.881206467326592247e-10
3.910507473392499378e-10
3.940403558999605593e-10
3.967608463995020429e-10
3.997007169687094574e-10
4.024904853849875508e-10
4.054401259168116667e-10
4.082902904656293686e-10
4.111102569481772662e-10
4.141105236499242892e-10
4.169002920662023826e-10
4.196705205572470732e-10
4.227507233167671075e-10
4.256701657823214191e-10
4.283799981408265012e-10
4.313207568884536158e-10
4.344800075273269613e-10
3.919504720784061647e-10
3.948601445813437749e-10
3.978604112830907980e-10
4.005604736789791787e-10
4.034808043229531904e-10
4.062403746729614795e-10
4.091704752795521927e-10
4.120002117247167917e-10
4.147802101783781836e-10
4.177600487764721038e-10
4.205800152590200014e-10
4.232907357959447836e-10
4.263505104518117150e-10
4.293001509836358309e-10
4.319806734542908089e-10
4.347500137669157994e-10
4.378906126589754422e-10
3.953406491064015427e-10
3.982307816841057502e-10
4.012301602074330731e-10
4.039408807443578553e-10
4.068407832846787642e-10
4.095905836720703519e-10
4.124700581087381579e-10
4.152900245912860555e-10
4.180602530823307461e-10
4.210303217178079649e-10
4.238707163040089654e-10
4.265006126047410362e-10
4.295408473353745649e-10
4.325304558960851864e-10
4.352003202257037628e-10
4.378302165264358337e-10
4.409503873148423736e-10
3.983799956586153712e-10
4.012603582737028773e-10
4.042304269091800961e-10
4.069704573339549825e-10
4.098401618080060871e-10
4.125704222701642720e-10
4.154401267442153767e-10
4.182307833389131702e-10
4.209708137636880565e-10
4.239106843328954710e-10
4.267803888069465756e-10
4.293507771535587381e-10
4.323803537431558652e-10
4.353903904075195896e-10
4.380504847745214647e-10
4.406608411500201328e-10
4.437001877022339613e-10
4.011102561207735562e-10
4.039906187358610623e-10
4.069704573339549825e-10
4.097202577213465702e-10
4.126006203364340763e-10
4.153104526949391584e-10
4.181508472811401589e-10
4.209308457348015509e-10
4.236504480559233343e-10
4.265707786998973461e-10
4.294307132113317493e-10
4.320002133795242116e-10
4.349907101186545333e-10
4.379803186793651548e-10
4.406501830089837313e-10
4.432401112808292964e-10
4.462208380573429167e-10
4.036202483348461101e-10
4.064801828462805133e-10
4.094404815191410307e-10
4.122000518691493198e-10
4.150404464553503203e-10
4.177405088512387010e-10
4.205604753337865986e-10
4.233200456837948877e-10
4.260307662207196699e-10
4.289306687610405788e-10
4.317604052062051778e-10
4.343503334780507430e-10
4.372804340846414561e-10
4.402602726827353763e-10
4.429407951533903542e-10
4.455102953215828165e-10
4.484608240318266326e-10
4.058504643467131245e-10
4.086908589329141250e-10
4.116404994647382409e-10
4.144000698147465300e-10
4.172004963720610249e-10
4.199005587679494056e-10
4.227107552878806018e-10
4.254401275716190867e-10
4.281606180711605703e-10
4.310303225452116749e-10
4.338307491025261697e-10
4.364304473369884363e-10
4.393401198399260466e-10
4.423004185127865640e-10
4.449800528050218418e-10
4.475300130479809013e-10
4.504405737293382117e-10
4.078000159779548994e-10
4.106306406015391985e-10
4.135607412081299117e-10
4.163203115581382008e-10
4.190905400491828914e-10
4.218003724076879735e-10
4.245901408239660668e-10
4.273008613608908490e-10
4.300204636820126325e-10
4.328608582682136330e-10
4.356506266844917263e-10
4.382503249189539929e-10
4.411306875340414990e-10
4.440705581032489135e-10
4.467706204991372942e-10
4.493108107794796524e-10
4.521503171872609528e-10
4.095008776516806392e-10
4.123208441342285369e-10
4.152305166371661471e-10
4.180007451282108377e-10
4.207008075240992184e-10
4.234408379488741048e-10
4.261808683736489911e-10
4.289306687610405788e-10
4.316405011195456609e-10
4.344302695358237543e-10
4.372306960931382491e-10
4.398907904601401242e-10
4.426405908475317119e-10
4.455804614167391264e-10
4.483604598704005184e-10
4.508802220470897737e-10
4.536104825092479587e-10
4.109503848326312436e-10
4.137508113899457385e-10
4.166400557892302459e-10
4.194404823465447407e-10
4.220801486098935129e-10
4.248503771009382035e-10
4.275300113931734813e-10
4.303100098468348733e-10
4.330207303837596555e-10
4.357900706963846460e-10
4.385700691500460380e-10
4.412701315459344187e-10
4.439604239792060980e-10
4.468807546231801098e-10
4.497007211057280074e-10
4.522107133198005613e-10
4.548601495457660349e-10
4.121902819065326185e-10
4.149800503228107118e-10
4.178701829005149193e-10
4.206803794204461155e-10
4.232703076922916807e-10
4.260600761085697741e-10
4.286802024466851435e-10
4.315001689292330411e-10
4.341904613625047205e-10
4.369402617498963082e-10
4.397202602035577002e-10
4.424505206657158851e-10
4.450608770412145532e-10
4.479900894693855662e-10
4.508500239808199694e-10
4.533502462322758220e-10
4.559304045415046858e-10
4.589306712432517088e-10
4.162608036040182924e-10
4.190505720202963857e-10
4.219300464569641917e-10
4.246301088528525725e-10
4.273603693150107574e-10
4.300302336446293339e-10
4.328004621356740245e-10
4.354703264652926009e-10
4.381606188985642802e-10
4.409503873148423736e-10
4.437001877022339613e-10
4.462901159740795265e-10
4.491207405976638256e-10
4.520304131006014359e-10
4.547002774302200123e-10
4.572004996816758648e-10
4.599707281727205554e-10
4.172902023924507375e-10
4.200604308834954281e-10
4.229301353575465328e-10
4.257003638485912234e-10
4.283000620830534899e-10
4.310605206114814791e-10
4.337206149784833542e-10
4.364704153658749419e-10
4.391500496581102198e-10
4.419105081865382090e-10
4.446505386113130953e-10
4.473603709698181774e-10
4.499902672705502482e-10
4.528901698108711571e-10
4.557305643970721576e-10
4.582103585448749072e-10
4.607807468914870697e-10
4.180904511486005504e-10
4.208500214986088395e-10
4.237206141510796442e-10
4.265405806336275418e-10
4.290905408765866014e-10
4.318705393302479933e-10
4.344702375647102599e-10
4.372600059809883533e-10
4.399307584890266298e-10
4.426601307727651147e-10
4.454108193385764025e-10
4.481401916223148874e-10
4.506901518652739469e-10
4.536007125466312573e-10
4.564402189544125577e-10
4.589706392721382144e-10
4.614602033825576655e-10
4.186500035530116293e-10
4.214104620814396185e-10
4.242606266302573204e-10
4.271001330380386207e-10
4.296101252521111746e-10
4.324105518094256695e-10
4.350004800812712347e-10
4.377804785349326266e-10
4.404405729019345017e-10
4.431104372315530782e-10
4.458904356852144701e-10
4.486100380063362536e-10
4.511404583240619104e-10
4.540208209391494165e-10
4.568905254132005211e-10
4.595106517513158906e-10
4.619806759365019388e-10
4.191704761069559027e-10
4.214903981392126298e-10
4.238502882003558625e-10
4.266906827865568630e-10
4.291607069717429113e-10
4.319904434169075103e-10
4.345803716887530754e-10
4.373408302171810647e-10
4.399902664431465382e-10
4.426503608101484133e-10
4.454303592638098053e-10
4.481401916223148874e-10
4.507407780351968540e-10
4.535101183478218445e-10
4.563904809629093506e-10
4.590905433587977313e-10
4.615507975813670782e-10
4.642908280061419646e-10
4.215801041596023424e-10
4.243201345843772287e-10
4.271800690958116320e-10
4.299405276242396212e-10
4.324904878671986808e-10
4.352500582172069699e-10
4.378302165264358337e-10
4.406004450174805243e-10
4.432605393844823993e-10
4.459206337514842744e-10
4.486908622425289650e-10
4.514104645636507485e-10
4.539604248066098080e-10
4.567901612517744070e-10
4.596500957632088102e-10
4.622906502049772826e-10
4.647704443527800322e-10
4.219504745606172946e-10
4.242508566676406190e-10
4.266000885877474502e-10
4.294200550702953478e-10
4.319007373965177976e-10
4.347207038790656952e-10
4.373008621882945590e-10
4.400702025009195495e-10
4.427107569426880218e-10
4.453504232060367940e-10
4.481304216596981860e-10
4.508304840555865667e-10
4.534603803563186375e-10
4.561906408184768225e-10
4.590701152551446285e-10
4.617701776510330092e-10
4.642304318736023561e-10
4.214202320440563199e-10
4.237001860474265413e-10
4.260503061459530727e-10
4.288205346369977633e-10
4.313207568884536158e-10
4.341300652299651119e-10
4.367102235391939757e-10
4.394706820676219650e-10
4.421005783683540358e-10
4.447402446317028080e-10
4.475104731227474986e-10
4.502007655560191779e-10
4.528404318193679501e-10
4.555502641778730322e-10
4.584101986893074354e-10
4.611404591514656204e-10
4.635900552329985658e-10
4.207700854408358282e-10
4.230402694815893483e-10
4.253708496548824769e-10
4.281401899675074674e-10
4.306404122189633199e-10
4.334603787015112175e-10
4.360201089070869784e-10
4.387805674355149677e-10
4.414104637362470385e-10
4.440403600369791093e-10
4.468105885280237999e-10
4.495008809612954792e-10
4.521600871498776542e-10
4.548406096205326321e-10
4.577103140945837367e-10
4.604405745567419217e-10
4.628804006756581657e-10
4.655600349678934435e-10
4.228404293371568201e-10
4.255804597619317065e-10
4.283906562818629027e-10
4.311599965944878932e-10
4.336904169122135499e-10
4.364402172996051377e-10
4.390106056462173001e-10
4.417701759962255892e-10
4.444000722969576600e-10
4.470406267387261323e-10
4.498206251923875243e-10
4.525100294472395035e-10
4.550706478312349645e-10
4.579003842763995635e-10
4.607301207215641625e-10
4.633706751633326348e-10
4.658202712448655802e-10
4.229905314900861413e-10
4.257101338112079247e-10
4.285301002937558223e-10
4.313500667763037200e-10
4.338103209988730669e-10
4.366302874814209645e-10
4.391900176869967254e-10
4.419407062528080132e-10
4.445608325909233827e-10
4.472004988542721549e-10
4.499600692042804440e-10
4.526503616375521233e-10
4.552900279009008955e-10
4.579803203341725748e-10
4.608402548456069781e-10
4.635607453451484616e-10
4.660005714640647057e-10
4.231708317092852667e-10
4.254303576090023853e-10
4.277600496038758138e-10
4.305205081323038030e-10
4.330100722427232540e-10
4.358202687626544503e-10
4.383702290056135098e-10
4.411200293930050975e-10
4.437401557311204670e-10
4.463602820692358364e-10
4.491207405976638256e-10
4.518003748898991034e-10
