0.000000000000000000e+00
-5.080080101157666284e-19
-1.084016884028292556e-18
-1.728000151957976085e-18
-2.435007965119299900e-18
-3.204008002107797820e-18
-4.032009177828478098e-18
-4.918005640656476253e-18
-5.860012157121665018e-18
-6.856017023974315429e-18
-7.903002686339834042e-18
-9.000995613997822553e-18
-1.014901642510301818e-17
-1.134402109500122578e-17
-1.258500377206758086e-17
-1.387201739586128683e-17
-1.520299732357341133e-17
-1.657701711291789497e-17
-1.799301797271066986e-17
-1.945002052110647323e-17
-2.094701890648044060e-17
-2.248401312883257196e-17
-2.405901795469274004e-17
-2.567200691428134316e-17
-2.732300647737798301e-17
-2.901000494073293062e-17
-3.073199645272132151e-17
-3.249101918637248634e-17
-3.428400264725262828e-17
-3.611002039307568794e-17
-3.797201056937745366e-17
-3.986700856084253539e-17
-4.179300266422120418e-17
-4.375301043438805347e-17
-4.574502016809335429e-17
-4.776900539555750495e-17
-4.982401320471484436e-17
-5.191001712578577083e-17
-5.402399960389569090e-17
-5.617601915529324939e-17
-5.834799692051048734e-17
-6.055502067392037197e-17
-6.279499930293436921e-17
-6.506502113179629242e-17
-6.736302151769720924e-17
-6.968701522716699241e-17
-7.203501702673551464e-17
-7.440700044662317426e-17
-7.680000087151458120e-17
-7.922000047159971896e-17
-8.166800509850345204e-17
-8.414502060385064489e-17
-8.664601772951697513e-17
-8.917599926384716345e-17
-9.173401229477554878e-17
-9.432100973436779220e-17
-9.693100941243391021e-17
-9.956901411731862352e-17
-1.022340179973970677e-16
-1.049219976461697847e-16
-1.076420057282605550e-16
-1.103810191121053436e-16
-1.131510021380841176e-16
-1.159440138723163679e-16
-1.187589955236180266e-16
-1.216060056082377385e-16
-1.244760179313313250e-16
-1.273690060231191844e-16
-1.302920108449753681e-16
-1.332330151169607057e-16
-1.361990068608900451e-16
-1.391910183981678525e-16
-1.422139995775796454e-16
-1.452570183801499227e-16
-1.483199953965398795e-16
-1.514070069728081771e-16
-1.545170207875503493e-16
-1.576580042444265068e-16
-1.608260133462759969e-16
-1.640160188349744971e-16
-1.672260090072722784e-16
-1.704570161845738070e-16
-1.737059963422248879e-16
-1.769800169113791739e-16
-1.802770132492277329e-16
-1.836039998473650145e-16
-1.869520034505060433e-16
-1.903260003772159386e-16
-1.937200084573047166e-16
-1.971370187758673693e-16
-2.005780107147491593e-16
-2.040409990404799595e-16
-2.075250043712145069e-16
-2.110330177920477935e-16
-2.145620217481052257e-16
-2.195379962060894181e-16
-2.226400161473918778e-16
-2.257570179839488980e-16
-2.289019983775449118e-16
-2.320660105426745456e-16
-2.352510132430283250e-16
-2.384620092669509708e-16
-2.416920105926276350e-16
-2.449469993902483010e-16
-2.482250168961224433e-16
-2.515200015307212733e-16
-2.548380148735735796e-16
-2.581830009218400151e-16
-2.615500098267350623e-16
-2.649350181817592634e-16
-2.683390053687578812e-16
-2.731920012307125899e-16
-2.761790099796456767e-16
-2.791630011737041700e-16
-2.821720063094862669e-16
-2.852030078321173738e-16
-2.882570115932223554e-16
-2.913310000379266181e-16
-2.944289965727296199e-16
-2.975490159641612335e-16
-3.006880141875672638e-16
-3.038559968196371521e-16
-3.070409995199909316e-16
-3.102450075220987294e-16
-3.134770205510251226e-16
-3.167270065603010679e-16
-3.199970037229558960e-16
-3.232860061873647425e-16
-3.280230114751048155e-16
-3.308890003916989441e-16
-3.337650213547621158e-16
-3.366649974683648232e-16
-3.395840053535011506e-16
-3.425290065622063444e-16
-3.454920072210406921e-16
-3.484800218215986433e-16
-3.514870152541310112e-16
-3.545210078618571100e-16
-3.575720205378670998e-16
-3.606470148341962270e-16
-3.637440055173743643e-16
-3.668580162688363927e-16
-3.699939969373678295e-16
-3.731550180174024716e-16
-3.763340120777866659e-16
-3.809580178764070948e-16
-3.837180217954760291e-16
-3.864819961814852179e-16
-3.892580143172131787e-16
-3.920599993067304043e-16
-3.948830013012513771e-16
-3.977279996826213601e-16
-4.005890122806503697e-16
-4.034790092873432373e-16
-4.063850205106951316e-16
-4.093160192059910277e-16
-4.122670025848862050e-16
-4.152379971171602652e-16
-4.182340055911579289e-16
-4.212490193669096109e-16
-4.242810002713859807e-16
-4.273360098841158267e-16
-4.318380164685520347e-16
-4.344680008302174339e-16
-4.371049996834772827e-16
-4.397610038384911499e-16
-4.424410160836037562e-16
-4.451410130123156436e-16
-4.478630063278765411e-16
-4.506020197117213298e-16
-4.533669999493553831e-16
-4.561570205984926416e-16
-4.589610172912595961e-16
-4.617900014559705524e-16
-4.646400026256852561e-16
-4.675090090971539781e-16
-4.704000119554717103e-16
-4.733130112006384525e-16
-4.762430040443094842e-16
-4.806209997113117423e-16
-4.831300171801973867e-16
-4.856419992643984211e-16
-4.881760042052280674e-16
-4.907309996812818592e-16
-4.933089973958095257e-16
-4.959060004120912106e-16
-4.985280173700964990e-16
-5.011670014568264751e-16
-5.038340170401546482e-16
-5.065179997522075090e-16
-5.092170172990741336e-16
-5.119470044880747436e-16
-5.146959969788293720e-16
-5.174610036862430269e-16
-5.202480067805056920e-16
-5.230580121132422317e-16
-5.273110174809652771e-16
-5.297040179058566840e-16
-5.320950066274983620e-16
-5.345050006508940584e-16
-5.369379969127636293e-16
-5.393880132429170913e-16
-5.418639964268598180e-16
-5.443620024674311565e-16
-5.468770021065067844e-16
-5.494160098356811513e-16
-5.519780198033293929e-16
-5.545540058146073304e-16
-5.571539999159840070e-16
-5.597810196623340161e-16
-5.624240006857838484e-16
-5.650840017775175719e-16
-5.677720078960698906e-16
-5.718999964947341216e-16
-5.741529982553121537e-16
-5.764170114442044917e-16
-5.787050062534159671e-16
-5.810140180676311899e-16
-5.833390176287258375e-16
-5.856960191533589367e-16
-5.880680025732465963e-16
-5.904640205530125967e-16
-5.928780115131281492e-16
-5.953170164149673054e-16
-5.977740207669356154e-16
-6.002480187174082148e-16
-6.027540186314192657e-16
-6.052770121439346061e-16
-6.078169992549542358e-16
-6.103750122858826212e-16
-6.143830133736123602e-16
-6.165140159200061714e-16
-6.186590209798092802e-16
-6.208270018083066619e-16
-6.230150202599625282e-16
-6.252220175435928111e-16
-6.274550081507919604e-16
-6.297090157629948570e-16
-6.319830080587970347e-16
-6.342770115079780953e-16
-6.365930113440081660e-16
-6.389339986519822386e-16
-6.412910001766153377e-16
-6.436699980880974470e-16
-6.460760216445528888e-16
-6.484990123297330183e-16
-6.509380172315721745e-16
-6.548249984869629553e-16
-6.568360135224222745e-16
-6.588570076647914334e-16
-6.608999981940096025e-16
-6.629600087915116626e-16
-6.650500096493024453e-16
-6.671559982539726529e-16
-6.692880066519913285e-16
-6.714360027968894291e-16
-6.736080070318862687e-16
-6.758020076537321185e-16
-6.780180046624269784e-16
-6.802580097612205773e-16
-6.825129967552687367e-16
-6.847940035426653641e-16
-6.870980125685358661e-16
-6.894190151929106575e-16
-6.931850030857420819e-16
-6.950780158437370364e-16
-6.969810077086418306e-16
-6.989000137902056514e-16
-7.008419956404637451e-16
-7.028099972840703069e-16
-7.047959983778060225e-16
-7.068050017100156127e-16
-7.088349955774493486e-16
-7.108860064498868318e-16
-7.129620047942683168e-16
-7.150549967371540912e-16
-7.171769995584833255e-16
-7.193140107448467218e-16
-7.214720124664342638e-16
-7.236570133632155366e-16
-7.258619989435960906e-16
-7.295100110287427520e-16
-7.312860008911186045e-16
-7.330730021818087630e-16
-7.348730001342833546e-16
-7.366980120284815498e-16
-7.385459996913740178e-16
-7.404160102108950977e-16
-7.423070112656403232e-16
-7.442220204104842878e-16
-7.461550025356778046e-16
-7.481129986025949249e-16
-7.500910058228909280e-16
-7.520920152816608058e-16
-7.541150211272796937e-16
-7.561580116564978627e-16
-7.582210133390949146e-16
-7.603129994303558245e-16
-7.638470061747579774e-16
-7.655110023996390504e-16
-7.671820131161145731e-16
-7.688700174310943852e-16
-7.705820033663933347e-16
-7.723120152216010397e-16
-7.740680204003776111e-16
-7.758450161143783282e-16
-7.776460199184777843e-16
-7.794660025545516570e-16
-7.813120049839739978e-16
-7.831770127151503570e-16
-7.850620051299259973e-16
-7.869739967198953684e-16
-7.889040142297734952e-16
-7.908560016567210303e-16
-7.928310177919220417e-16
-7.962519985774249489e-16
-7.977989983764665217e-16
-7.993600006889173921e-16
-8.009410141547471454e-16
-8.025470150925209005e-16
-8.041700096287989451e-16
-8.058240002769905767e-16
-8.074950109934660994e-16
-8.091920150335104884e-16
-8.109079979055292941e-16
-8.126490211890513050e-16
-8.144110085380178599e-16
-8.161930070403632977e-16
-8.179990136328074745e-16
-8.198279959939459242e-16
-8.216760101266179939e-16
-8.235460206461390738e-16
-8.268640075192117784e-16
-8.283099986392932759e-16
-8.297680070393139437e-16
-8.312480118261836217e-16
-8.327519982333724370e-16
-8.342750164120948725e-16
-8.358270189994811659e-16
-8.373980004188418761e-16
-8.389930163980809270e-16
-8.406089964427645219e-16
-8.422500168989513220e-16
-8.439120014205826661e-16
-8.455939970955928930e-16
-8.473000008607018589e-16
-8.490300127159095640e-16
-8.507800092547165502e-16
-8.525490110952775548e-16
-8.557680009926399130e-16
-8.571150216067906658e-16
-8.584730007096965211e-16
-8.598600171608254379e-16
-8.612679976773988987e-16
-8.626950099655059795e-16
-8.641490214288067911e-16
-8.656230175757068839e-16
-8.671220011945509785e-16
-8.686430076700236850e-16
-8.701870163839702660e-16
-8.717560125698608489e-16
-8.733430082058805857e-16
-8.749530060803741970e-16
-8.765900031300615392e-16
-8.782449996298780353e-16
-8.799210131346982787e-16
-8.830470146963198758e-16
-8.843080085267651137e-16
-8.855740051455550724e-16
-8.868650157060686346e-16
-8.881770168018063424e-16
-8.895150112211129166e-16
-8.908750020272685009e-16
-8.922600067751476887e-16
-8.936660020582510222e-16
-8.950960054314530947e-16
-8.965469993398793129e-16
-8.980250188932788636e-16
-8.995220172786528310e-16
-9.010390003476260795e-16
-9.025870059982925167e-16
-9.041530110990881079e-16
-9.057390008834829802e-16
-9.087739993428339434e-16
-9.099390137524434284e-16
-9.111169983540577449e-16
-9.123170058123006732e-16
-9.135410213606423406e-16
-9.147920096143981371e-16
-9.160620031699079520e-16
-9.173589959006114977e-16
-9.186750204028486634e-16
-9.200180176104999583e-16
-9.213809995017505344e-16
-9.227710070379744429e-16
-9.241820051094224971e-16
-9.256120084826245696e-16
-9.270730079677402292e-16
-9.285530127546099072e-16
-9.300540080767037308e-16
-9.330020003705039163e-16
-9.340790027629377592e-16
-9.351679959655311708e-16
-9.362800178763780587e-16
-9.374119980010446260e-16
-9.385720096223093903e-16
-9.397510000755485713e-16
-9.409590014072312120e-16
-9.421830169555728794e-16
-9.434380021460485322e-16
-9.447129984899030677e-16
-9.460130087754812069e-16
-9.473360212995332206e-16
-9.486790185071845155e-16
-9.500520059751245330e-16
-9.514450045964434333e-16
-9.528580143711412164e-16
-9.557200063510154888e-16
-9.567110084295234185e-16
-9.577150071698157813e-16
-9.587390170634870271e-16
-9.597849968742276812e-16
-9.608580023299416678e-16
-9.619510189390345373e-16
-9.630739993386365277e-16
-9.642130204246771464e-16
-9.653830111528517504e-16
-9.665730130344052373e-16
-9.677890082395275905e-16
-9.690269998314989539e-16
-9.702860084284740646e-16
-9.715740014341130333e-16
-9.728840172963806139e-16
-9.742140178422474756e-16
-9.769920212114455637e-16
-9.779000140611225720e-16
-9.788199977209591490e-16
-9.797620042374243377e-16
-9.807260071407385366e-16
-9.817180150708713308e-16
-9.827290018329785416e-16
-9.837700053251540767e-16
-9.848280024158339013e-16
-9.859180014700521773e-16
-9.870280116776493362e-16
-9.881620035055656325e-16
-9.893200034235806678e-16
-9.904980144949745860e-16
-9.917060158266572268e-16
-9.929360135451888777e-16
-9.941859959473198097e-16
-9.968850134941864343e-16
-9.977149999033772419e-16
-9.985559977408823553e-16
-9.994160008801414872e-16
-1.000301997342969485e-15
-1.001217004684240943e-15
-1.002150011475641555e-15
-1.003115020230580618e-15
-1.004095010880774242e-15
-1.005107003494506318e-15
-1.006140013113242140e-15
-1.007198010203921965e-15
-1.008279009533075664e-15
-1.009379014163983381e-15
-1.010511020758429550e-15
-1.011666003121569992e-15
-1.012842002489714181e-15
-1.015464998829564733e-15
-1.016221002204768797e-15
-1.016988017008287168e-15
-1.017775995877250083e-15
-1.018588009306091338e-15
-1.019426995440346722e-15
-1.020284007494510863e-15
-1.021175006745683581e-15
-1.022084005446985454e-15
-1.023020003323481058e-15
-1.023981015141700265e-15
-1.024965002728613745e-15
-1.025974004257250828e-15
-1.027003996321112058e-15
-1.028059002326696890e-15
-1.029143019210725183e-15
-1.030247020778352757e-15
-1.032800004551156820e-15
-1.033488007062564125e-15
-1.034185009299036007e-15
-1.034900010985637044e-15
-1.035641005995806946e-15
-1.036409000181170580e-15
-1.037197005519913096e-15
-1.038017012822194064e-15
-1.038855998956449448e-15
-1.039722010735678165e-15
-1.040614015838475749e-15
-1.041528017328122342e-15
-1.042469017992962666e-15
-1.043430003341402272e-15
-1.044416002631565481e-15
-1.045432018651797014e-15
-1.046468019355627829e-15
-1.048953002264635132e-15
-1.049574009763870543e-15
-1.050203011136545666e-15
-1.050851997192820070e-15
-1.051525997190818078e-15
-1.052226996364009817e-15
-1.052949012542205303e-15
-1.053701998362534774e-15
-1.054476001187867992e-15
-1.055274012103299950e-15
-1.056101007427395766e-15
-1.056947008053245600e-15
-1.057824004791009021e-15
-1.058720006830526461e-15
-1.059640016960142640e-15
-1.060593008435142533e-15
-1.061565005211896444e-15
-1.062560004227124230e-15
-1.065004011917308107e-15
-1.065578009087970904e-15
-1.066166008772042998e-15
-1.066774019609493976e-15
-1.067409003152359082e-15
-1.068072018191822386e-15
-1.068755017914884971e-15
-1.069470998983331270e-15
-1.070203020738216197e-15
-1.070967997368705237e-15
-1.071756002707447753e-15
-1.072567010284664144e-15
-1.073405017037074266e-15
-1.074263008473083669e-15
-1.075151016639161396e-15
-1.076063006425558260e-15
-1.076997019068583737e-15
-1.079380013916785702e-15
-1.079900012737061037e-15
-1.080429011282400950e-15
-1.080977015129494880e-15
-1.081552018151782542e-15
-1.082154020349263934e-15
-1.082776007230344608e-15
-1.083432007778213461e-15
-1.084107013627836334e-15
-1.084808012801028072e-15
-1.085537996382883669e-15
-1.086287011736272886e-15
-1.087066017349950825e-15
-1.087867019350477775e-15
-1.088692002971323861e-15
-1.089550020877112866e-15
-1.090426011763251423e-15
-1.092750005472721206e-15
-1.093209017920794232e-15
-1.093681000560872089e-15
-1.094171009120858701e-15
-1.094688016856039045e-15
-1.095231997296633518e-15
-1.095798000593856602e-15
-1.096395000002993274e-15
-1.097015001650603820e-15
-1.097658005536688241e-15
-1.098332005534686249e-15
-1.099026016686063139e-15
-1.099749012246103888e-15
-1.100494004192993647e-15
-1.101263004229982145e-15
-1.102064006230509094e-15
-1.102885998766260189e-15
-1.105154008891872383e-15
-1.105558017137933083e-15
-1.105974995575998614e-15
-1.106409020552127638e-15
-1.106872003467140918e-15
-1.107361006175502666e-15
-1.107874016973963154e-15
-1.108415006329462635e-15
-1.108983021329935448e-15
-1.109570015162382678e-15
-1.110190996191838487e-15
-1.110832014844452781e-15
-1.111500006202481203e-15
-1.112193011502233229e-15
-1.112907007337209401e-15
-1.113654010987348889e-15
-1.114424996257807514e-15
-1.116641019736281976e-15
-1.116989997310550748e-15
-1.117351018634538291e-15
-1.117729007087250523e-15
-1.118136006418406214e-15
-1.118568019691285509e-15
-1.119025020436108806e-15
-1.119507008652876104e-15
-1.120020019451336592e-15
-1.120549997378521767e-15
-1.121115021293899588e-15
-1.121704000359816946e-15
-1.122315002282362915e-15
-1.122954009231727480e-15
-1.123614006716316190e-15
-1.124303015079348360e-15
-1.125022013702669252e-15
-1.125760997009589426e-15
-1.127949015461245292e-15
-1.128271020330099935e-15
-1.128605995390959409e-15
-1.128961008074977367e-15
-1.129345005167659184e-15
-1.129754995583909867e-15
-1.130188014708414027e-15
-1.130650997623427307e-15
-1.131140000331789055e-15
-1.131648008341904822e-15
-1.132190003549029167e-15
-1.132754021612782124e-15
-1.133344006530324346e-15
-1.133961996474685163e-15
-1.134601003424049728e-15
-1.135270000633703015e-15
-1.135964011785079906e-15
-1.138104014056538294e-15
-1.138385996618635171e-15
-1.138670996735606641e-15
-1.138973996302707265e-15
-1.139306006748251349e-15
-1.139664010517364300e-15
-1.140047001758421252e-15
-1.140457018644451537e-15
-1.140896999320990942e-15
-1.141355005917439104e-15
-1.141844008625800852e-15
-1.142361016360981195e-15
-1.142900999864855812e-15
-1.143469014865328625e-15
-1.144058020401025584e-15
-1.144675004493761537e-15
-1.145322005316565814e-15
-1.147414997259451589e-15
-1.147645999026035597e-15
-1.147884015284214056e-15
-1.148138998671117202e-15
-1.148423019406243409e-15
-1.148732001143534017e-15
-1.149069014377422822e-15
-1.149429003380005899e-15
-1.149821020815907030e-15
-1.150232017083782578e-15
-1.150675015315196577e-15
-1.151145012721804307e-15
-1.151637006515261047e-15
-1.152158011187161247e-15
-1.152701012245910457e-15
-1.153272018331478262e-15
-1.153873014677334790e-15
-1.155920002143272815e-15
-1.156099996644564354e-15
-1.156293014277419927e-15
-1.156502999039000189e-15
-1.156741015297178647e-15
-1.157004019027301107e-15
-1.157296007166087426e-15
-1.157610997543347619e-15
-1.157960001587395992e-15
-1.158328010933198384e-15
-1.158725004687664634e-15
-1.159150003468949479e-15
-1.159596019255238072e-15
-1.160074010535285514e-15
-1.160573998202181966e-15
-1.161101011514051751e-15
-1.161658015086210259e-15
-1.162237015045217777e-15
-1.164266003061026648e-15
-1.164431015667063626e-15
-1.164608998465105436e-15
-1.164806013034680866e-15
-1.165032012012920154e-15
-1.165284004314728309e-15
-1.165562016409884931e-15
-1.165870018765330276e-15
-1.166205020295969352e-15
-1.166559000658582844e-15
-1.166947021157764119e-15
-1.167358017425639666e-15
-1.167795007017084080e-15
-1.168261007486971954e-15
-1.168750010195333702e-15
-1.169266012078889181e-15
-1.169810018989263256e-15
-1.171802002253188955e-15
-1.171934007044062617e-15
-1.172076996793470984e-15
-1.172237006611163241e-15
-1.172428012540769086e-15
-1.172642020708848805e-15
-1.172885013285592383e-15
-1.173155005037529691e-15
-1.173455013519535324e-15
-1.173774000833515373e-15
-1.174125016580813475e-15
-1.174501999181900842e-15
-1.174902010491241685e-15
-1.175333997294341379e-15
-1.175787001102444819e-15
-1.176265998234117126e-15
-1.176776997329327884e-15
-1.178735019866024606e-15
-1.178830999286860359e-15
-1.178934019669070164e-15
-1.179056018883254385e-15
-1.179205996654477599e-15
-1.179382020688828883e-15
-1.179585996810439560e-15
-1.179813001640303712e-15
-1.180076005370426172e-15
-1.180358014402302651e-15
-1.180669007842842988e-15
-1.181009012161826784e-15
