0.000000000000000000e+00
-1.399293500191142324e-14
-2.758176101378098286e-14
-4.081001499970195786e-14
-5.371610100998638459e-14
-6.633505801833531528e-14
-7.869757302257614836e-14
-9.083180200668054761e-14
-1.027635360121616632e-13
-1.145175690168746086e-13
-1.261137820222919652e-13
-1.375717450099759942e-13
-1.489079870073291956e-13
-1.601389380183085797e-13
-1.712781770133800372e-13
-1.823381450007146025e-13
-1.933314310074908427e-13
-2.042667840105511678e-13
-2.151548580167759220e-13
-2.260025800086681917e-13
-2.368176770178195248e-13
-2.476070780119664778e-13
-2.583757509981633748e-13
-2.691295740144872462e-13
-2.798737370170943764e-13
-2.906115589987094629e-13
-3.013473590068003349e-13
-3.120836309975312848e-13
-3.228227040203396862e-13
-3.335679650158744744e-13
-3.443210300171198920e-13
-3.550833980076947832e-13
-3.658576690081703043e-13
-3.766447169977293441e-13
-3.874465420064488271e-13
-3.982622280211358572e-13
-4.090936399965820514e-13
-4.199397430173445426e-13
-4.308035010105244511e-13
-4.416833600147707003e-13
-4.525793640228569881e-13
-4.634915200228051293e-13
-4.744210170106450525e-13
-4.853673860212915546e-13
-4.963301350080116196e-13
-5.073075520113397280e-13
-5.183007470150136976e-13
-5.293091850118482187e-13
-5.403335340196710994e-13
-5.513716100169674037e-13
-5.624228630146565675e-13
-5.734867300005264628e-13
-5.845626510063896156e-13
-5.956512720007474257e-13
-6.067503960183627320e-13
-6.178606729982038745e-13
-6.289799110042918162e-13
-6.401087650048530215e-13
-6.512450520106939590e-13
-6.623894350103843123e-13
-6.735397410203072393e-13
-6.846966440139909583e-13
-6.958579800075436920e-13
-7.070244340123917526e-13
-7.181950670131037698e-13
-7.293677360163231904e-13
-7.405431469975417712e-13
-7.517203880199126745e-13
-7.628973340101201372e-13
-7.740747170163888240e-13
-7.852504350205810049e-13
-7.964252320087919447e-13
-8.075982310107536596e-13
-8.187673509988636439e-13
-8.299333630113319153e-13
-8.410954120213377799e-13
-8.522526540134888579e-13
-8.634030440120224611e-13
-8.745473890011093063e-13
-8.856848720174717669e-13
-8.968134720140279143e-13
-9.079340190036567192e-13
-9.190445109975175662e-13
-9.301457910051512103e-13
-9.412370849972625386e-13
-9.523164120020159398e-13
-9.633846410222757375e-13
-9.744410170075787933e-13
-9.854835860117344692e-13
-9.965132410192274081e-13
-1.007529252999387820e-12
-1.018529693019966790e-12
-1.029515473017811157e-12
-1.040485887017429163e-12
-1.051439030015252654e-12
-1.062375842006094845e-12
-1.073294422009794081e-12
-1.084195732996932272e-12
-1.095079105017387699e-12
-1.105942665016616187e-12
-1.116787390020652614e-12
-1.127611424021490868e-12
-1.138415757015357832e-12
-1.149199754018710642e-12
-1.159961578002375159e-12
-1.170702242997138145e-12
-1.181419923011723557e-12
-1.192115643008937132e-12
-1.202787590020634389e-12
-1.213436804017986102e-12
-1.224062694010223101e-12
-1.234663465002181257e-12
-1.245240170014632686e-12
-1.255791036022330326e-12
-1.266317129016238297e-12
-1.276816681000367664e-12
-1.287290773000517358e-12
-1.297737645014571884e-12
-1.308158392997285871e-12
-1.318551271001996790e-12
-1.328917381018569020e-12
-1.339254985014804133e-12
-1.349565199009549696e-12
-1.359846296008505377e-12
-1.370099402009625650e-12
-1.380322802009420344e-12
-1.390517629999717374e-12
-1.400682181009073036e-12
-1.410816386004302129e-12
-1.420921386997575788e-12
-1.430995496011048813e-12
-1.441039869006466190e-12
-1.451052823008771063e-12
-1.461035524011754886e-12
-1.470986297007764466e-12
-1.480906322019574445e-12
-1.490793933012786912e-12
-1.500650314007113232e-12
-1.510473811011905213e-12
-1.520264408012946195e-12
-1.530023296997351203e-12
-1.539748836997603608e-12
-1.549442232997480219e-12
-1.559101851996868069e-12
-1.568727694022236936e-12
-1.578320974010000759e-12
-1.587880060018837756e-12
-1.597406179002441802e-12
-1.606897716013089619e-12
-1.616354692014846653e-12
-1.625778339996516528e-12
-1.635167055015952656e-12
-1.644522074005955824e-12
-1.653841802003486351e-12
-1.663126274001592873e-12
-1.672376745011935643e-12
-1.681591622003768892e-12
-1.690770952013890974e-12
-1.699915993997959304e-12
-1.709025167021917390e-12
-1.718098527016409532e-12
-1.727137343022079174e-12
-1.736140039001779050e-12
-1.745106671997884203e-12
-1.754038521003675207e-12
-1.762934023005136361e-12
-1.771793252011771432e-12
-1.780617490007946089e-12
-1.789405181999987850e-12
-1.798156407000188828e-12
-1.806872456019109534e-12
-1.815551782004011370e-12
-1.824194470002296194e-12
-1.832801819997779806e-12
-1.841372290019921288e-12
-1.849905976021671696e-12
-1.858404183016104953e-12
-1.866865377000083803e-12
-1.875289658002905359e-12
-1.883677126000927177e-12
-1.892029092015863151e-12
-1.900344030011979682e-12
-1.908622046000744076e-12
-1.916864463021150165e-12
-1.925069758002079666e-12
-1.933238048019367757e-12
-1.941369449010649096e-12
-1.949465287006002607e-12
-1.957524048013444413e-12
-1.965545847997078949e-12
-1.973530814011848302e-12
-1.981480280002295501e-12
-1.989392738011546417e-12
-1.997268314009282173e-12
-2.005108348001625326e-12
-2.012911337008020313e-12
-2.020677412000936602e-12
-2.028406701014698126e-12
-2.036100554008064573e-12
-2.043757473003268723e-12
-2.051377597019593045e-12
-2.058961066002762291e-12
-2.066508018998528711e-12
-2.074019805012739925e-12
-2.081494933002710969e-12
-2.088933546011130811e-12
-2.096335789012982329e-12
-2.103703017022753115e-12
-2.111033743021164703e-12
-2.118328113015521377e-12
-2.125586278015915764e-12
-2.132809599998387491e-12
-2.139996593002449276e-12
-2.147147407005872344e-12
-2.154262186004257727e-12
-2.161341091013274743e-12
-2.168385488005899738e-12
-2.175393897003815620e-12
-2.182366478016840083e-12
-2.189303385999062914e-12
-2.196204780007389741e-12
-2.203072026014796909e-12
-2.209903649998667737e-12
-2.216699813001141324e-12
-2.223460676011417206e-12
-2.230186399012843297e-12
-2.236878354013505690e-12
-2.243535069002490956e-12
-2.250156707007171662e-12
-2.256743434019535690e-12
-2.263295411002312797e-12
-2.269812794021323517e-12
-2.276296962019736198e-12
-2.282746446004192285e-12
-2.289161412019619221e-12
-2.295542027010916952e-12
-2.301888458002394766e-12
-2.308202080999075478e-12
-2.314481431004537250e-12
-2.320726677001853062e-12
-2.326937987021183825e-12
-2.333115530998514580e-12
-2.339259472014157455e-12
-2.345371193008217520e-12
-2.351449231022445968e-12
-2.357493755013445998e-12
-2.363504939020018490e-12
-2.369482947022448076e-12
-2.375427946018574265e-12
-2.381340107003173282e-12
-2.387220811010526067e-12
-2.393068593997122850e-12
-2.398883629022382667e-12
-2.404666086022290560e-12
-2.410416136018092537e-12
-2.416133950004564825e-12
-2.421820910021839986e-12
-2.427475551999938472e-12
-2.433098048018897473e-12
-2.438688571005787127e-12
-2.444247294999408315e-12
-2.449774389009303795e-12
-2.455270026015483263e-12
-2.460734375001019696e-12
-2.466168813003257314e-12
-2.471571872008219406e-12
-2.476943727007618919e-12
-2.482284552013786955e-12
-2.487594519000881587e-12
-2.492873797004915349e-12
-2.498122558000046315e-12
-2.503342180003000550e-12
-2.508531200002589686e-12
-2.513689794022848077e-12
-2.518818124005887325e-12
-2.523916369019766435e-12
-2.528984701012173701e-12
-2.534023287007418408e-12
-2.539032297020894939e-12
-2.544013109016389799e-12
-2.548964260009184402e-12
-2.553885918002969879e-12
-2.558778247004500644e-12
-2.563641424017192892e-12
-2.568475616012416351e-12
-2.573280993005565403e-12
-2.578057721015097710e-12
-2.582805968018234624e-12
-2.587527109014147334e-12
-2.592219678000562381e-12
-2.596883843007640675e-12
-2.601519775003688665e-12
-2.606127640007164012e-12
-2.610707606021757848e-12
-2.615259838007136651e-12
-2.619784502008227863e-12
-2.624281760020082645e-12
-2.628751777002367475e-12
-2.633195921019171288e-12
-2.637612718021407624e-12
-2.642002337018619241e-12
-2.646364944002794020e-12
-2.650700704013007777e-12
-2.655009779017841897e-12
-2.659292332997581010e-12
-2.663548526014982370e-12
-2.667778520012157578e-12
-2.671982473013690857e-12
-2.676160543997078495e-12
-2.680314100999939647e-12
-2.684441668014424161e-12
-2.688543406003261797e-12
-2.692619478999676747e-12
-2.696670047013486701e-12
-2.700695268016336324e-12
-2.704695299000488433e-12
-2.708670289017271965e-12
-2.712620401014650148e-12
-2.716545787008567235e-12
-2.720446604017755823e-12
-2.724324214018255538e-12
-2.728177140022834384e-12
-2.732005537012051929e-12
-2.735809563010492397e-12
-2.739589372019333508e-12
-2.743345119019134832e-12
-2.747076959016925716e-12
-2.750785043022798787e-12
-2.754469522999758739e-12
-2.758130550010837759e-12
-2.761768273001485665e-12
-2.765382840017179770e-12
-2.768974395000581548e-12
-2.772544293998499993e-12
-2.776091052003359892e-12
-2.779614819998784092e-12
-2.783115747009631751e-12
-2.786593984998907562e-12
-2.790049680000385588e-12
-2.793482982018306832e-12
-2.796894035021802547e-12
-2.800282985018177017e-12
-2.803649976003031274e-12
-2.806995151998436131e-12
-2.810318655014759152e-12
-2.813620627009428340e-12
-2.816901207001726163e-12
-2.820160536022638340e-12
-2.823399962998603152e-12
-2.826617992016496189e-12
-2.829814758998635705e-12
-2.832990413022820419e-12
-2.836145093002453678e-12
-2.839278941000842606e-12
-2.842392093999096642e-12
-2.845484689004795003e-12
-2.848556868001835473e-12
-2.851608765006712176e-12
-2.854640518006386175e-12
-2.857652261017351594e-12
-2.860644126997311372e-12
-2.863616249009847566e-12
-2.866568760012663117e-12
-2.869501789998845647e-12
-2.872415469014422341e-12
-2.875309926020159417e-12
-2.878186498004624557e-12
-2.881043678016795257e-12
-2.883881599014374457e-12
-2.886700396019707904e-12
-2.889500200005265068e-12
-2.892281140011221507e-12
-2.895043347010046691e-12
-2.897786949009594772e-12
-2.900512074017719906e-12
-2.903218848004103216e-12
-2.905907397997217011e-12
-2.908577847002127099e-12
-2.911230320009132761e-12
-2.913864939996830026e-12
-2.916481829996754482e-12
-2.919081110022886844e-12
-2.921662902021501736e-12
-2.924227322009643153e-12
-2.926774484019121619e-12
-2.929304510022681538e-12
-2.931818728009165527e-12
-2.934315625018911114e-12
-2.936795322018811077e-12
-2.939257939022846131e-12
-2.941703598003760680e-12
-2.944132418022623373e-12
-2.946544517002302335e-12
-2.948940014003866215e-12
-2.951319025017889227e-12
-2.953681666008475806e-12
-2.956028053019139727e-12
-2.958358299022900329e-12
-2.960672519004480202e-12
-2.962970825010456400e-12
-2.965253325011059919e-12
-2.967520125997139907e-12
-2.969771342000506890e-12
-2.972007083003095113e-12
-2.974227458007456975e-12
-2.976432574004441627e-12
-2.978622539017219622e-12
-2.980797460010170332e-12
-2.982957440003675966e-12
-2.985102588000288924e-12
-2.987233005008688166e-12
-2.989350007000436370e-12
-2.991452065001654404e-12
-2.993539288014894666e-12
-2.995611784010388152e-12
-2.997669651005728728e-12
-2.999713003006257138e-12
-3.001741942000034187e-12
-3.003756566004653740e-12
-3.005756985002050043e-12
-3.007743300000902055e-12
-3.009715614021591987e-12
-3.011674028019859238e-12
-3.013618643004382770e-12
-3.015549559004459697e-12
-3.017466875017065729e-12
-3.019370689006855172e-12
-3.021261098012040046e-12
-3.023138201003126282e-12
-3.025002092000771026e-12
-3.026852867010864891e-12
-3.028690622012828715e-12
-3.030515450021468017e-12
-3.032327443998648759e-12
-3.034126694021030925e-12
-3.035913287015370727e-12
-3.037687318008176936e-12
-3.039448879008403446e-12
-3.041198059007449279e-12
-3.042934946996713456e-12
-3.044659632999916401e-12
-3.046372205002605512e-12
-3.048072749005094714e-12
-3.049761353998783027e-12
-3.051439315017637465e-12
-3.053105088000004523e-12
-3.054758764001926029e-12
-3.056400432014801005e-12
-3.058030183015261942e-12
-3.059646896008142708e-12
-3.061253500006905128e-12
-3.062848444014813442e-12
-3.064431809002923451e-12
-3.066003685021425360e-12
-3.067564160002927005e-12
-3.069113319021300027e-12
-3.070651244000512293e-12
-3.072178021999668913e-12
-3.073693735022147092e-12
-3.075198465997766323e-12
-3.076692297009313152e-12
-3.078175309001373599e-12
-3.079647584003794651e-12
-3.081109199996547013e-12
-3.082560239009477673e-12
-3.084000778016705711e-12
-3.085430896004053459e-12
-3.086850671004431182e-12
-3.088260177000872868e-12
-3.089659484005945563e-12
-3.091048673996556694e-12
-3.092427822014531431e-12
-3.093797002016433981e-12
-3.095156289017619736e-12
-3.096505757001122682e-12
-3.097845478997064740e-12
-3.099175528009098053e-12
-3.100495975002701731e-12
-3.101806893007997697e-12
-3.103108352011083216e-12
-3.104400421998055557e-12
-3.105683174013803169e-12
-3.106956677012101916e-12
-3.108220999999667219e-12
-3.109476209997981029e-12
-3.110722374002055518e-12
-3.111959552998262889e-12
-3.113187816999170188e-12
-3.114408444998057989e-12
-3.115619872022146902e-12
-3.116820957012177856e-12
-3.118014613020335577e-12
-3.119199275020901116e-12
-3.120373802007554961e-12
-3.121541104014926963e-12
-3.122699615011446548e-12
-3.123849401012744042e-12
-3.124989320006648310e-12
-3.126122282001319422e-12
-3.127246716015338020e-12
-3.128362688011394869e-12
-3.129470264005120296e-12
-3.130568296002172977e-12
-3.131659682999284668e-12
-3.132742859997206199e-12
-3.133817889014631176e-12
-3.134884832996695492e-12
-3.135943755020883939e-12
-3.136994717000011004e-12
-3.138037782011561478e-12
-3.139073010009586160e-12
-3.140100459015841936e-12
-3.141120193007786103e-12
-3.142132272018878798e-12
-3.143136756003170820e-12
-3.144133704014740458e-12
-3.145123174022405042e-12
-3.146105224021451677e-12
-3.147079912007167473e-12
-3.148047295021927470e-12
-3.149007424999439246e-12
-3.149960355011610904e-12
-3.150906145012493241e-12
-3.151844850006288269e-12
-3.152776524017816156e-12
-3.153701223004190979e-12
-3.154619000010851061e-12
-3.155529910015528633e-12
-3.156434005004870834e-12
-3.157331339003697831e-12
-3.158221962013423292e-12
-3.159105929011779448e-12
-3.159983290000179968e-12
-3.160854096012359924e-12
-3.161718398002645049e-12
-3.162576247004770415e-12
-3.163427692014298065e-12
-3.164272780015086792e-12
-3.165111554999910294e-12
-3.165944070014206892e-12
-3.166770373021217226e-12
-3.167590513016503337e-12
-3.168404537010393798e-12
-3.169212493019068808e-12
-3.170014427999917378e-12
-3.170810388010356017e-12
-3.171600419001922112e-12
-3.172384568011414016e-12
-3.173162880010987273e-12
-3.173935399019885359e-12
-3.174702172021967068e-12
-3.175463242004154473e-12
-3.176218653012160832e-12
-3.176968450018141687e-12
-3.177712671006230767e-12
-3.178451355998734829e-12
-3.179184551000130822e-12
-3.179912298017958973e-12
-3.180634640012671577e-12
-3.181351619018278639e-12
-3.182063276009998985e-12
-3.182770862002556148e-12
-3.183471579007897333e-12
-3.184167100021972484e-12
-3.184858680003502298e-12
-3.185543517020436816e-12
-3.186224496014054827e-12
-3.186898814999366815e-12
-3.187569362014615782e-12
-3.188233333010169400e-12
-3.188893613006715800e-12
-3.189547397001710587e-12
-3.190197563001350296e-12
-3.190842524009998907e-12
-3.191481110010458466e-12
-3.192116205996947320e-12
-3.192745007019860638e-12
-3.193370396008773959e-12
-3.193989567008230824e-12
-3.194605403000746333e-12
-3.195216308996811025e-12
-3.195821113999845102e-12
-3.196422700012981817e-12
-3.197019471014390306e-12
-3.197610255001639144e-12
-3.198197932998479739e-12
-3.198779698017134229e-12
-3.199358428010859589e-12
-3.199932524019679419e-12
-3.200500806020819075e-12
-3.201066156996793655e-12
-3.201626982011033260e-12
-3.202182104005378560e-12
-3.202734402997729340e-12
-3.203282279022257574e-12
-3.203825767998454182e-12
-3.204363696018063608e-12
-3.204898940002021422e-12
-3.205429900010969379e-12
-3.205955400019069556e-12
-3.206478316020815235e-12
-3.206997047997438833e-12
-3.207511628003843448e-12
-3.208020881999424625e-12
-3.208527683014060334e-12
-3.209030429996661586e-12
-3.209529155002131478e-12
-3.210023882012090330e-12
-3.210513438997636938e-12
-3.211000700020970674e-12
-3.211484062998681146e-12
-3.211963558000437982e-12
-3.212439218007586564e-12
-3.212909862997352249e-12
-3.213378367005464631e-12
-3.213843124004516156e-12
-3.214304165996470362e-12
-3.214761522998057318e-12
-3.215215226005388937e-12
-3.215664093010457106e-12
-3.216110997016670013e-12
-3.216554331017238260e-12
-3.216994123996570510e-12
-3.217430402000929891e-12
-3.217863190017788348e-12
-3.218292520022639639e-12
-3.218717209001624026e-12
-3.219140129005237632e-12
-3.219559671014987808e-12
-3.219975863009431593e-12
-3.220388731008362335e-12
-3.220798305002040324e-12
-3.221204611010258909e-12
-3.221607676005723502e-12
-3.222007527014079077e-12
-3.222404192013882674e-12
-3.222797695013224391e-12
-3.223186854004096114e-12
-3.223574535001884217e-12
-3.223959129014565832e-12
-3.224340655020972932e-12
-3.224719135017492367e-12
-3.225094598015002580e-12
-3.225467069000975516e-12
-3.225836574021674302e-12
-3.226203135999928073e-12
-3.226566781008469737e-12
-3.226927531017216363e-12
-3.227285412998873366e-12
-3.227640447996915529e-12
-3.227992662004666420e-12
-3.228342077018512890e-12
-3.228688716014223631e-12
-3.229032602999888743e-12
-3.229373761004216480e-12
-3.229712211997123910e-12
-3.230047978001467662e-12
-3.230381078022549491e-12
-3.230711530006879966e-12
-3.231039359021340370e-12
-3.231364588015229618e-12
-3.231687236999701088e-12
-3.232007329003463034e-12
-3.232324885017050681e-12
-3.232639924019296002e-12
-3.232952469012437472e-12
-3.233262540007628469e-12
-3.233570158021873998e-12
-3.233875342007536252e-12
-3.234178113008090015e-12
-3.234478492014070513e-12
-3.234776496998458093e-12
-3.235072149004727539e-12
-3.235365467011710826e-12
-3.235656469998239929e-12
-3.235945175010852910e-12
-3.236231595019741774e-12
-3.236515752021293371e-12
-3.236797666000191300e-12
-3.237077357020528499e-12
-3.237354841017112288e-12
-3.237630137021714201e-12
-3.237903264013166212e-12
-3.238174239011536604e-12
-3.238443080016275508e-12
-3.238709805000363273e-12
-3.238974432016189587e-12
-3.239236976998561770e-12
-3.239497457999869511e-12
-3.239755893019562939e-12
-3.240012297013067529e-12
-3.240266688006303189e-12
-3.240519080001783329e-12
-3.240769481999233013e-12
-3.241017918006742341e-12
-3.241264401020973096e-12
-3.241508949014905628e-12
-3.241751578002756597e-12
-3.241992303998742660e-12
-3.242231141005377229e-12
-3.242468107022110431e-12
-3.242703215998516116e-12
-3.242936484001750504e-12
-3.243167926013708848e-12
-3.243397558022138028e-12
-3.243625392997230049e-12
-3.243851447006141129e-12
-3.244075735004296743e-12
-3.244298272000061925e-12
-3.244519067019631519e-12
-3.244738132000876126e-12
-3.244955483010951964e-12
-3.245171136011136133e-12
-3.245385103998090417e-12
-3.245597401000798005e-12
-3.245808042001154152e-12
-3.246017039016438796e-12
-3.246224407002077413e-12
-3.246430159007671347e-12
-3.246634306997560977e-12
-3.246836866006581117e-12
