0.000000000000000000e+00
2.629896300732070813e-12
5.260680779883841751e-12
7.920775146885716822e-12
1.061994936435439740e-11
1.334043986389588099e-11
1.610001021390417009e-11
1.888000866756556206e-11
2.169020518749675830e-11
2.451994163266135729e-11
2.737010618147905916e-11
3.024069883394986391e-11
3.314060137427077279e-11
3.605027387720838306e-11
3.898037448379909620e-11
4.193001501562321209e-11
4.489031368848372949e-11
4.786038232396094827e-11
5.086064902570797130e-11
5.386002754903529421e-11
5.688072235443542013e-11
5.991029894403254730e-11
6.296030363728277734e-11
6.599076840529960464e-11
6.907008298639993882e-11
7.214051578330327175e-11
7.521006040178690455e-11
7.828049319869023748e-11
8.139000584606037592e-11
8.450040667185021448e-11
8.760014935660365154e-11
9.071055018239349010e-11
9.386003085865013418e-11
9.698020164705667412e-11
1.001003724354632141e-10
1.032303131864864554e-10
1.064002219663962023e-10
1.095603607836892479e-10
1.127107296383655921e-10
1.158806384182753391e-10
1.190301190945319831e-10
1.222302259407115343e-10
1.254001347206212813e-10
1.285602735379143269e-10
1.317301823178240738e-10
1.349000910977338208e-10
1.381303960101831763e-10
1.413305028563627275e-10
1.445306097025422787e-10
1.476907485198353243e-10
1.508801972249784740e-10
1.541300420626612322e-10
1.572804109173375764e-10
1.605906518875599431e-10
1.637303626011998858e-10
1.670006355425357469e-10
1.701305762935589883e-10
1.734701271516314591e-10
1.765805279774212977e-10
1.798907689476436644e-10
1.831006457564399170e-10
1.862598963953132625e-10
1.894600032414928137e-10
1.928102122406016861e-10
1.960804851819375472e-10
1.990905218463012716e-10
2.023101686177142255e-10
2.057607417782492121e-10
2.090105866159319703e-10
2.122506614909980271e-10
2.154099121298713726e-10
2.185203129556612112e-10
2.215703176489114412e-10
2.249800346021402220e-10
2.283906397337887029e-10
2.317799285833643808e-10
2.351399075450899545e-10
2.383302444286528043e-10
2.414299871134062414e-10
2.444906499476928730e-10
2.475299964999067015e-10
2.505604612679235288e-10
2.537099419441801729e-10
2.572999591166080791e-10
2.608500082601494796e-10
2.641904472966416506e-10
2.675006882668640174e-10
2.707807311708165798e-10
2.740705440373858437e-10
2.773603569039551076e-10
2.806599397331410728e-10
2.839506407781300368e-10
2.872599935699327034e-10
2.905604645775383688e-10
2.938707055477607355e-10
2.609699123468089965e-10
2.643201213459178689e-10
2.677804644690695568e-10
2.710400792693690164e-10
2.742304161529318662e-10
2.773399288003020047e-10
2.802806875479291193e-10
2.836406665096546931e-10
2.868807413847207499e-10
2.899804840694741870e-10
2.930500286879578198e-10
2.960103273608183372e-10
2.992806003021541983e-10
3.025499850650703593e-10
3.058104880437895190e-10
3.090807609851253801e-10
2.761000317264006299e-10
2.791704645233039628e-10
2.823199451995606069e-10
2.852607039471877215e-10
2.883506766693244572e-10
2.914299912504247914e-10
2.943707499980519060e-10
2.974704926828053431e-10
3.006102033964452858e-10
3.037001761185820214e-10
3.065006026758965163e-10
3.095905753980332520e-10
3.128901582272192172e-10
3.159401629204694473e-10
3.189706276884862746e-10
3.218803001914238848e-10
3.248006308353978966e-10
2.916307195732770197e-10
2.948903343735764793e-10
2.982307734100686503e-10
3.013607141610918916e-10
3.043600926844192145e-10
3.071702892043504107e-10
3.103206580590267549e-10
3.132205605993476638e-10
3.160804951107820671e-10
3.191704678329188027e-10
3.222506705924388370e-10
3.251203750664899417e-10
3.278302074249950238e-10
3.309903462422880693e-10
3.341700249848145177e-10
3.371507517613281379e-10
3.400506543016490468e-10
3.068407750106416643e-10
3.095106393402602407e-10
3.122506697650351271e-10
3.149800420487736119e-10
3.180105068167904392e-10
3.208802112908415438e-10
3.235607337614965218e-10
3.267199844003698672e-10
3.295399508829177648e-10
3.323306074776155583e-10
3.352402799805531686e-10
3.382707447485699959e-10
3.412203852803941118e-10
3.439799556304024009e-10
3.466205100721708732e-10
3.498001888146973215e-10
3.528901615368340572e-10
3.196802822458266746e-10
3.225801847861475835e-10
3.255307134963913995e-10
3.282307758922797802e-10
3.310507423748276778e-10
3.339506449151485867e-10
3.366302792073838646e-10
3.394804437562015664e-10
3.424105443627922796e-10
3.451505747875671659e-10
3.478906052123420523e-10
3.507505397237764555e-10
3.536904102929838700e-10
3.565903128333047789e-10
3.593703112869661709e-10
3.619602395588117361e-10
3.648903401654024492e-10
3.316200647418554581e-10
3.345705934520992741e-10
3.376001700416964013e-10
3.403899384579744947e-10
3.430304928997429670e-10
3.458904274111773702e-10
3.486704258648387622e-10
3.511999580041447189e-10
3.541602566770052363e-10
3.569002871017801226e-10
3.596003494976685033e-10
3.622604438646703784e-10
3.651505764423745859e-10
3.680007409911922878e-10
3.708606755026266910e-10
3.735607378985150717e-10
3.761106981414741313e-10
3.426601224987280148e-10
3.455600250390489236e-10
3.485407518155625439e-10
3.514504243185001542e-10
3.540607806939988222e-10
3.567306450236173987e-10
3.594999853362423892e-10
3.621103417117410572e-10
3.647500079750898294e-10
3.675904025612908299e-10
3.702407269656760036e-10
3.728999331542581785e-10
3.755404875960266509e-10
3.783506841159578471e-10
3.811706505985057447e-10
3.839906170810536423e-10
3.865601172492461046e-10
3.531104297849196882e-10
3.556799299531121505e-10
3.582405483371076116e-10
3.608606746752229810e-10
3.635207690422248561e-10
3.660707292851839156e-10
3.687805616436889977e-10
3.714806240395773784e-10
3.739302201211103238e-10
3.767004486121550144e-10
3.793907410454266937e-10
3.820002092425056617e-10
3.845901375143512269e-10
3.872502318813531019e-10
3.900204603723977925e-10
3.928004588260591845e-10
3.955307192882173695e-10
3.620304056539680460e-10
3.645705959343104041e-10
3.671507542435392679e-10
3.695799222214191104e-10
3.723004127209605940e-10
3.748104049350331479e-10
3.773799051032256102e-10
3.800604275738805882e-10
3.826201577794563491e-10
3.850706420394089946e-10
3.878701804183037893e-10
3.904503387275326531e-10
3.930304970367615169e-10
3.954800931182944623e-10
3.982201235430693487e-10
4.009601539678442350e-10
4.037099543552358227e-10
3.702007589367894980e-10
3.727507191797485575e-10
3.753903854430973297e-10
3.777405055416238611e-10
3.804299097964758403e-10
3.829105921226982900e-10
3.853504182416145341e-10
3.880105126086164091e-10
3.906501788719651813e-10
3.930207270741448156e-10
3.956301952712237835e-10
3.983204877044954628e-10
4.008802179100712237e-10
4.033902101241437776e-10
4.058007263552099175e-10
4.085203286763317010e-10
4.112301610348367831e-10
3.776801094090842525e-10
3.802105297268099093e-10
3.828199979238888773e-10
3.852500540801884199e-10
3.877502763316442724e-10
3.902700385083335277e-10
3.926903247020163690e-10
3.952100868787056243e-10
3.978204432542042923e-10
4.002806974767736392e-10
4.026299293968804704e-10
4.054001578879251610e-10
4.079305782056508178e-10
4.104503403823400731e-10
4.128404285097531101e-10
4.153299926201725611e-10
4.180202850534442405e-10
3.844204954361885029e-10
3.869207176876443555e-10
3.894902178558368178e-10
3.919904401072926703e-10
3.943005921769326960e-10
3.968807504861615598e-10
3.992806085761912982e-10
4.016902366288377380e-10
4.042606249754499004e-10
4.068105852184089599e-10
4.090701111181260785e-10
4.116005314358517353e-10
4.142499676618172089e-10
4.167501899132730614e-10
4.191607061443392013e-10
4.215001681018293311e-10
4.240501283447883907e-10
3.904201406612628489e-10
3.928901648464488972e-10
3.954401250894079567e-10
3.979803153697503149e-10
4.001705633527308237e-10
4.027800315498097916e-10
4.051603497146061272e-10
4.074403037179763487e-10
4.100106920645885111e-10
4.125606523075475707e-10
4.148601462361511949e-10
4.171303302769047150e-10
4.198401626354097971e-10
4.223403848868656496e-10
4.247704410431651922e-10
4.271099030006553221e-10
4.294200550702953478e-10
3.958104954904229089e-10
3.984803598200414854e-10
4.011901921785465674e-10
4.037099543552358227e-10
4.059401703671028372e-10
4.084705906848284940e-10
4.108304807459717267e-10
4.131299746745753509e-10
4.155902288971446978e-10
4.181206492148703546e-10
4.204503412097437831e-10
4.226299310516878904e-10
4.252402874271865585e-10
4.277902476701456180e-10
4.302007639012117579e-10
4.325304558960851864e-10
4.348006399368387065e-10
4.010107801377671422e-10
4.036699863263493171e-10
4.063904768258908007e-10
4.089004690399633546e-10
4.111502249770637718e-10
4.135802811333633144e-10
4.159605992981596501e-10
4.182298951604934700e-10
4.206404113915596099e-10
4.231406336430154624e-10
4.254800956005055923e-10
4.276401455172162969e-10
4.301705658349419537e-10
4.327302960405177146e-10
4.351203841679307516e-10
4.374403062001874787e-10
4.397406883072108030e-10
4.059304004044861358e-10
4.085904947714880109e-10
4.113207552336461958e-10
4.138005493814489455e-10
4.160600752811660641e-10
4.184004254170758941e-10
4.208002835071056325e-10
4.230606975852424512e-10
4.253903895801158797e-10
4.278906118315717322e-10
4.302505018927149649e-10
4.324007818468089681e-10
4.348201798620721092e-10
4.374003381713009730e-10
4.397699981950609072e-10
4.420899202273176343e-10
4.443707624091075559e-10
4.105507045437661873e-10
4.131903708071149595e-10
4.159206312692731444e-10
4.184199653423092968e-10
4.207203474493326212e-10
4.229203653949298314e-10
4.253699614764627768e-10
4.276099474509464926e-10
4.298899014543167141e-10
4.323705837805391639e-10
4.347500137669157994e-10
4.369002937210098025e-10
4.391802477243800240e-10
4.418003740624953934e-10
4.441504941610219248e-10
4.464704161932786519e-10
4.487406002340321720e-10
4.149001142650377005e-10
4.175300105657697713e-10
4.202300729616581521e-10
4.227507233167671075e-10
4.250706453490238346e-10
4.272004971994647349e-10
4.296607514220340818e-10
4.318900792554813961e-10
4.341007553421150078e-10
4.365601213862646546e-10
4.389599794762943930e-10
4.411004894677716948e-10
4.432800793097158021e-10
4.459099756104478729e-10
4.482600957089744043e-10
4.505604778159977286e-10
4.528200037157148472e-10
4.189706359625233745e-10
4.210800597093111719e-10
4.232205697007884737e-10
4.254605556752721895e-10
4.278106757737987209e-10
4.298605915664666099e-10
4.323501556768860610e-10
4.345599435850999726e-10
4.367306516428470786e-10
4.391802477243800240e-10
4.415605658891763596e-10
4.437303857685037656e-10
4.458406976937112631e-10
4.484501658907902311e-10
4.508100559519334638e-10
4.531006680963400868e-10
4.553406540708238026e-10
4.214806281765959284e-10
4.235705119981503231e-10
4.256905938859745220e-10
4.279101517568051349e-10
4.302505018927149649e-10
4.322906477227661526e-10
4.347606719079522009e-10
4.369500317125130096e-10
4.391100816292237141e-10
4.415303678229065554e-10
4.438902578840497881e-10
4.460707359044135956e-10
4.481206516970814846e-10
4.507105799689270498e-10
4.530802399926869839e-10
4.553601939960572054e-10
4.575904100079242198e-10
4.237206141510796442e-10
4.257900698689809360e-10
4.279003817941884336e-10
4.301003997397856438e-10
4.324300917346590722e-10
4.344604676020935585e-10
4.369100636836265039e-10
4.390807717413736100e-10
4.412505916207010159e-10
4.436300216070776514e-10
4.459703717429874814e-10
4.481606197259679902e-10
4.502007655560191779e-10
4.527507257989782374e-10
4.551203858227381716e-10
4.573799117224552901e-10
4.596101277343223046e-10
4.257199037738246261e-10
4.277707077449122153e-10
4.298703615290833113e-10
4.320401814084107173e-10
4.343601034406674444e-10
4.364100192333353334e-10
4.388107655017847719e-10
4.409805853811121779e-10
4.431406352978228824e-10
4.454800972553130123e-10
4.478106774286061409e-10
4.500000372331669496e-10
4.520401830632181372e-10
4.545306353520572884e-10
4.569207234794703254e-10
4.591704794165707426e-10
4.613900372874013556e-10
4.274802734016702743e-10
4.295204192317214620e-10
4.316103030532758567e-10
4.337499248663334583e-10
4.360707350770098856e-10
4.381401907949111774e-10
4.405107389970908116e-10
4.427000988016516203e-10
4.448503787557456235e-10
4.471303327591158450e-10
4.494706828950256750e-10
4.517106688695093908e-10
4.537401565585241769e-10
4.560902766570507083e-10
4.585407609170033538e-10
4.607807468914870697e-10
4.630100747249343840e-10
4.290905408765866014e-10
4.311102586029846861e-10
4.331806024993056781e-10
4.352900262460934755e-10
4.376206064193866041e-10
4.397104902409409988e-10
4.420002142069279216e-10
4.442206602561782347e-10
4.463700520318525378e-10
4.486100380063362536e-10
4.509406181796293822e-10
4.532001440793465008e-10
4.552402899093976885e-10
4.575104739501512086e-10
4.599902680979539582e-10
4.622204841098209727e-10
4.644400419806515856e-10
4.305205081323038030e-10
4.325206859334684850e-10
4.345901416513697768e-10
4.366702555103074701e-10
4.389901775425641972e-10
4.411004894677716948e-10
4.433200473386023077e-10
4.455706914541224251e-10
4.477103132671800267e-10
4.499005612501605356e-10
4.522302532450339640e-10
4.545199772110208869e-10
4.565503530784553732e-10
4.587406010614358820e-10
4.612505932755084359e-10
4.634701511463390489e-10
4.656905971955893619e-10
4.678701870375334693e-10
4.339302250855325838e-10
4.359606009529670700e-10
4.380300566708683618e-10
4.401901065875790664e-10
4.424602906283325865e-10
4.444702383921139699e-10
4.468505565569103055e-10
4.489804084073512058e-10
4.511200302204088075e-10
4.533999842237790290e-10
4.557003663308023533e-10
4.578799561727464607e-10
4.598801339739111427e-10
4.623101901302106853e-10
4.646700801913539181e-10
4.668807562779875298e-10
4.690807742235847400e-10
4.351505822342005558e-10
4.371401018943288364e-10
4.392006758280331269e-10
4.412905596495875216e-10
4.435802836155744444e-10
4.456701674371288391e-10
4.479305815152656578e-10
4.501199413198264665e-10
4.522604513113037683e-10
4.544506992942842771e-10
4.567501932228879014e-10
4.590301472262581228e-10
4.610507531310759077e-10
4.632303429730200151e-10
4.657305652244758676e-10
4.679403531326897792e-10
4.701501410409036907e-10
4.362101790889028052e-10
4.381899287864143844e-10
4.402407327575019735e-10
4.422799904091334611e-10
4.445803725161567854e-10
4.466800263003278815e-10
4.488507343580749875e-10
4.511200302204088075e-10
4.532507702492694079e-10
4.553903920623270096e-10
4.577005441319670354e-10
4.599902680979539582e-10
4.620304139280051459e-10
4.641202977495595405e-10
4.666107500383986917e-10
4.688605059754991089e-10
4.710702938837130205e-10
4.371507600353652379e-10
4.391100816292237141e-10
4.411502274592749018e-10
4.431806033267093881e-10
4.454703272926963109e-10
4.475904091805205098e-10
4.496500949358051002e-10
4.519806751090982289e-10
4.541007569969224278e-10
4.561906408184768225e-10
4.584901347470804467e-10
4.607700887504506682e-10
4.628999406008915685e-10
4.648805784768228477e-10
4.673204045957390917e-10
4.696403266279958189e-10
4.718403445735930291e-10
4.379101525842088449e-10
4.399201003479902283e-10
4.420206423105810245e-10
4.440705581032489135e-10
4.463007741151159280e-10
4.484403959281735297e-10
4.504503436919549131e-10
4.528004637904814444e-10
4.549107757156889420e-10
4.570201994624767394e-10
4.592299873706906510e-10
4.615099413740608725e-10
4.637001893570413813e-10
4.656799390545529604e-10
4.679803211615762848e-10
4.703606393263726204e-10
4.725606572719698306e-10
4.747304771512972366e-10
4.407700870956432482e-10
4.427400668305381259e-10
4.447802126605893136e-10
4.468203584906405013e-10
4.490905425313940214e-10
4.511706563903317146e-10
4.532800801371195121e-10
4.555502641778730322e-10
4.576703460656972311e-10
4.597699998498683271e-10
4.620099858243520430e-10
4.642899398277222645e-10
4.664402197818162676e-10
4.684199694793278468e-10
4.707905176815074810e-10
4.731202096763809095e-10
4.753202276219781197e-10
4.413802656699772342e-10
4.433902134337586176e-10
4.454800972553130123e-10
4.475202430853641999e-10
4.497300309935781115e-10
4.518803109476721147e-10
4.538902587114534981e-10
4.562306088473633281e-10
4.583302626315344241e-10
4.604299164157055202e-10
4.626103944360693276e-10
4.648805784768228477e-10
4.670903663850367593e-10
4.690701160825483385e-10
4.713207601980684558e-10
4.737001901844450913e-10
4.758904381674256001e-10
4.419504762154247146e-10
4.439506540165893966e-10
4.460405378381437913e-10
4.480806836681949790e-10
4.502602735101390863e-10
4.524105534642330895e-10
4.543503351328581630e-10
4.567199951566180971e-10
4.588107671565921919e-10
4.609104209407632879e-10
4.630607008948572911e-10
4.653202267945744097e-10
4.675406728438247228e-10
4.695106525787196006e-10
4.717106705243168108e-10
4.741105286143465491e-10
4.762901184562906565e-10
4.423403865416730696e-10
4.443405643428377516e-10
4.464100200607390434e-10
4.484403959281735297e-10
4.506102158075009356e-10
4.527702657242116402e-10
4.547002774302200123e-10
4.570503975287465437e-10
4.591402813503009384e-10
4.612399351344720344e-10
4.633706751633326348e-10
4.656204311004330521e-10
4.678506471123000665e-10
4.698303968098116457e-10
4.719806767639056488e-10
4.743805348539353872e-10
4.765601246958794945e-10
4.787201746125901991e-10
4.447402446317028080e-10
4.466906844413642830e-10
4.487104021677623678e-10
4.507105799689270498e-10
4.529603359060274670e-10
4.550306798023484589e-10
4.570903655576330493e-10
4.593605495983865694e-10
4.614504334199409641e-10
4.635500872041120601e-10
4.657199070834394661e-10
4.679705511989595834e-10
4.701306011156702880e-10
4.720899227095287642e-10
4.743805348539353872e-10
4.767199968114255171e-10
4.789004748317893245e-10
4.449400847761353361e-10
4.468807546231801098e-10
4.488907023869614932e-10
4.509104201133595780e-10
4.530900099553036853e-10
4.552305199467809871e-10
4.571605316527893592e-10
4.595106517513158906e-10
4.616005355728702853e-10
4.637001893570413813e-10
4.658300412074822816e-10
4.680806853230023989e-10
4.703002431938330119e-10
4.722702229287278897e-10
4.744400428080552956e-10
4.768399008980850340e-10
4.790203789184488414e-10
4.450502189001781517e-10
4.470406267387261323e-10
4.491100824566274241e-10
4.511404583240619104e-10
4.532907382781559136e-10
4.554499000164469180e-10
4.573701417598385888e-10
4.597007219331317174e-10
4.617799476136497105e-10
4.638707196136238053e-10
4.659703733977949014e-10
4.682201293348953186e-10
