0.000000000000000000e+00
-1.206442945544949907e-08
-2.282741995429660165e-08
-3.241011992116682450e-08
-4.090348948437849685e-08
-4.839976952553115552e-08
-5.495833921287385238e-08
-6.063968971403710384e-08
-6.550531939097936629e-08
-6.965157961502654871e-08
-7.310746941158186019e-08
-7.593672002315088321e-08
-7.816958991213596164e-08
-7.987094985395515323e-08
-8.107207971619345699e-08
-8.180468924479100679e-08
-8.213487934227714504e-08
-8.206096957508179912e-08
-8.164966924795180603e-08
-8.089983971615311020e-08
-7.984463934462837642e-08
-7.851738992314949428e-08
-7.691761982897560301e-08
-7.507898924785649797e-08
-7.303532001401435991e-08
-7.078647978886465353e-08
-6.836647958863295571e-08
-6.577538957941442277e-08
-6.301338917324983413e-08
-6.011473985267912212e-08
-5.707974981561392269e-08
-5.390877966249263409e-08
-5.063622943168866186e-08
-4.726255919962341068e-08
-4.382219920273655589e-08
-4.028161004754338137e-08
-3.667530990014711278e-08
-3.296977979516668711e-08
-2.923363950912971632e-08
-2.543341004468402389e-08
-2.156958966992306159e-08
-1.764286938765735613e-08
-1.368774960042173916e-08
-9.704829828649508272e-09
-5.694649196641421440e-09
-1.623879697376651166e-09
2.473030669136733195e-09
6.595410440013438347e-09
1.070869082298031572e-08
1.484637035531477522e-08
1.900792057085709530e-08
2.319274994277975566e-08
2.740029003689414822e-08
3.159595074464505160e-08
3.581323060330987573e-08
4.001760078864435854e-08
4.424255006796329326e-08
4.845357004512607091e-08
5.268415037562590442e-08
5.689977022882430902e-08
6.113394057649657043e-08
6.535216012792943729e-08
6.958797005296446514e-08
7.380686017910420560e-08
7.800837042992725401e-08
8.222609082508824940e-08
8.642552007387394042e-08
9.060617056633191169e-08
9.480171048181773585e-08
9.897767050404127076e-08
1.031678005247727015e-07
1.073374704674279201e-07
1.114862300255481387e-07
1.156477607011652253e-07
1.197876207115200486e-07
1.239054308044273967e-07
1.280008605775151409e-07
1.321075604465704600e-07
1.361911206032573318e-07
1.402511307091458548e-07
1.443213006879773275e-07
1.483672606994446141e-07
1.524226806992601269e-07
1.564532006170793466e-07
1.604585904146915709e-07
1.644724205718262056e-07
1.684603505580639649e-07
1.724220801690989902e-07
1.763913299868136164e-07
1.803337807970706308e-07
1.842491101911036822e-07
1.881710307571893281e-07
1.920652508147213666e-07
1.959315101274228255e-07
1.998036003314496156e-07
2.036471400401751453e-07
2.074959102316142889e-07
2.113156201133392642e-07
2.151060201072141354e-07
2.189010404052282865e-07
2.226662507709420424e-07
2.264354606040797080e-07
2.301743604604666871e-07
2.338827407299959305e-07
2.375944108123917431e-07
2.412750808034047623e-07
2.449586000707881794e-07
2.486107204546783578e-07
2.522652406966585659e-07
2.558879206304709442e-07
2.594785701859336768e-07
2.630710200790531417e-07
2.666310505716751322e-07
2.701924701753455338e-07
2.737210902381548294e-07
2.772507707859972470e-07
2.807474404065146700e-07
2.842448001416642001e-07
2.877086000552253608e-07
2.911726904031297636e-07
2.946029402650651718e-07
2.980331901270005801e-07
3.014292504488480517e-07
3.048250203363522814e-07
3.081862702813964461e-07
3.115469304759699298e-07
3.148727900637027233e-07
3.181977605848373969e-07
3.215216501928352955e-07
3.248102702357869020e-07
3.280974905095490612e-07
3.313491800938095366e-07
3.345992700687361321e-07
3.378135806642035277e-07
3.410260402958442683e-07
3.442024905098151066e-07
3.473769503159473970e-07
3.505151902061243163e-07
3.536511306023726320e-07
3.567846507124272648e-07
3.598815903060881283e-07
3.629758502654567565e-07
3.660333307564656025e-07
3.690879806228508642e-07
3.721396906186669185e-07
3.751542703156474090e-07
3.781656703338853731e-07
3.811397899511348442e-07
3.841106002155925125e-07
3.870780007630969521e-07
3.900078304752696567e-07
3.929340399722036636e-07
3.958225605060761154e-07
3.987073302624821736e-07
4.015883101615713713e-07
4.044313106632557719e-07
4.072703108093378432e-07
4.101052901717139321e-07
4.129021000665034080e-07
4.156947204236871585e-07
4.184832302911445367e-07
4.212333806208334863e-07
4.239791300264528218e-07
4.267204305463678793e-07
4.294231601420506195e-07
4.321213200597640025e-07
4.348148507915539085e-07
4.374696702669211845e-07
4.401197504222409407e-07
4.427650406313432541e-07
4.453714606000858112e-07
4.479730106865531525e-07
4.505696304946127384e-07
4.531272503882632918e-07
4.556798707255893532e-07
4.582274106823547299e-07
4.607358103925207615e-07
4.632390906422756416e-07
4.657372105754120639e-07
4.682300902558722555e-07
4.706835801115971663e-07
4.731317799766543430e-07
4.755746605411559358e-07
4.779781406227812113e-07
4.803762507776809798e-07
4.827689608077889716e-07
4.851562005470100303e-07
4.875039305574091486e-07
4.898461600788550641e-07
4.921828802295635796e-07
4.945140501533273891e-07
4.968056703802403717e-07
4.990917608083123014e-07
5.013722708113732551e-07
5.036130907853930694e-07
5.058483001363356379e-07
5.080778304744626439e-07
5.103016604834920145e-07
5.124857400673477059e-07
5.146641202102841817e-07
5.168367902541604053e-07
5.190037004609848736e-07
5.211648401726165503e-07
5.232861406412325778e-07
5.254016501865521604e-07
5.275113901248573711e-07
5.296152902900530535e-07
5.316792908161005471e-07
5.337374799907479428e-07
5.357898507085678830e-07
5.378363905350624918e-07
5.398430005243426422e-07
5.418437707405132642e-07
5.438386807554707048e-07
5.458277305692149639e-07
5.478109006418208082e-07
5.497541701871000441e-07
5.516915599912408652e-07
5.536231100222721579e-07
5.555487900821276526e-07
5.574685904008447324e-07
5.593484804222725870e-07
5.612225200124498770e-07
5.630907304876586750e-07
5.649530807616542916e-07
5.668095699462583070e-07
5.686261506099299368e-07
5.704369101522388519e-07
5.722418503495418918e-07
5.740409703136606367e-07
5.758342203066035836e-07
5.776216207564743854e-07
5.793691100208775424e-07
5.811108003683784773e-07
5.828466900226203506e-07
5.845767905299226186e-07
5.863011507400983646e-07
5.879857605251004316e-07
5.896646104730507432e-07
5.913377201238745329e-07
5.930051001357128371e-07
5.946667407386030391e-07
5.963226206162630660e-07
5.979387207588615638e-07
5.995491401122876596e-07
6.011538999928234261e-07
6.027529906305062468e-07
6.043463800509130124e-07
6.059340700304005622e-07
6.075160801088941298e-07
6.090583903883839412e-07
6.105950607349086567e-07
6.121261106883935099e-07
6.136515802168673872e-07
6.151714604385460916e-07
6.166857602352138201e-07
6.181603806609814455e-07
6.196294801696922150e-07
6.210931005057318544e-07
6.225512407809219440e-07
6.240039001070840641e-07
6.254510900305376708e-07
6.268927901231791111e-07
6.283290208131120380e-07
6.297257302279035684e-07
6.311170306361191251e-07
6.325029699993933718e-07
6.338835403241205313e-07
6.352587407221221838e-07
6.366286005032861794e-07
6.379931205557909379e-07
6.393182907515893021e-07
6.406381904966451657e-07
6.419528704171284517e-07
6.432623305130391600e-07
6.445665903243025241e-07
6.458656303109933106e-07
6.471594904411404059e-07
6.484481600566027737e-07
6.496976405756527129e-07
6.509420202860383142e-07
6.521813000759379975e-07
6.534155003734554157e-07
6.546446602584410357e-07
6.558687699609322408e-07
6.570878401390700674e-07
6.583018805628171322e-07
6.595109205420612852e-07
6.606809304088301360e-07
6.618460099971912314e-07
6.630062205914555307e-07
6.641615506453035778e-07
6.653120303568016425e-07
6.664576499559871081e-07
6.675984405291046642e-07
6.687343905298348545e-07
6.698655408143849854e-07
6.709918700664729840e-07
6.720793601644459159e-07
6.731621207123339445e-07
6.742401907899875368e-07
6.753136005954729626e-07
6.763823607869312582e-07
6.774464704761840039e-07
6.785059607494758893e-07
6.795608404885911114e-07
6.806111008117454730e-07
6.816567807987894412e-07
6.826978804497230158e-07
6.837004002946400760e-07
6.846984303976455521e-07
6.856920000686272942e-07
6.866813100359081545e-07
6.876662306254388568e-07
6.886467502908999450e-07
6.896228601505072220e-07
6.905945806323643410e-07
6.915619303882181157e-07
6.925249307343506189e-07
6.934836003225086642e-07
6.944039103728982809e-07
6.953199900294748659e-07
6.962318801484457254e-07
6.971395700716698229e-07
6.980431104253170815e-07
6.989424905512464647e-07
6.998377406475242424e-07
7.007288704841130311e-07
7.016158800610128310e-07
7.024987702664020617e-07
7.033775801801311900e-07
7.042523106903786356e-07
7.051229804488912123e-07
7.059555002797424095e-07
7.067840606111985835e-07
7.076087102930728179e-07
7.084294599835061490e-07
7.092463203406396133e-07
7.100593002462574077e-07
7.108684307866042218e-07
7.116737199552858328e-07
7.124751899567627333e-07
7.132728603309601567e-07
7.140667399596623000e-07
7.148568403891886192e-07
7.156431900412485447e-07
7.164257800340578797e-07
7.172046503356455105e-07
7.179457908179642800e-07
7.186832506889118122e-07
7.194171107727242997e-07
7.201473906093269761e-07
7.208741106268234944e-07
7.215972903651390880e-07
7.223169307124521765e-07
7.230330503205095738e-07
7.237456607356307359e-07
7.244547699514214401e-07
7.251604401403710654e-07
7.258626402162349223e-07
7.265614101470418973e-07
7.272567401628293737e-07
7.279486702316262381e-07
7.286372003534324904e-07
7.293223500681733640e-07
7.300041300339898953e-07
7.306485008129470771e-07
7.312896004307845033e-07
7.319274599737468634e-07
7.325621007581162303e-07
7.331935503174236146e-07
7.338218006580632391e-07
7.344468899717071508e-07
7.350688200347121892e-07
7.356876103870035877e-07
7.363032805685065796e-07
7.369158208092585483e-07
7.375252906172136136e-07
7.381316802224091589e-07
7.387349905130236039e-07
7.393352605689074153e-07
7.399324903900605932e-07
7.405267004045867907e-07
7.411178701843823546e-07
7.417060201575509382e-07
7.422911902921214278e-07
7.428393500319430132e-07
7.433846800353194340e-07
7.439271207942965702e-07
7.444667202705090858e-07
7.450035104383800899e-07
7.455375001796937795e-07
7.460687001525911910e-07
7.465971405551385942e-07
7.471228204991575694e-07
7.476457506427891531e-07
7.481659602959211952e-07
7.486834601166947323e-07
7.491982705332134174e-07
7.497103799991577944e-07
7.502197902908847027e-07
7.507265200601409560e-07
7.512306003931712439e-07
7.517320401717597633e-07
7.522308500540475507e-07
7.527270406981756423e-07
7.532206405258534687e-07
7.537116504252594495e-07
7.542001005944598546e-07
7.546859706053510308e-07
7.551693101959244814e-07
7.556161003563488521e-07
7.560604204925880367e-07
7.565023407707371916e-07
7.569418807307215502e-07
7.573790403725411124e-07
7.578138303543369148e-07
7.582462400179679207e-07
7.586763004496788199e-07
7.591040205312538092e-07
7.595294206907965417e-07
7.599525106982696343e-07
7.603733207517393566e-07
7.607918401930646723e-07
7.612080903385276542e-07
7.616220907280535357e-07
7.620338502434265138e-07
7.624433804309660445e-07
7.628506999424189416e-07
7.632558105541420446e-07
7.636587300297037473e-07
7.640594708036019256e-07
7.644580399812639371e-07
7.648544704252913107e-07
7.652487106213357038e-07
7.656408103073886195e-07
7.660307801415910944e-07
7.664186201239431284e-07
7.668043604525109913e-07
7.671880100090788801e-07
7.675695705700036342e-07
7.679490607870320673e-07
7.683264904301267961e-07
7.687018808155698935e-07
7.690412200389573627e-07
7.693785901707883568e-07
7.697140604889796123e-07
7.700476407634937459e-07
7.703793105662271046e-07
7.707431404213593851e-07
7.710710203667758833e-07
7.713969800704489899e-07
7.717210808166896641e-07
7.720433501390289166e-07
7.723637800438609702e-07
7.726824007292520946e-07
7.729992201888080672e-07
7.733142499688483440e-07
7.736274900693729251e-07
7.739389706884480802e-07
7.742486900497169700e-07
7.745566605876774702e-07
7.748628902959353582e-07
7.751674004907727067e-07
7.754702000539737128e-07
7.757713005318578325e-07
7.760707001480682266e-07
7.763684202188869676e-07
7.766644403162104027e-07
7.769587702100011484e-07
7.772514303283628578e-07
7.775424402112207645e-07
7.778318007467532880e-07
7.781195403566698587e-07
7.784056501591862798e-07
7.786901505824062042e-07
7.789730505081138290e-07
7.792543508244875738e-07
7.795340701832742525e-07
7.798122201307933210e-07
7.800888006670447794e-07
7.803638304437754414e-07
7.806373201191263433e-07
7.809092803512385217e-07
7.811797004819709400e-07
7.814485805113235983e-07
7.817159302092591133e-07
7.819817602339185214e-07
7.822120799971798988e-07
7.824409706813639787e-07
7.827025108042562351e-07
7.829285904037419641e-07
7.831532800040008624e-07
7.834106305892873934e-07
7.836325499610552470e-07
7.838531104198409594e-07
7.840723501573165777e-07
7.843243006178113319e-07
7.845408500628536785e-07
7.847560805629427705e-07
7.849700303097506549e-07
7.851827001914557513e-07
7.854280807961799837e-07
7.856381003534806950e-07
7.858468302757160018e-07
7.860543007609521737e-07
7.862605304609360246e-07
7.864655300338085908e-07
7.866693207958519451e-07
7.868718805426055951e-07
7.870732403603142302e-07
7.872733904790152337e-07
7.874723602085964558e-07
7.876701406672736994e-07
7.878667505067937782e-07
7.880622003852977286e-07
7.882564903027855507e-07
7.884496300292198612e-07
7.886416302227416963e-07
7.888324899951726366e-07
7.890222004647284848e-07
7.892107705131934381e-07
7.893982303386337662e-07
7.895845604011242358e-07
7.897697900105526969e-07
7.899539200550975693e-07
7.901369700746840863e-07
7.903189205293870145e-07
7.904998104990568208e-07
7.906796204437682718e-07
7.908583805615876372e-07
7.910360899643364974e-07
7.912127504283716917e-07
7.913883699472989974e-07
7.915629600674378707e-07
7.917365207887883116e-07
7.919090805330597505e-07
7.920805806804764870e-07
7.922510603108889882e-07
7.924205300824382903e-07
7.925890006532654297e-07
7.927564800169761838e-07
7.929229601799647753e-07
7.930884704521190542e-07
7.932530001752979842e-07
7.934165706657836381e-07
7.935791801472191764e-07
7.937408401659240553e-07
7.939015400637572384e-07
7.940613100387849954e-07
7.942201305510820930e-07
7.943780300223579616e-07
7.945350199989320572e-07
7.946910800527007268e-07
7.948462101836639704e-07
7.950004006218591712e-07
7.951536904471367961e-07
7.953060707777126481e-07
7.954575602653335409e-07
7.956081606863563138e-07
7.957578800343867442e-07
7.958727001877718976e-07
7.960207302204480584e-07
7.961679306944802192e-07
7.962802603955765335e-07
7.964258106341048915e-07
7.965365407258673258e-07
7.966805002368460009e-07
7.967896502591997887e-07
7.969320607870145068e-07
7.970396600498474982e-07
7.971805002782161864e-07
7.972865203598189510e-07
7.973918005887981053e-07
7.975303804030886567e-07
7.976341800386421710e-07
7.977712801476855020e-07
7.978735903080291791e-07
7.980092000536842534e-07
7.981100607068469799e-07
7.982102108172739463e-07
7.983437004810411963e-07
7.984424605922413321e-07
7.985405208188467441e-07
7.986719401387176731e-07
7.987686405641625242e-07
7.988986903129102757e-07
7.989940105090909128e-07
7.990886405906394430e-07
7.992166404235945265e-07
7.993099302439077292e-07
7.994025601476550946e-07
7.995285900008752833e-07
7.996199204995946275e-07
7.997106203916359846e-07
7.998007003351403910e-07
7.999242104261838904e-07
8.000130407026517787e-07
8.001012403724416799e-07
8.002228906178743273e-07
8.003098708186939803e-07
8.003962506109019159e-07
8.004820601925644041e-07
8.006013203498696384e-07
8.006859406606281482e-07
8.007699801027001740e-07
8.008534200243389023e-07
8.009363101635358362e-07
8.010526606483381329e-07
8.011343801683779020e-07
8.012155303660506434e-07
8.012961405512442070e-07
8.013762204939212097e-07
8.014897803221288086e-07
8.015687402718185695e-07
8.016471602090291526e-07
8.017250507919015945e-07
8.018024502121079422e-07
8.018793202779761486e-07
8.019897199673664545e-07
8.020655402063425754e-07
8.021408399727647520e-07
8.022156405829150572e-07
8.022899207205114180e-07
8.023637105836201044e-07
8.024370101722411164e-07
8.025438500425252641e-07
8.026161300023204603e-07
8.026878903777401320e-07
8.027592004467010156e-07
8.028300300111368415e-07
8.029004003873296824e-07
8.029703106871011187e-07
8.030397706804137670e-07
8.031087803672676273e-07
8.031773504058037361e-07
8.032454807960220933e-07
8.033471905477540531e-07
8.034143803570259479e-07
8.034811003199138213e-07
8.035473602063802900e-07
8.036131902144916239e-07
8.036785805742852062e-07
8.037435401675452340e-07
8.038080903105537800e-07
8.038722105752071911e-07
8.039359205014307008e-07
8.039992200892243090e-07
8.040621102267664355e-07
8.041246006840196969e-07
8.041866905728056736e-07
8.042483807813027852e-07
8.043096801912952287e-07
8.043705905791398436e-07
8.044311101684797904e-07
8.044912602755971420e-07
8.045510204723882453e-07
8.046103703307494470e-07
8.046693302787844004e-07
8.047279100864557222e-07
8.047861106419418320e-07
8.048439301688858905e-07
8.049013899835699704e-07
8.049584900859940717e-07
8.050152207061955778e-07
8.050715907259586857e-07
8.051276001452833952e-07
8.051832702804517794e-07
8.052385807033601850e-07
8.052935500657554257e-07
8.053481606040691076e-07
8.054024407400106611e-07
8.054563807036174694e-07
8.055099902648521493e-07
8.055632605419305037e-07
8.056161604486078431e-07
8.056687201829504374e-07
8.057209601730619397e-07
8.057728502208760801e-07
8.058244107544965118e-07
8.058756506557074317e-07
8.059265708126872596e-07
8.059771605672949590e-07
8.060274501175967998e-07
8.060774101537049319e-07
8.061270699855072053e-07
8.061764207312194230e-07
8.062254606144847457e-07
8.062741905234815931e-07
8.063226299981351985e-07
8.063707603866987483e-07
8.064186101108816729e-07
8.064661205509082720e-07
8.065133405565916291e-07
8.065602408180438943e-07
8.066068506451529174e-07
8.066531700379186987e-07
8.066992007726980773e-07
8.067449401849557944e-07
8.067903900510486892e-07
8.068355707990804149e-07
8.068804602245904789e-07
8.069250707620767571e-07
8.069694104051450267e-07
8.070134907001147440e-07
8.070572903307038359e-07
8.071008199550533391e-07
8.071440804613416731e-07
8.071870807313530349e-07
8.072297905670211549e-07
8.072722206264870692e-07
8.073143806797133948e-07
8.073562804966627482e-07
8.073979103073725128e-07
8.074392905399463416e-07
8.074804105362431983e-07
8.075212702962630829e-07
8.075618804781470317e-07
8.076022499636792418e-07
8.076423601011128994e-07
8.076822304303732381e-07
