0.000000000000000000e+00
-7.075952102031379809e-09
-1.392861199989159360e-08
-2.057986370207487425e-08
-2.704901889971633722e-08
-3.335369890000716708e-08
-3.950934270025019401e-08
-4.553010050922789986e-08
-5.142892940679377745e-08
-5.721828580385057705e-08
-6.290818940768438949e-08
-6.850848691120070555e-08
-7.402751051044376140e-08
-7.947353540538326655e-08
-8.485342600783596367e-08
-9.017347400719355477e-08
-9.544004790640325808e-08
-1.006576177131623950e-07
-1.058315901997231023e-07
-1.109655372033557796e-07
-1.160634130054072344e-07
-1.211287859043119752e-07
-1.261642513100680318e-07
-1.311728500125175501e-07
-1.361572953134659869e-07
-1.411193776001962163e-07
-1.460613811010702534e-07
-1.509846940112025138e-07
-1.558906128074077913e-07
-1.607809591019915274e-07
-1.656566888108557123e-07
-1.705186925132773368e-07
-1.753684094052410103e-07
-1.802064358014110468e-07
-1.850339316072924234e-07
-1.898506150066481268e-07
-1.946575708122733062e-07
-1.994544503031159266e-07
-2.042428866033674240e-07
-2.090222969014510213e-07
-2.137928661050114698e-07
-2.185547644112384447e-07
-2.233087497000019184e-07
-2.280547777011587840e-07
-2.327927925011019639e-07
-2.375221163086749243e-07
-2.422434640103610093e-07
-2.469567536023120624e-07
-2.516625048076814863e-07
-2.563598339999639819e-07
-2.610486417031765427e-07
-2.657288287050141307e-07
-2.704002927123028144e-07
-2.750635388071298593e-07
-2.797176699015357926e-07
-2.843631907029076089e-07
-2.889992053028977992e-07
-2.936262201019834706e-07
-2.982433416065521925e-07
-3.028510790065164215e-07
-3.074485421111772254e-07
-3.120362438019386175e-07
-3.166132975102042835e-07
-3.211802203084701546e-07
-3.257367407055733466e-07
-3.302819800016232321e-07
-3.348164648031559665e-07
-3.393399334999935846e-07
-3.438515160103516877e-07
-3.483517481001063842e-07
-3.528397674035232967e-07
-3.573161146130932053e-07
-3.617805417049924088e-07
-3.662321971104054441e-07
-3.706716323048642181e-07
-3.750986100059527928e-07
-3.795128971084693603e-07
-3.839136550054522701e-07
-3.883014500077885955e-07
-3.926760607092516508e-07
-3.970366574124195580e-07
-4.013838156013971314e-07
-4.057167131005234850e-07
-4.100359305009293465e-07
-4.143412616064434673e-07
-4.186318930121668558e-07
-4.229084149126594028e-07
-4.271706283004439442e-07
-4.314177280001496584e-07
-4.356503161134783753e-07
-4.398682039025159085e-07
-4.440705970998326535e-07
-4.482581042047906195e-07
-4.524305448061483048e-07
-4.565871326023263066e-07
-4.607284845026260456e-07
-4.648538177026706464e-07
-4.689637560090220703e-07
-4.730581330131267137e-07
-4.771361745009583544e-07
-4.811985114122618867e-07
-4.852443749037149701e-07
-4.892744000090099021e-07
-4.932884290070882471e-07
-4.972857036017463983e-07
-5.012668666121156136e-07
-5.052311599085257399e-07
-5.091792300015995920e-07
-5.131103239103262936e-07
-5.170250919062091555e-07
-5.209233943093138919e-07
-5.248044840089338692e-07
-5.286690162031870699e-07
-5.325162502067826154e-07
-5.363468461028197964e-07
-5.401600650101201495e-07
-5.439565712028748834e-07
-5.477356289085300034e-07
-5.514979052045898555e-07
-5.552426668997689774e-07
-5.589705852071524816e-07
-5.626809306130686750e-07
-5.663743771061602317e-07
-5.700501981009686858e-07
-5.737090711110948149e-07
-5.773502721045931096e-07
-5.809744809126549114e-07
-5.845809770005372386e-07
-5.881698317000694232e-07
-5.917417255085766215e-07
-5.952959425126191917e-07
-5.988331667067248176e-07
-6.023526825105207649e-07
-6.058551777071707889e-07
-6.093399382012254506e-07
-6.128076550093730646e-07
-6.162576193097235588e-07
-6.196905230071436677e-07
-6.231056587091554633e-07
-6.265031114033314807e-07
-6.298835762003074379e-07
-6.332463482056072124e-07
-6.365921239037675150e-07
-6.399202002044246385e-07
-6.432306660086872796e-07
-6.465242198133713813e-07
-6.498001580007572997e-07
-6.530591826064968686e-07
-6.563005942039623619e-07
-6.595244863016880288e-07
-6.627315623092266961e-07
-6.659211240073181770e-07
-6.690938735010032445e-07
-6.722491176086586862e-07
-6.753869529058098564e-07
-6.785080870069792880e-07
-6.816118248015312631e-07
-6.846982636005138900e-07
-6.877681114070277602e-07
-6.908206752059831146e-07
-6.938560541125404768e-07
-6.968749582114686092e-07
-6.998766941129774821e-07
-7.028613600024158359e-07
-7.058296678102982114e-07
-7.087809264089139916e-07
-7.117152375085700200e-07
-7.146333125124249008e-07
-7.175344615001355564e-07
-7.204187879999990329e-07
-7.232870004036939804e-07
-7.261384130097248146e-07
-7.289731296100665503e-07
-7.317918636062792359e-07
-7.345939272013213284e-07
-7.373794253112686548e-07
-7.401490721009595930e-07
-7.429021804117308392e-07
-7.456388554094584009e-07
-7.483592011081618978e-07
-7.510639313118572247e-07
-7.537523586120808972e-07
-7.564245881053199838e-07
-7.590813349001024335e-07
-7.617219131006436328e-07
-7.643464288997758871e-07
-7.669549884070647749e-07
-7.695483062036823085e-07
-7.721256963105771476e-07
-7.746872643099589339e-07
-7.772331132999132919e-07
-7.797639609008477635e-07
-7.822791208006441011e-07
-7.847786984011007050e-07
-7.872634097128017316e-07
-7.897325685068956602e-07
-7.921862805043700106e-07
-7.946246500106779465e-07
-7.970483932029370777e-07
-7.994568241020960642e-07
-8.018500494005875723e-07
-8.042281743059209731e-07
-8.065913040117278499e-07
-8.089401522110017950e-07
-8.112740321059019877e-07
-8.135930482100484085e-07
-8.158973052035944917e-07
-8.181875180007791570e-07
-8.204629976110711098e-07
-8.227238488117682991e-07
-8.249701760054684030e-07
-8.272026939121213118e-07
-8.294207137077291847e-07
-8.316243351041974208e-07
-8.338136631008685740e-07
-8.359888022113626249e-07
-8.381504644078274779e-07
-8.402979613103545020e-07
-8.424313957117179896e-07
-8.445508707100035650e-07
-8.466564879044957692e-07
-8.487489585040641771e-07
-8.508275917001872912e-07
-8.528924899109391333e-07
-8.549437544025373370e-07
-8.569814860109881138e-07
-8.590063943075820774e-07
-8.610177878037861277e-07
-8.630157669053950542e-07
-8.650004325039262199e-07
-8.669718827014616380e-07
-8.689302139069932096e-07
-8.708761353032334895e-07
-8.728089530007920871e-07
-8.747287656013513768e-07
-8.766356715123047039e-07
-8.785297685026671743e-07
-8.804117628130603279e-07
-8.822809597075487176e-07
-8.841374547069458245e-07
-8.859813474121347454e-07
-8.878127340100627762e-07
-8.896317100076656104e-07
-8.914389797998190090e-07
-8.932338465134082028e-07
-8.950164057108800364e-07
-8.967867529130479909e-07
-8.985449812121126811e-07
-9.002911824096404558e-07
-9.020254497088542323e-07
-9.037484850066279662e-07
-9.054595891122563245e-07
-9.071588553122289511e-07
-9.088463751028008630e-07
-9.105222403132939846e-07
-9.121865413019847324e-07
-9.138399799102359111e-07
-9.154818530060504500e-07
-9.171122518081276098e-07
-9.187312668135216853e-07
-9.203389879086643077e-07
-9.219355044109978081e-07
-9.235209044028414027e-07
-9.250952754114027954e-07
-9.266593126999733698e-07
-9.282123097087424668e-07
-9.297543552000409051e-07
-9.312855370063877203e-07
-9.328059409063893526e-07
-9.343156512076067344e-07
-9.358147549098916329e-07
-9.373039461108012560e-07
-9.387825178064357345e-07
-9.402505554007012378e-07
-9.417081442003594205e-07
-9.431553685129712150e-07
-9.445923117024079829e-07
-9.460190562027293026e-07
-9.474356842120723599e-07
-9.488428864001807739e-07
-9.502399530014749018e-07
-9.516269654091802366e-07
-9.530040035038433999e-07
-9.543711501081020288e-07
-9.557284858102699232e-07
-9.570760901023156464e-07
-9.584140422125297931e-07
-9.597424202034687823e-07
-9.610619113031848570e-07
-9.623718022072624834e-07
-9.636721716027585316e-07
-9.649630981073409330e-07
-9.662446597002993798e-07
-9.675169335005007198e-07
-9.687799955998555035e-07
-9.700339216045517077e-07
-9.712787860105542848e-07
-9.725146635081172164e-07
-9.737422358019331980e-07
-9.749607833009488189e-07
-9.761703822080969317e-07
-9.773711071997537303e-07
-9.785630323000393815e-07
-9.797462305061177545e-07
-9.809207746069859013e-07
-9.820867359067175784e-07
-9.832441862089869034e-07
-9.843931921132975660e-07
-9.855338261033352865e-07
-9.866667674135465305e-07
-9.877912938022204159e-07
-9.889074760044413992e-07
-9.900153844083492416e-07
-9.911150888053388286e-07
-9.922066582096489284e-07
-9.932901600118171359e-07
-9.943656595068350867e-07
-9.954332250011743710e-07
-9.964929225114715905e-07
-9.975448177074186518e-07
-9.985895859099258587e-07
-9.996265007000681990e-07
-1.000655629010416270e-06
-1.001677037204551368e-06
-1.002690791201965581e-06
-1.003696956103361515e-06
-1.004695596509841415e-06
-1.005686776203718047e-06
-1.006670558606481691e-06
-1.007647006501244391e-06
-1.008616181102928167e-06
-1.009578143806866279e-06
-1.010532953801823730e-06
-1.011481281107395880e-06
-1.012422394003342774e-06
-1.013356354606642640e-06
-1.014283224812229101e-06
-1.015203066112579933e-06
-1.016115939306283522e-06
-1.017021904206605321e-06
-1.017921020002310328e-06
-1.018813345604607790e-06
-1.019698938911628439e-06
-1.020577857502313890e-06
-1.021450158109060702e-06
-1.022315897311609767e-06
-1.023175130912545860e-06
-1.024027913812397550e-06
-1.024874910909856496e-06
-1.025715385100101074e-06
-1.026549391103248610e-06
-1.027376986512118506e-06
-1.028198227309706780e-06
-1.029013169201453692e-06
-1.029821867004621083e-06
-1.030624375106259372e-06
-1.031420747102385072e-06
-1.032211036103292123e-06
-1.032995294608651804e-06
-1.033773573203000673e-06
-1.034545924205598766e-06
-1.035312399602639211e-06
-1.036073049701102811e-06
-1.036827924405514523e-06
-1.037577073509377001e-06
-1.038320545612703150e-06
-1.039058998508757270e-06
-1.039791687904023654e-06
-1.040518665701428702e-06
-1.041239982610409065e-06
-1.041955688410589609e-06
-1.042665833311806622e-06
-1.043370465803050706e-06
-1.044069634803523883e-06
-1.044763388108327362e-06
-1.045451773304395537e-06
-1.046134837603962531e-06
-1.046812627109039440e-06
-1.047485188102048603e-06
-1.048152566310300848e-06
-1.048814806503539643e-06
-1.049471953409875091e-06
-1.050124051507617118e-06
-1.050771143304429778e-06
-1.051413270405920919e-06
-1.052050476513244348e-06
-1.052683414312638455e-06
-1.053311335805218185e-06
-1.053934285608071342e-06
-1.054552308504819180e-06
-1.055165448807238171e-06
-1.055773750410771150e-06
-1.056377256711260593e-06
-1.056976010313515069e-06
-1.057570053905609875e-06
-1.058159430106231369e-06
-1.058744178911164013e-06
-1.059324342203571412e-06
-1.059899960603738478e-06
-1.060471074509905520e-06
-1.061037722613344947e-06
-1.061599942411839415e-06
-1.062157773901173385e-06
-1.062711255911397146e-06
-1.063260426800716196e-06
-1.063805324302835587e-06
-1.064345985901660185e-06
-1.064882448803539106e-06
-1.065414749507054282e-06
-1.065942924802221192e-06
-1.066467010313321140e-06
-1.066987651912598700e-06
-1.067504094301452433e-06
-1.068016375907476778e-06
-1.068524534506010149e-06
-1.069028607900146532e-06
-1.069528633504401860e-06
-1.070024647109590887e-06
-1.070516683104871802e-06
-1.071004779001905050e-06
-1.071488970605383173e-06
-1.071969293303665083e-06
-1.072445781805098086e-06
-1.072918470901296217e-06
-1.073387394801006423e-06
-1.073852587601953346e-06
-1.074314082610827725e-06
-1.074771913009420210e-06
-1.075226111604821178e-06
-1.075676711009831976e-06
-1.076123743212753503e-06
-1.076567240201886655e-06
-1.077007233410420817e-06
-1.077443754007867405e-06
-1.077876831900859145e-06
-1.078306495511105467e-06
-1.078732776313429120e-06
-1.079155704311607344e-06
-1.079575309301250563e-06
-1.079991620300813082e-06
-1.080404666911616296e-06
-1.080814477499858484e-06
-1.081221080709293680e-06
-1.081624504600808834e-06
-1.082025387302842923e-06
-1.082422966300344847e-06
-1.082817272707314871e-06
-1.083208332905427618e-06
-1.083596180811996490e-06
-1.083980235905279699e-06
-1.084361928610499959e-06
-1.084740493706437547e-06
-1.085115957810689480e-06
-1.085488350607843877e-06
-1.085857700700021411e-06
-1.086224036508931512e-06
-1.086587385512594039e-06
-1.086947775508217973e-06
-1.087305233710145203e-06
-1.087659787110673015e-06
-1.088011462202498336e-06
-1.088360285408929151e-06
-1.088706282903473266e-06
-1.089049480401671488e-06
-1.089389903508042323e-06
-1.089727577507915157e-06
-1.090062527409063620e-06
-1.090394777900072221e-06
-1.090724352503791295e-06
-1.091051273605092575e-06
-1.091375566211749693e-06
-1.091697254110290949e-06
-1.092016361003977920e-06
-1.092332910110349609e-06
-1.092646924508167139e-06
-1.092958427109658182e-06
-1.093267440410716773e-06
-1.093573986712947921e-06
-1.093878088401223359e-06
-1.094179766999991976e-06
-1.094479044602691964e-06
-1.094775942206416275e-06
-1.095070481405002738e-06
-1.095362682904110763e-06
-1.095652567811855604e-06
-1.095940155612651346e-06
-1.096225464902733648e-06
-1.096508516804095557e-06
-1.096789941604225938e-06
-1.097068968905490216e-06
-1.097345011108474822e-06
-1.097619491907675382e-06
-1.097891640503001476e-06
-1.098160869003605988e-06
-1.098428599813350282e-06
-1.098694061701932512e-06
-1.098957276013390327e-06
-1.099217654010331557e-06
-1.099476617902328535e-06
-1.099733395001911695e-06
-1.099988005709429117e-06
-1.100240470910951451e-06
-1.100490199912318445e-06
-1.100738611106710785e-06
-1.100984932708715114e-06
-1.101229183800289668e-06
-1.101471384407082255e-06
-1.101711553611051109e-06
-1.101949710813343586e-06
-1.102185875206940224e-06
-1.102420065512976777e-06
-1.102652300508100147e-06
-1.102882598399967939e-06
-1.103110977604404574e-06
-1.103337456204167566e-06
-1.103562051602002825e-06
-1.103784781700256623e-06
-1.104005664109841689e-06
-1.104224715803292511e-06
-1.104441954002943760e-06
-1.104657394404573445e-06
-1.104871052107214702e-06
-1.105082944499735653e-06
-1.105293088513037425e-06
-1.105501499912286967e-06
-1.105708195003884953e-06
-1.105913189705653998e-06
-1.106116499810516629e-06
-1.106318140500772707e-06
-1.106518127610978119e-06
-1.106716476212410427e-06
-1.106913201501247279e-06
-1.107108318409988357e-06
-1.107301841510310858e-06
-1.107493785804103403e-06
-1.107684165307931679e-06
-1.107872994510206155e-06
-1.108060286802992067e-06
-1.108246054010164627e-06
-1.108430311105856880e-06
-1.108613072106634512e-06
-1.108794350709874088e-06
-1.108974160307640844e-06
-1.109152514403022316e-06
-1.109329426110527983e-06
-1.109504908600178474e-06
-1.109678974806072027e-06
-1.109851637606795727e-06
-1.110022909700525418e-06
-1.110192803605025702e-06
-1.110361331810305607e-06
-1.110528506612085131e-06
-1.110694340000772939e-06
-1.110858844508011423e-06
-1.111022030708674890e-06
-1.111183908511503837e-06
-1.111344490808963137e-06
-1.111503789202883397e-06
-1.111661815308973011e-06
-1.111818580507017984e-06
-1.111974096107415377e-06
-1.112128983404847560e-06
-1.112281853204999393e-06
-1.112433509503629736e-06
-1.112584574011754590e-06
-1.112733656910558366e-06
-1.112882172207840803e-06
-1.113028730501119945e-06
-1.113174745312472957e-06
-1.113318827211662310e-06
-1.113462389207287018e-06
-1.113604040800519890e-06
-1.113745192904413983e-06
-1.113885066600373008e-06
-1.114023064407998476e-06
-1.114160599807734187e-06
-1.114296282106463920e-06
-1.114431523910330846e-06
-1.114564934304174137e-06
-1.114697925602703421e-06
-1.114829716999943265e-06
-1.114959710002416671e-06
-1.115089316910955475e-06
-1.115217756808561944e-06
-1.115344430813181020e-06
-1.115470750712166392e-06
-1.115595325104634661e-06
-1.115719565208950215e-06
-1.115842688304002905e-06
-1.115964092801569052e-06
-1.116085191502080853e-06
-1.116205202406073127e-06
-1.116323525812701334e-06
-1.116441573204007831e-06
-1.116558561900515834e-06
-1.116674502310566197e-06
-1.116788794705558807e-06
-1.116902850012424508e-06
-1.117015885510053153e-06
-1.117127300609421781e-06
-1.117238506209705662e-06
-1.117348718812638531e-06
-1.117457948007771762e-06
-1.117565593608538244e-06
-1.117673065709201552e-06
-1.117779580811495421e-06
-1.117885147006170143e-06
-1.117989771703964408e-06
-1.118092855509345007e-06
-1.118195808308408701e-06
-1.118297846006144347e-06
-1.118398977109635872e-06
-1.118499210805978805e-06
-1.118597946103694341e-06
-1.118696592000700818e-06
-1.118794364304842581e-06
-1.118891271204014437e-06
-1.118987321205300312e-06
-1.119082523204362190e-06
-1.119176275113376029e-06
-1.119269986013526896e-06
-1.119362870713458413e-06
-1.119454937012487328e-06
-1.119546192002163210e-06
-1.119636641705445967e-06
-1.119726295309431130e-06
-1.119814550712416867e-06
-1.119902816107409826e-06
-1.119990306011620085e-06
-1.120077027405574910e-06
-1.120162988213491140e-06
-1.120248195804474101e-06
-1.120332657700284784e-06
-1.120416381200639577e-06
-1.120499373910566199e-06
-1.120581642810591916e-06
-1.120663195103288601e-06
-1.120743427701631489e-06
-1.120823747910448809e-06
-1.120903369511427883e-06
-1.120982297805883654e-06
-1.121060537304097160e-06
-1.121138096304985510e-06
-1.121214981303353397e-06
-1.121291199113194637e-06
-1.121366756312580648e-06
-1.121441659202027097e-06
-1.121515914304094252e-06
-1.121589528210731324e-06
-1.121662506708975826e-06
-1.121734856307510242e-06
-1.121806583209705721e-06
-1.121877693410766597e-06
-1.121948192905897201e-06
-1.122018087607035142e-06
-1.122087383509384750e-06
-1.122156086205694514e-06
-1.122224200705845831e-06
-1.122291730604185744e-06
-1.122358682409396735e-06
-1.122425062102805349e-06
-1.122490875110626618e-06
-1.122556126803564425e-06
-1.122620823010289648e-06
-1.122684968504761294e-06
-1.122748569101772453e-06
-1.122811629700182223e-06
-1.122874155809472363e-06
-1.122936152300746393e-06
-1.122997624405930317e-06
-1.123058577204294473e-06
-1.123119015511431229e-06
-1.123178944406610924e-06
-1.123238368608281412e-06
-1.123297293001424002e-06
-1.123355721513452643e-06
-1.123413656600735777e-06
-1.123471104008677557e-06
-1.123528068899815047e-06
-1.123584555701162557e-06
-1.123640568700956521e-06
-1.123696112700911520e-06
-1.123751192211308592e-06
-1.123805811409361866e-06
-1.123859974902496894e-06
-1.123913686701394354e-06
-1.123966951510624313e-06
-1.124019773202089567e-06
-1.124072156105659914e-06
-1.124124104412427272e-06
-1.124175622202461255e-06
-1.124226713403175815e-06
-1.124277381303606660e-06
-1.124327627499699389e-06
-1.124377457500935762e-06
-1.124426875109829638e-06
-1.124475884101139300e-06
-1.124524488513301002e-06
-1.124572692010050723e-06
-1.124620498310635597e-06
-1.124667911411858512e-06
-1.124714934699899693e-06
-1.124761572310339908e-06
-1.124807827213025746e-06
-1.124853703404760097e-06
-1.124899204410501063e-06
-1.124944333505406568e-06
-1.124989094311579230e-06
-1.125033490312343787e-06
-1.125077523700390714e-06
-1.125121196002276669e-06
-1.125164511700527115e-06
-1.125207474000911034e-06
-1.125250086400630956e-06
-1.125292352105455862e-06
-1.125334274210132435e-06
-1.125375856211863201e-06
-1.125417100900083511e-06
-1.125458011605462438e-06
-1.125498591311724361e-06
-1.125538843210760476e-06
