0.000000000000000000e+00
-2.410016630705058560e-13
-5.099948241493734713e-13
-8.079925617465733012e-13
-1.131997273695617423e-12
-1.481995082208698022e-12
-1.857000664351460273e-12
-2.254002540169608437e-12
-2.673999910385305157e-12
-3.115993574276387790e-12
-3.576999807464176229e-12
-4.057990055095217485e-12
-4.557992872022964548e-12
-5.075995179737446961e-12
-5.611996978238664724e-12
-6.163999866082292556e-12
-6.731989965480522642e-12
-7.315995032008970611e-12
-7.914002786435503367e-12
-8.526998551694475736e-12
-9.153997004851532893e-12
-9.794998145906674836e-12
-1.044800357341557628e-11
-1.111499781103475470e-11
-1.179299713438552999e-11
-1.248399994491222742e-11
-1.318699316410487654e-11
-1.389999226830695989e-11
-1.462499565896280274e-11
-1.536099025756243464e-11
-1.610699074117150076e-11
-1.686399631051216375e-11
-1.762999468635229050e-11
-1.840699814792401412e-11
-1.919299441599520151e-11
-1.998799736835366048e-11
-2.079399152865590850e-11
-2.160699397180110282e-11
-2.243000229995573136e-11
-2.326200343460982367e-11
-2.410099897431905447e-11
-2.495000039903771949e-11
-2.580599622881152300e-11
-2.667199794359476073e-11
-2.754399486271097430e-11
-2.842499846611445946e-11
-2.931299647457308311e-11
-3.021199956876330361e-11
-3.111300106439784940e-11
-3.202199616580969632e-11
-3.294099715223097746e-11
-3.386699254370739709e-11
-3.480099541874892566e-11
-3.574099349812343007e-11
-3.668899906106304343e-11
-3.764299982833563263e-11
-3.860099739849687239e-11
-3.956600325150105846e-11
-4.053599123032824991e-11
-4.150899068910973710e-11
-4.248899843073417060e-11
-4.346999149529295892e-11
-4.446600032625980248e-11
-4.546399368088316351e-11
-4.646599771618298291e-11
-4.748099136087091665e-11
-4.849699808406882084e-11
-4.951999921232186352e-11
-5.054999474563004469e-11
-5.158300175889252159e-11
-5.262400237793229962e-11
-5.366800059913856558e-11
-5.472500230752075367e-11
-5.578199013811513396e-11
-5.684699933006243100e-11
-5.791299384494408287e-11
-5.898699584339084367e-11
-6.006799224689274297e-11
-6.115799533468191385e-11
-6.224899762319324736e-11
-6.334899271820404465e-11
-6.445000089172481239e-11
-6.555599119106858552e-11
-6.666599217108881703e-11
-6.778200223322983220e-11
-6.890599202336034068e-11
-7.003599089561163282e-11
-7.117000044853938334e-11
-7.231099052873446453e-11
-7.345399288816167882e-11
-7.460500273115400205e-11
-7.575899629852500539e-11
-7.691899894801679238e-11
-7.808299840039722994e-11
-7.925199385638848071e-11
-8.112899241297100161e-11
-8.212300284249351989e-11
-8.311600019350606772e-11
-8.411199514668510346e-11
-8.511399918198492287e-11
-8.612199842161771812e-11
-8.713699206630565186e-11
-8.815499719094788134e-11
-8.918199512208957458e-11
-9.021199065539775575e-11
-9.124799527082672057e-11
-9.228999509058866124e-11
-9.333799011468357776e-11
-9.439499182306576586e-11
-9.545099433072579131e-11
-9.651600352267308836e-11
-9.828800273670168508e-11
-9.917500154443814608e-11
-1.000610011514524444e-10
-1.009509975613553934e-10
-1.018449907741469929e-10
-1.027490037497358344e-10
-1.036609964533141692e-10
-1.045769998375689624e-10
-1.054989984261567315e-10
-1.064279914197996391e-10
-1.073639926962854929e-10
-1.083060030548921304e-10
-1.092519963385996107e-10
-1.102069963065943625e-10
-1.111669922781999276e-10
-1.121309989304819510e-10
-1.131029991885412755e-10
-1.147840017479140329e-10
-1.155779916217625214e-10
-1.163719953733988177e-10
-1.171780034114888736e-10
-1.179869951739576095e-10
-1.188019960185471291e-10
-1.196260035474239203e-10
-1.204579908042902048e-10
-1.212919903403886224e-10
-1.221399925643851248e-10
-1.229889939891037898e-10
-1.238480012988318890e-10
-1.247140030136151267e-10
-1.255840015312870150e-10
-1.264609944540140418e-10
-1.273449956595840149e-10
-1.282369904709312891e-10
-1.298370022606576413e-10
-1.305519997663040499e-10
-1.312659980712282959e-10
-1.319890030604398135e-10
-1.327169901754743364e-10
-1.334510002504174508e-10
-1.341970007340265170e-10
-1.349430012176355831e-10
-1.357050027905870593e-10
-1.364680035642606981e-10
-1.372399971444338007e-10
-1.380199982081720123e-10
-1.388049952755210370e-10
-1.395989990271573333e-10
-1.403979987824044429e-10
-1.412049921434288535e-10
-1.420179945865740478e-10
-1.435419977324770002e-10
-1.441800012713656542e-10
-1.448179909324665005e-10
-1.454650011556424261e-10
-1.461199911068078450e-10
-1.467799909393718849e-10
-1.474529942591118470e-10
-1.481289951810182970e-10
-1.488160011886563439e-10
-1.495100016013495292e-10
-1.502089980176535278e-10
-1.509170011182447979e-10
-1.516349962260576945e-10
-1.523560028138248867e-10
-1.530870014088137054e-10
-1.538239952081355000e-10
-1.545689964910224035e-10
-1.560239992759449024e-10
-1.565989976581860788e-10
-1.571729968397050925e-10
-1.577519920248349194e-10
-1.583379954928076927e-10
-1.589360032472342255e-10
-1.595379939267616010e-10
-1.601530019712527064e-10
-1.607709937401224920e-10
-1.614020028739560075e-10
-1.620369949328903658e-10
-1.626789952746676704e-10
-1.633329999028987345e-10
-1.639920005347406118e-10
-1.646599939730819528e-10
-1.653329972928219149e-10
-1.660169918205056661e-10
-1.674090033265684951e-10
-1.679239941543286818e-10
-1.684360012577101884e-10
-1.689519912861925377e-10
-1.694809986796386170e-10
-1.700140028759733468e-10
-1.705599966816961910e-10
-1.711100011680954935e-10
-1.716709968624385851e-10
-1.722390008396246230e-10
-1.728189952254766126e-10
-1.734020010912828980e-10
-1.739939997635886471e-10
-1.745990019230703183e-10
-1.752070016847184775e-10
-1.758219958514217751e-10
-1.764489943045788323e-10
-1.777839958583271596e-10
-1.782319986043390259e-10
-1.786869957554060306e-10
-1.791480019885938191e-10
-1.796209986304475592e-10
-1.800989912759121125e-10
-1.805900012863403958e-10
-1.810859934225916845e-10
-1.815940037230845405e-10
-1.821079953501225646e-10
-1.826339912636143481e-10
-1.831649970585047527e-10
-1.837019980577281331e-10
-1.842540009455717609e-10
-1.848119990377483646e-10
-1.853749931335357815e-10
-1.859469939136104699e-10
-1.872319937978872417e-10
-1.876349908780383657e-10
-1.880370026352551349e-10
-1.884499917226278853e-10
-1.888710021713535525e-10
-1.893019907495130383e-10
-1.897400014883032782e-10
-1.901900026357594697e-10
-1.906459989875486372e-10
-1.911130004250694014e-10
-1.915879954683674669e-10
-1.920719971959528038e-10
-1.925639925293154420e-10
-1.930649945469653517e-10
-1.935750032489025330e-10
-1.940939908795513702e-10
-1.946190014701087989e-10
-1.958569972870805032e-10
-1.962059958948714211e-10
-1.965620027855052854e-10
-1.969249902034064803e-10
-1.972999957855492426e-10
-1.976829949734693059e-10
-1.980750008456766409e-10
-1.984779979258277649e-10
-1.988859910095897021e-10
-1.993089998597596946e-10
-1.997369908357526924e-10
-2.001740023738207697e-10
-2.006229904427669908e-10
-2.010780014716218034e-10
-2.015419914291882719e-10
-2.020170003502741451e-10
-2.024990036764151569e-10
-2.036929930282482815e-10
-2.040079910559100540e-10
-2.043199914814053386e-10
-2.046399993904657322e-10
-2.049709985074699148e-10
-2.053120035094835316e-10
-2.056590037158301243e-10
-2.060199927322869939e-10
-2.063890031100967803e-10
-2.067649940151738974e-10
-2.071540022852147445e-10
-2.075489918818007595e-10
-2.079559996426283419e-10
-2.083700018085110628e-10
-2.087929967808932474e-10
-2.092269968390070289e-10
-2.096679913021759489e-10
-2.108219987473347601e-10
-2.110919911091357903e-10
-2.113649949508911163e-10
-2.116449931977015808e-10
-2.119369957309658048e-10
-2.122359926692851673e-10
-2.125479930947804519e-10
-2.128680010038408454e-10
-2.131980009201228654e-10
-2.135359944421821865e-10
-2.138869914514174297e-10
-2.142439975427734566e-10
-2.146109956413511100e-10
-2.149899980263825228e-10
-2.153749956157469114e-10
-2.157689998893985717e-10
-2.161739953709940210e-10
-2.172909907560693910e-10
-2.175269964155290836e-10
-2.177650004764331015e-10
-2.180080005409479327e-10
-2.182650032933608486e-10
-2.185270020493845777e-10
-2.188040026940285543e-10
-2.190879977437276693e-10
-2.193819986784362186e-10
-2.196859916203663943e-10
-2.200020027265381373e-10
-2.203249943599772109e-10
-2.206559934769813935e-10
-2.209989968804393357e-10
-2.213519922911189042e-10
-2.217119959846414190e-10
-2.220819916853855602e-10
-2.231650003681195926e-10
-2.233619955660515188e-10
-2.235659990468263913e-10
-2.237789953341007276e-10
-2.240029967071066608e-10
-2.242369900873342203e-10
-2.244830016318033472e-10
-2.247349945028176421e-10
-2.250020031402399923e-10
-2.252759923049296731e-10
-2.255600012324165959e-10
-2.258540021671251452e-10
-2.261569959083331582e-10
-2.264699955345506055e-10
-2.267930010457774870e-10
-2.271240001627816696e-10
-2.274639920862853160e-10
-2.285179961925010161e-10
-2.286879990931467432e-10
-2.288629979974032835e-10
-2.290480027866692581e-10
-2.292449979846011843e-10
-2.294509998668203821e-10
-2.296679929569833689e-10
-2.298939927314336273e-10
-2.301329959930598079e-10
-2.303789936597411270e-10
-2.306359964121540429e-10
-2.309029911717885852e-10
-2.311789926157103991e-10
-2.314659991453638099e-10
-2.317629976822388471e-10
-2.320669906241690228e-10
-2.323810033288964405e-10
-2.334090004607602964e-10
-2.335519971863320166e-10
-2.337020021947466830e-10
-2.338629984111051385e-10
-2.340330013117508656e-10
-2.342149946210625444e-10
-2.344079930161058201e-10
-2.346089988947142047e-10
-2.348219951819885409e-10
-2.350449973542723114e-10
-2.352769923330555457e-10
-2.355199923975703769e-10
-2.357709999456503169e-10
-2.360329987016740461e-10
-2.363070017441515347e-10
-2.365889983924063245e-10
-2.368790025242262232e-10
-2.378829910831825600e-10
-2.380090013964775153e-10
-2.381349978319846628e-10
-2.382719993532234071e-10
-2.384199920824059404e-10
-2.385779906965979080e-10
-2.387469943965214725e-10
-2.389270031821766338e-10
-2.391159908965434511e-10
-2.393159975744296730e-10
-2.395249970588153587e-10
-2.397479992310991292e-10
-2.399779958084380382e-10
-2.402169990700642188e-10
-2.404689919410785137e-10
-2.407279930949357549e-10
-2.409960009330802677e-10
-2.419789923990833813e-10
-2.420779965373043296e-10
-2.421839950805804165e-10
-2.423009987095881002e-10
-2.424269951450952476e-10
-2.425649958670561546e-10
-2.427130024740264957e-10
-2.428720002889406260e-10
-2.430389917096320573e-10
-2.432199996960093813e-10
-2.434100004888861690e-10
-2.436109924897067458e-10
-2.438199919740924315e-10
-2.440389973434875515e-10
-2.442699931215486231e-10
-2.445109947846191289e-10
-2.447599900534669359e-10
-2.457229975050267967e-10
-2.458050013531831723e-10
-2.458890036027838732e-10
-2.459819986588840379e-10
-2.460869980014379621e-10
-2.462050008311678084e-10
-2.463299980659527932e-10
-2.464689979886358628e-10
-2.466159915170962336e-10
-2.467760024105203343e-10
-2.469439930319339283e-10
-2.471240018175890896e-10
-2.473130034097437147e-10
-2.475109978083978035e-10
-2.477239940956721398e-10
-2.479439986657894224e-10
-2.481729960424061687e-10
-2.491159917239471611e-10
-2.491799960813168013e-10
-2.492440004386864416e-10
-2.493189960039998709e-10
-2.494039974543227345e-10
-2.495010031910993575e-10
-2.496070017343754444e-10
-2.497270029655496160e-10
-2.498549978025010887e-10
-2.499949969259063209e-10
-2.501450019343209874e-10
-2.503049989499572803e-10
-2.504770002520473327e-10
-2.506559959591925235e-10
-2.508489943542357992e-10
-2.510509994335663464e-10
-2.512619973193963574e-10
-2.521869935101506144e-10
-2.522329983767335193e-10
-2.522790032433164242e-10
-2.523359993178431182e-10
-2.524030012773792464e-10
-2.524819936455813263e-10
-2.525699926980706778e-10
-2.526729936391802767e-10
-2.527830028631328219e-10
-2.529060016964734814e-10
-2.530389925370357673e-10
-2.531809900618853248e-10
-2.533349918731886419e-10
-2.534980003687792305e-10
-2.536739984737579334e-10
-2.538600024637460706e-10
-2.540540000595115089e-10
-2.549609967594790305e-10
-2.549900013359973627e-10
-2.550199912354500498e-10
-2.550590016969778162e-10
-2.551110017678936970e-10
-2.551739930467533668e-10
-2.552459910099003082e-10
-2.553319916609453344e-10
-2.554259997955554695e-10
-2.555329975395537190e-10
-2.556500011685614027e-10
-2.557769968047907128e-10
-2.559149975267516197e-10
-2.560619910552119904e-10
-2.562210027479139285e-10
-2.563919909714940104e-10
-2.565710005564270091e-10
-2.574629953677742833e-10
-2.574749996542280428e-10
-2.574910007435704529e-10
-2.575149954386901641e-10
-2.575489960188193095e-10
-2.575989976882908650e-10
-2.576559937628175589e-10
-2.577269925252423377e-10
-2.578059987712322254e-10
-2.578979946266102274e-10
-2.580009955677198263e-10
-2.581140023938388595e-10
-2.582380004279016816e-10
-2.583709912684639676e-10
-2.585150010725456582e-10
-2.586720004860154631e-10
-2.588359943045404066e-10
-2.597149995064995665e-10
-2.597120019043330785e-10
-2.597130011050552412e-10
-2.597249915137211929e-10
-2.597470016851843866e-10
-2.597810022653135320e-10
-2.598239956519421412e-10
-2.598819909271909978e-10
-2.599489928867271260e-10
-2.600269999319948511e-10
-2.601169973859285278e-10
-2.602150023234273135e-10
-2.603259968703142135e-10
-2.604459981014883851e-10
-2.605769905406063458e-10
-2.607219995454101991e-10
-2.608740029552691908e-10
-2.617399907922646207e-10
-2.617250027814321811e-10
-2.617159960971449095e-10
-2.617129984949784216e-10
-2.617219913014778854e-10
-2.617440014729410791e-10
-2.617760036516258992e-10
-2.618219946404209963e-10
-2.618759931127812024e-10
-2.619409966708730053e-10
-2.620179906376307599e-10
-2.621049904893979487e-10
-2.622049938283410597e-10
-2.623139899737836345e-10
-2.624319928035134808e-10
-2.625649975218635745e-10
-2.627059958459909694e-10
-2.628560008544056359e-10
-2.637199902899567405e-10
-2.637060014798464636e-10
-2.636919987919483788e-10
-2.636880019890597282e-10
-2.636969947955591920e-10
-2.637189910892345779e-10
-2.637479956657529101e-10
-2.637920021308914897e-10
-2.638440022018073705e-10
-2.639099910828335283e-10
-2.639859997266569280e-10
-2.640729995784241169e-10
-2.641709906381350947e-10
-2.642770030591989894e-10
-2.643959912118631905e-10
-2.645259983280467964e-10
-2.646649982507298660e-10
-2.655179964783371815e-10
-2.654889919018188493e-10
-2.654649972066991381e-10
-2.654499953180788907e-10
-2.654479969166345654e-10
-2.654580028016439996e-10
-2.654750030917085724e-10
-2.655079905933277473e-10
-2.655499986570220017e-10
-2.656039971293822077e-10
-2.656699998881961733e-10
-2.657439962527874400e-10
-2.658309961045546288e-10
-2.659270026406090892e-10
-2.660330011838851760e-10
-2.661540016157815103e-10
-2.662819964527329830e-10
-2.671240034723965096e-10
-2.670849930108687431e-10
-2.670509924307395977e-10
-2.670259985348977239e-10
-2.670129950477218017e-10
-2.670119958469996391e-10
-2.670189902520547776e-10
-2.670410004235179713e-10
-2.670740018029249541e-10
-2.671169951895535633e-10
-2.671719928626359319e-10
-2.672369964207277349e-10
-2.673129911867633268e-10
-2.673989918378083530e-10
-2.674959975745849761e-10
-2.676059929207497134e-10
-2.677249949512017224e-10
-2.685559968851336521e-10
-2.685069944163842592e-10
-2.684640010297556501e-10
-2.684290012489043420e-10
-2.684059918767189856e-10
-2.683950006687751966e-10
-2.683930022673308713e-10
-2.684049926759968230e-10
-2.684290012489043420e-10
-2.684610034275891621e-10
-2.685079936171064219e-10
-2.685629912901887906e-10
-2.686299932497249188e-10
-2.687070010942704812e-10
-2.687940009460376700e-10
-2.688939904071929732e-10
-2.690039996311455184e-10
-2.698269940815123391e-10
-2.697679996055413199e-10
-2.697150003339032764e-10
-2.696679962665982089e-10
-2.696339956864690635e-10
-2.696119993927936775e-10
-2.696009943070620807e-10
-2.696019935077842433e-10
-2.696159961956823281e-10
-2.696369932886355514e-10
-2.696719930694868594e-10
-2.697179979360697644e-10
-2.697739948098742957e-10
-2.698409967694104239e-10
-2.699179907361681785e-10
-2.700070028671675004e-10
-2.701079915290449662e-10
-2.702189999537196741e-10
-2.710419944040864948e-10
-2.709839991288376382e-10
-2.709329982586439201e-10
-2.708889917935053404e-10
-2.708580026933304907e-10
-2.708389901240337849e-10
-2.708289981168121585e-10
-2.708329949197008091e-10
-2.708489960090432191e-10
-2.708719915034407677e-10
-2.709110019649685341e-10
-2.709589913552079565e-10
-2.710179997089667836e-10
-2.710879992706693997e-10
-2.711669916388714796e-10
-2.712590013720372895e-10
-2.713610031124247257e-10
-2.721770031577364080e-10
-2.721100011982002798e-10
-2.720489944429971274e-10
-2.719949959706369214e-10
-2.719540009854526375e-10
-2.719239972082121426e-10
-2.719049985167032446e-10
-2.718979902338602983e-10
-2.719049985167032446e-10
-2.719190012046013294e-10
-2.719469927026096912e-10
-2.719860031641374576e-10
-2.720339925543768800e-10
-2.720949993095800323e-10
-2.721649988712826485e-10
-2.722460035187168614e-10
-2.723399977755391888e-10
-2.731469911365635994e-10
-2.730709963705280074e-10
-2.730009968088253913e-10
-2.729389908529000763e-10
-2.728879899827063582e-10
-2.728489933989663996e-10
-2.728210019009580378e-10
-2.728050008116156278e-10
-2.728030024101713025e-10
-2.728089976145042783e-10
-2.728279963060131763e-10
-2.728580000832536712e-10
-2.728969966669936298e-10
-2.729499959386316732e-10
-2.730110026938348255e-10
-2.730839998577039296e-10
-2.731700005087489558e-10
-2.739680010632739027e-10
-2.738839988136732018e-10
-2.738049925676833141e-10
-2.737349930059806979e-10
-2.736759985300096787e-10
-2.736289944627046111e-10
-2.735929954811311404e-10
-2.735680015852892666e-10
-2.735579957002798324e-10
-2.735559972988355071e-10
-2.735670023845671039e-10
-2.735899978789646525e-10
-2.736210008569273100e-10
-2.736659926450002445e-10
-2.737189919166382879e-10
-2.737839954747300908e-10
-2.738630017207199785e-10
-2.739500015724871673e-10
-2.747500005284564395e-10
-2.746749910853552024e-10
-2.745999955200417730e-10
-2.745319943597834822e-10
-2.744799942888676014e-10
-2.744380001029611549e-10
-2.744069971249984974e-10
-2.743889976342117620e-10
-2.743820032291566235e-10
-2.743830024298787862e-10
-2.743990035192211963e-10
-2.744249966157852327e-10
-2.744619947980808661e-10
-2.745109972668302589e-10
-2.745689925420791155e-10
-2.746399913045038943e-10
-2.747219951526602699e-10
-2.755159989042965663e-10
-2.754309974539737027e-10
-2.753519912079838150e-10
-2.752799932448368736e-10
-2.752199995681436917e-10
-2.751709970993942989e-10
-2.751339989170986655e-10
-2.751089911434689839e-10
-2.750970007348030322e-10
-2.750929900541265738e-10
-2.751029959391360080e-10
-2.751239930320892313e-10
-2.751539968093297261e-10
-2.751969901959583353e-10
-2.752500033453841866e-10
-2.753129946242438564e-10
-2.753900024687894188e-10
-2.761789963390270941e-10
-2.760860012829269294e-10
-2.759990014311597406e-10
-2.759189959844476903e-10
-2.758519940249115621e-10
-2.757959971511070307e-10
-2.757519906859684511e-10
-2.757179901058393057e-10
-2.756989914143304077e-10
-2.756889994071087813e-10
-2.756909978085531066e-10
-2.757050004964511913e-10
