0.000000000000000000e+00
4.599769454216584563e-08
9.140421752817928791e-08
1.371972757624462247e-07
1.830017026804853231e-07
2.292040335305500776e-07
2.754063643806148320e-07
3.218019628548063338e-07
3.684021976368967444e-07
4.150024324189871550e-07
4.617959348252043128e-07
5.088054422230925411e-07
5.558035809372086078e-07
6.028017196513246745e-07
6.500044946733396500e-07
6.971959010115824640e-07
7.443986760335974395e-07
7.918060873635113239e-07
8.392021300096530467e-07
8.865981726557947695e-07
9.340055839857086539e-07
9.814016266318503767e-07
1.028797669277992100e-06
1.076205080607905984e-06
1.123805759561946616e-06
1.171406438515987247e-06
1.218597844854230061e-06
1.266005256184143946e-06
1.313401298830285668e-06
1.361001977784326300e-06
1.408398020430468023e-06
1.455600795452482998e-06
1.502996838098624721e-06
1.550404249428538606e-06
1.597607024450553581e-06
1.644605163164669648e-06
1.692205842118710279e-06
1.739397248456953093e-06
1.786600023478968069e-06
1.833598162193084136e-06
1.880596300907200202e-06
1.927605808305088431e-06
1.974797214643331245e-06
2.021204181801294908e-06
2.068406956823309883e-06
2.114995822921628132e-06
2.162198597943643108e-06
2.208798832725733519e-06
2.255399067507823929e-06
2.301806034665787593e-06
2.348406269447878003e-06
2.395199771854095161e-06
2.440799562464235350e-06
2.488604877726174891e-06
2.534397935960441828e-06
2.579997726570582017e-06
2.626597961352672428e-06
2.673004928510636091e-06
2.718797986744903028e-06
2.765000317594967782e-06
2.811395916069159284e-06
2.857007075363071635e-06
2.902197593357414007e-06
2.949605004687327892e-06
2.995398062921594828e-06
3.038803697563707829e-06
3.085597199969924986e-06
3.133595782855991274e-06
3.177001417498104274e-06
3.220998223696369678e-06
3.268200998718384653e-06
3.315005869808373973e-06
3.357604327902663499e-06
3.402396941964980215e-06
3.447598828643094748e-06
3.493596523185260594e-06
3.543004822859074920e-06
3.588797881093341857e-06
3.632396783359581605e-06
3.675597781693795696e-06
3.718605512403883040e-06
3.761397238122299314e-06
3.804996140388539061e-06
3.851403107546502724e-06
3.897196165780769661e-06
3.938396275771083310e-06
3.981801910413196310e-06
4.027197064715437591e-06
4.072603587701451033e-06
4.117998742003692314e-06
4.163405264989705756e-06
4.208800419291947037e-06
4.254400209902087227e-06
4.299806732888100669e-06
4.345201887190341949e-06
3.640207069111056626e-06
3.689399363793199882e-06
3.740603915503015742e-06
3.787806690525030717e-06
3.833599748759297654e-06
3.877596554957563058e-06
3.919399205187801272e-06
3.966806616517715156e-06
4.011599230580031872e-06
4.053606517118168995e-06
4.097000783076509833e-06
4.142202669754624367e-06
4.187006652500713244e-06
4.230605554766952991e-06
4.274204457033192739e-06
4.317803359299432486e-06
3.612206000980222598e-06
3.654997726698638871e-06
3.699005901580676436e-06
3.744003151950892061e-06
3.787999958149157465e-06
3.833406481135170907e-06
3.877005383401410654e-06
3.921002189599676058e-06
3.966806616517715156e-06
4.011599230580031872e-06
4.051798896398395300e-06
4.097603323316434398e-06
4.144806098338449374e-06
4.186802016192814335e-06
4.228400030115153641e-06
4.272806108929216862e-06
4.317996626923559234e-06
3.612399268604349345e-06
3.659999947558389977e-06
3.708998974616406485e-06
3.753598321054596454e-06
3.799800651904661208e-06
3.842205842374823987e-06
3.888601440849015489e-06
3.932200343115255237e-06
3.975196705141570419e-06
4.020603228127583861e-06
4.066203018737724051e-06
4.108005668967962265e-06
4.150206223130226135e-06
4.196601821604417637e-06
4.242406248522456735e-06
4.284004262444796041e-06
4.325397640059236437e-06
3.620198185672052205e-06
3.664001724246190861e-06
3.709396878548432142e-06
3.754405497602419928e-06
3.798004399868659675e-06
3.843797458102926612e-06
3.885600108333164826e-06
3.932598247047280893e-06
3.976003881689393893e-06
4.018806976091582328e-06
4.063201686221873388e-06
4.108801476832013577e-06
4.153002919338177890e-06
4.193805125396465883e-06
4.237006123730679974e-06
4.283799626136897132e-06
4.328603608882986009e-06
3.623597422119928524e-06
3.668196768558118492e-06
3.713398655236233026e-06
3.756997557502472773e-06
3.801005732384510338e-06
3.846196250378852710e-06
3.889397248713066801e-06
3.932598247047280893e-06
3.979005214205244556e-06
4.021796939923660830e-06
4.064600034325849265e-06
4.109597284696064889e-06
4.154605903750052676e-06
4.198795977572444826e-06
4.240405360178556293e-06
4.283401722204871476e-06
4.328796876507112756e-06
3.624006694735726342e-06
3.669606485345866531e-06
3.716797891684109345e-06
3.760601430258248001e-06
3.805598680628463626e-06
3.848799678962677717e-06
3.895002009812742472e-06
3.936202119803056121e-06
3.982597718277247623e-06
4.026196620543487370e-06
4.068806447321549058e-06
4.112803253519814461e-06
4.157595867582131177e-06
4.201797310088295490e-06
4.245998752594459802e-06
4.288006039132596925e-06
4.331002401158912107e-06
3.625200406531803310e-06
3.670800197141943499e-06
3.717798335856059566e-06
3.763796030398225412e-06
3.807599568972364068e-06
3.851403107546502724e-06
3.896207090292591602e-06
3.939999260182958096e-06
3.982404450653120875e-06
4.029004685435211286e-06
4.071603143529500812e-06
4.114201601623790339e-06
4.159198851994005963e-06
4.203207026876043528e-06
4.247203833074308932e-06
4.291405275580473244e-06
4.333401193434838206e-06
3.628599642979679629e-06
3.675199877761770040e-06
3.722004748851759359e-06
3.766797362914076075e-06
3.810600901488214731e-06
3.855404884234303609e-06
3.898196609952719882e-06
3.944398940802784637e-06
3.985599050793098286e-06
4.031198841403238475e-06
4.075207016285276040e-06
4.117805474379565567e-06
4.162006916885729879e-06
4.205605819151969627e-06
4.249602625350235030e-06
4.293599431548500434e-06
4.337005066190613434e-06
3.631998879427555948e-06
3.678997018141672015e-06
3.727006969711510465e-06
3.770605871977750212e-06
3.814795945800142363e-06
3.859599928546231240e-06
3.902403022948419675e-06
3.948002813558559865e-06
3.991806352132698521e-06
4.033404366055037826e-06
4.080402504769153893e-06
4.122796326555544510e-06
4.165201517025707290e-06
4.209596227155998349e-06
4.253604402038035914e-06
4.297396571928402409e-06
4.341404746810439974e-06
3.635602752183331177e-06
3.678803750517545268e-06
3.723005193023709580e-06
3.766797362914076075e-06
3.811396709352266043e-06
3.855802788166329265e-06
3.899197054124670103e-06
3.943205229006707668e-06
3.989396191173000261e-06
4.030198397231288254e-06
4.075400283909402788e-06
4.120806806895416230e-06
4.163200628681806847e-06
4.206196990708122030e-06
4.250205165590159595e-06
4.293997335480526090e-06
4.337800874054664746e-06
3.632203515735454857e-06
3.675006610137643293e-06
3.719401320267934352e-06
3.763602762774098665e-06
3.807599568972364068e-06
3.851801011478528380e-06
3.896207090292591602e-06
3.938998816011007875e-06
3.984803242929046974e-06
4.028004241263261065e-06
4.069806891493499279e-06
4.117396201763767749e-06
4.160006028541829437e-06
4.202206582704093307e-06
4.246999196766410023e-06
4.290006927476497367e-06
4.333799097366863862e-06
3.627997102739755064e-06
3.670800197141943499e-06
3.715001639648107812e-06
3.759998890018323436e-06
3.802801984420511872e-06
3.847605967166600749e-06
3.891796040988992900e-06
3.933996595151256770e-06
3.979801022069295868e-06
4.025002908747410402e-06
4.064804670633748174e-06
4.110802365175914019e-06
4.156402155786054209e-06
4.198602709948318079e-06
4.241405804350506514e-06
4.286198418412823230e-06
4.329001512815011665e-06
3.623404154495801777e-06
3.666002612590091303e-06
3.710204055096255615e-06
3.755201305466471240e-06
3.797606495936634019e-06
3.842797013930976391e-06
3.886998456437140703e-06
3.929596914531430230e-06
3.974196260969620198e-06
4.020000687887659296e-06
4.060996161570074037e-06
4.103605988348135725e-06
4.151002030994277447e-06
4.193805125396465883e-06
4.235403139318805188e-06
4.280400389689020813e-06
4.323396751715335995e-06
3.618606569943949580e-06
3.666002612590091303e-06
3.713796559168258682e-06
3.758202637982321903e-06
3.801801540248561651e-06
3.846196250378852710e-06
3.890602329192915931e-06
3.933996595151256770e-06
3.977402229793369770e-06
4.023206656711408868e-06
4.065395842189900577e-06
4.106402684556087479e-06
4.153196186962304637e-06
4.197397629468468949e-06
4.239007012074580416e-06
4.283003818272845820e-06
4.327000624471111223e-06
3.621198629844002426e-06
3.668606041173916310e-06
3.717195795616135001e-06
3.761203970498172566e-06
3.805405413004336879e-06
3.849197582894703373e-06
3.894001565640792251e-06
3.937202563975006342e-06
3.980596829933347180e-06
4.026401256851386279e-06
4.068999714945675805e-06
4.110006557311862707e-06
4.156197519478155300e-06
4.201206138532143086e-06
4.242599516146583483e-06
4.285800514480797574e-06
4.331002401158912107e-06
3.625200406531803310e-06
3.672801085485843942e-06
3.722004748851759359e-06
3.765796918742125854e-06
3.810202997556189075e-06
3.853597263514529914e-06
3.898605882568517700e-06
3.941806880902731791e-06
3.984803242929046974e-06
4.030596301163313910e-06
4.074001935805426911e-06
4.114599505555815995e-06
4.160403932473855093e-06
4.205799086776096374e-06
4.247203833074308932e-06
4.289199750928673893e-06
4.334197001298889518e-06
3.628599642979679629e-06
3.676200321933720261e-06
3.725403985299635679e-06
3.770003331737825647e-06
3.814795945800142363e-06
3.857405772578204051e-06
3.902800926880445331e-06
3.946001925214659423e-06
3.988805019616847858e-06
4.034598077851114795e-06
4.078799520357279107e-06
4.118805918551515788e-06
4.163598532613832504e-06
4.210198767395922914e-06
4.251603513694135472e-06
4.292598987376550213e-06
4.337596237746765837e-06
3.631998879427555948e-06
3.679599558381596580e-06
3.728803221747511998e-06
3.774005108425626531e-06
3.819002358795842156e-06
3.861202912958106026e-06
3.906802703568246216e-06
3.949799065594561398e-06
3.992204256064724177e-06
4.037997314298991114e-06
4.082801297045079991e-06
4.122398422623518854e-06
4.166804501437582076e-06
4.213802640151698142e-06
4.255400654074037448e-06
4.296202860132325441e-06
4.340802206570515409e-06
3.635204848251305521e-06
3.679406290757469833e-06
3.724801445059711114e-06
3.768604983633849770e-06
3.814204774243989959e-06
3.855598151858430356e-06
3.901595846400596201e-06
3.944603577110683545e-06
3.986997398897074163e-06
4.032597189507214352e-06
4.077401172253303230e-06
4.117805474379565567e-06
4.161404376645805314e-06
4.208402515359921381e-06
4.250603069522185251e-06
4.291405275580473244e-06
4.335402081778738648e-06
3.629804723459528759e-06
3.673801529657794163e-06
3.719401320267934352e-06
3.763204858842073008e-06
3.808600013144314289e-06
3.850402663374552503e-06
3.896207090292591602e-06
3.939203452318906784e-06
3.981597274105297402e-06
4.027197064715437591e-06
4.071796411153627560e-06
4.112598617211915553e-06
4.155606347922002897e-06
4.202604486636118963e-06
4.245202944730408490e-06
4.285800514480797574e-06
4.329797320679062977e-06
3.624199962359853089e-06
3.668401404866017401e-06
3.713796559168258682e-06
3.757804734050296247e-06
3.803006620728410780e-06
3.845002538582775742e-06
3.890602329192915931e-06
3.933598691219231114e-06
3.976401785621419549e-06
4.021603672299534082e-06
4.066203018737724051e-06
4.107198492420138791e-06
4.150206223130226135e-06
4.196999725536443293e-06
4.239802819938631728e-06
4.280400389689020813e-06
4.324203928263159469e-06
3.618606569943949580e-06
3.662603376142214984e-06
3.707998530444456264e-06
3.752006705326493829e-06
3.797003955696709454e-06
3.839397777483100072e-06
3.884997568093240261e-06
3.927800662495428696e-06
3.970797024521743879e-06
4.015601007267832756e-06
4.060200353706022725e-06
4.101605100004235283e-06
4.144203558098524809e-06
4.190803792880615219e-06
4.234198058838956058e-06
4.274806997273117304e-06
4.318201263231458142e-06
3.612399268604349345e-06
3.656396074802614748e-06
3.701802597788628191e-06
3.746004040294792503e-06
3.790398750425083563e-06
3.833599748759297654e-06
3.878403731505386531e-06
3.922195901395753026e-06
3.965203632105840370e-06
4.009200438304105774e-06
4.054004421050194651e-06
4.096796146768610924e-06
4.138405529374722391e-06
4.184005319984862581e-06
4.228797934047179297e-06
4.269406872481340542e-06
4.311800694267731160e-06
3.606203335948521271e-06
3.650006874522659928e-06
3.695402028824901208e-06
3.739603471331065521e-06
3.783804913837229833e-06
3.827597083727596328e-06
3.871605258609633893e-06
3.915999968739924952e-06
3.958996330766240135e-06
4.003004505648277700e-06
4.047603852086467668e-06
4.091202754352707416e-06
4.132198228035122156e-06
4.177400114713236690e-06
4.222999905323376879e-06
4.263597475073765963e-06
4.305400125304004177e-06
3.599802766984794289e-06
3.643606305558932945e-06
3.688796823553275317e-06
3.733396169991465285e-06
3.777199708565603942e-06
3.821401151071768254e-06
3.864602149405982345e-06
3.909599399776197970e-06
3.952595761802513152e-06
3.996206032752525061e-06
4.040998646814841777e-06
4.085200089321006089e-06
4.125797659071395174e-06
4.170397005509585142e-06
4.216803972667548805e-06
4.257606178725836799e-06
4.298806288716150448e-06
4.343598902778467163e-06
3.637796908151358366e-06
3.681805083033395931e-06
3.727200237335637212e-06
3.771003775909775868e-06
3.816205662587890401e-06
3.858406216750154272e-06
3.904199274984421209e-06
3.947002369386609644e-06
3.989998731412924826e-06
4.034598077851114795e-06
4.079004156665178016e-06
4.120806806895416230e-06
4.163405264989705756e-06
4.209596227155998349e-06
4.253206498106010258e-06
4.293804067856399342e-06
4.336595793574815616e-06
3.630998435255605727e-06
3.674801973829744384e-06
3.720003860507858917e-06
3.764398570638149977e-06
3.808406745520187542e-06
3.852198915410554036e-06
3.896207090292591602e-06
3.940397164114983752e-06
3.983404894825071096e-06
4.027197064715437591e-06
4.071796411153627560e-06
4.115599949727766216e-06
4.156402155786054209e-06
4.201001502224244177e-06
4.247397100698435679e-06
4.288006039132596925e-06
4.329206149122910574e-06
3.623597422119928524e-06
3.667196324386168271e-06
3.712398211064282805e-06
3.756997557502472773e-06
3.800801096076611429e-06
3.845195806206902489e-06
3.887998900609090924e-06
3.933405423595104367e-06
3.976197149313520640e-06
4.019602783955633640e-06
4.064406766701722518e-06
4.108801476832013577e-06
4.149399046582402661e-06
4.193202585156541318e-06
4.239598183630732819e-06
4.281002929928945377e-06
4.321805135987233371e-06
3.615195964812301099e-06
3.658999503386439756e-06
3.703996753756655380e-06
3.748800736502744257e-06
3.792206371144857258e-06
3.836998985207173973e-06
3.879199539369437844e-06
3.925003966287476942e-06
3.968000328313792124e-06
4.010598786408081651e-06
4.055402769154170528e-06
4.099797479284461588e-06
4.140997589274775237e-06
4.184198587608989328e-06
4.230400918459054083e-06
4.273397280485369265e-06
4.314006218919530511e-06
3.607397047744598240e-06
3.647596713562961668e-06
3.688603555929148570e-06
3.733805442607263103e-06
3.776403900701552629e-06
3.821799055003793910e-06
3.863601705234032124e-06
3.909599399776197970e-06
3.952595761802513152e-06
3.995398856204701588e-06
4.039804935018764809e-06
4.084199645149055868e-06
4.126604835619218647e-06
4.168805389781482518e-06
4.214200544083723798e-06
4.258606622897787020e-06
4.299204192648176104e-06
4.341995918366592377e-06
3.636205292423255742e-06
3.679997462313622236e-06
3.725199348991736770e-06
3.769400791497901082e-06
3.813397597696166486e-06
3.857405772578204051e-06
3.900004230672493577e-06
3.945399384974734858e-06
3.988407115684822202e-06
4.031198841403238475e-06
4.075604920217301697e-06
4.120204266655491665e-06
4.161597644269932061e-06
4.204400738672120497e-06
4.250205165590159595e-06
4.293804067856399342e-06
4.334197001298889518e-06
3.627803835115628317e-06
3.667798864626092836e-06
3.708805706992279738e-06
3.753802957362495363e-06
3.796401415456784889e-06
3.842001206066925079e-06
3.883803856297163293e-06
3.929801550839329138e-06
3.972604645241517574e-06
4.015396370959933847e-06
4.059597813466098160e-06
4.104003892280161381e-06
4.147000254306476563e-06
4.188802904536714777e-06
4.234004791214829311e-06
4.278604137653019279e-06
4.319201707403408363e-06
3.612797172536375001e-06
3.652598934422712773e-06
3.693605776788899675e-06
3.738398390851216391e-06
3.781201485253404826e-06
3.826801275863545015e-06
3.868206022161757573e-06
3.914396984328050166e-06
3.957200078730238602e-06
4.000003173132427037e-06
4.044204615638591349e-06
4.088406058144755661e-06
4.131800324103096500e-06
4.173398338025435805e-06
4.218202320771524683e-06
4.263199571141740307e-06
4.303797140892129391e-06
3.597403974708868191e-06
3.637205736595205963e-06
3.677996573969721794e-06
3.722800556715810671e-06
3.765603651117999107e-06
3.811396709352266043e-06
3.852801455650478601e-06
3.899003786500543356e-06
3.941806880902731791e-06
3.984803242929046974e-06
4.028800049127312377e-06
4.073206127941375598e-06
4.116805030207615346e-06
4.158403044129954651e-06
4.202797754260245711e-06
4.248204277246259153e-06
4.288801846996648237e-06
4.331207037466811016e-06
3.625405042839702219e-06
3.669197212730068713e-06
3.714399099408183247e-06
3.758600541914347559e-06
3.802404080488486215e-06
3.846798790618777275e-06
3.888999344781041145e-06
3.934803771699080244e-06
3.977606866101268679e-06
4.020398591819684952e-06
4.064804670633748174e-06
4.109006113139912486e-06
4.151002030994277447e-06
4.193805125396465883e-06
4.239200279698707163e-06
4.283003818272845820e-06
4.323601388023234904e-06
3.617003585532074794e-06
3.660602487798314542e-06
3.705804374476429075e-06
3.751006261154543608e-06
3.793604719248833135e-06
3.839204509858973324e-06
3.880404619849286973e-06
3.926800218323478475e-06
3.969603312725666910e-06
4.012406407127855346e-06
4.056403213326120749e-06
4.100797923456411809e-06
4.144203558098524809e-06
4.185801572020864114e-06
4.230400918459054083e-06
4.275602805137168616e-06
4.316007107263430953e-06
3.609602572396397591e-06
3.649404334282735363e-06
3.690399807965150103e-06
3.734999154403340071e-06
3.777802248805528507e-06
3.823799943347694352e-06
3.865000053338008001e-06
3.911202384188072756e-06
3.953800842282362282e-06
3.996797204308677465e-06
4.040600742882816121e-06
