0.000000000000000000e+00
-3.939937982977426145e-04
-7.555639967904426157e-04
-1.087766599994210992e-03
-1.392935200783540495e-03
-1.673399799528851872e-03
-1.930737391830916749e-03
-2.166524791391566396e-03
-2.382337993367400486e-03
-2.580499392479396192e-03
-2.761826192454464035e-03
-2.927883997472235933e-03
-3.079485395574010909e-03
-3.218192398435348878e-03
-3.344811796068825061e-03
-3.460148593603662448e-03
-3.565755594081565505e-03
-3.661681000721728196e-03
-3.749471193259523716e-03
-3.829169793334585847e-03
-3.901569596109766280e-03
-3.967459997511468828e-03
-4.026879400953475852e-03
-4.080614598933607340e-03
-4.129449996526091127e-03
-4.173416596131573897e-03
-4.213294198507355759e-03
-4.249110793352883775e-03
-4.280894597741280450e-03
-4.309422399728646269e-03
-4.334719596954528242e-03
-4.356809995442745276e-03
-4.376467393285565777e-03
-4.393712197270360775e-03
-4.409313396536163054e-03
-4.422537995196762495e-03
-4.434154800492251525e-03
-4.443431396339292405e-03
-4.451885399703314761e-03
-4.458780392724293051e-03
-4.464130392989318352e-03
-4.467953999665041920e-03
-4.471013198781292886e-03
-4.473320996112306602e-03
-4.474888396543974523e-03
-4.474977595236850902e-03
-4.474350191685516620e-03
-4.473019998840754852e-03
-4.471745796763570979e-03
-4.469785392302583205e-03
-4.467149199172126828e-03
-4.463846994440245908e-03
-4.459889191821275745e-03
-4.456035401290137088e-03
-4.451542395145224873e-03
-4.447168191745731747e-03
-4.442169995400035987e-03
-4.437305994997586822e-03
-4.431832792306522606e-03
-4.426508996857592138e-03
-4.420588800257974071e-03
-4.414832199017837411e-03
-4.408495397001388483e-03
-4.402335991926520364e-03
-4.396359395286708605e-03
-4.389820401229371782e-03
-4.383477198643959127e-03
-4.377335199023946188e-03
-4.370648798612819519e-03
-4.364174799320608145e-03
-4.357167995294730645e-03
-4.350386598162003793e-03
-4.343835792042227695e-03
-4.336768597568152472e-03
-4.329942191816371633e-03
-4.323361395108804572e-03
-4.317028799505351344e-03
-4.310199392421054654e-03
-4.303629395963071147e-03
-4.297323994251200929e-03
-4.290536401185818249e-03
-4.284022793399344664e-03
-4.277037794508942170e-03
-4.270337399248091970e-03
-4.263923597136454191e-03
-4.257051591594063211e-03
-4.250477593359391904e-03
-4.244204797032580245e-03
-4.237486393776634941e-03
-4.231078196426096838e-03
-4.224983399581105914e-03
-4.218456399485148722e-03
-4.212251997159910388e-03
-4.206372398130042711e-03
-4.200070600290928269e-03
-4.194104394628084265e-03
-4.187725994597712997e-03
-4.181689598681259668e-03
-4.175998196842556354e-03
-4.169903195361257531e-03
-4.164160998243460199e-03
-4.158024592015863163e-03
-4.152248800437519094e-03
-4.146835999563336372e-03
-4.141038994021073449e-03
-4.135613198741339147e-03
-4.129810201902728295e-03
-4.124384997794550145e-03
-4.118590595680871047e-03
-4.113180193598964252e-03
-4.108156394977413584e-03
-4.102773198155773571e-03
-4.097785199519421440e-03
-4.092443600711703766e-03
-4.087501793037517928e-03
-4.082212592493306147e-03
-4.077328992480033776e-03
-4.072104400165699190e-03
-4.067293400566995842e-03
-4.062148991579306312e-03
-4.057423598169407342e-03
-4.052369797591381939e-03
-4.047741401791427052e-03
-4.042789998948137509e-03
-4.038268400563538307e-03
-4.033429991068260279e-03
-4.029028400509560015e-03
-4.024315001061040675e-03
-4.019296795831905911e-03
-4.014727994672284694e-03
-4.009858992048975779e-03
-4.005442201560072135e-03
-4.000729597919416847e-03
-3.996474401901650708e-03
-3.991927792412752751e-03
-3.987843592767603695e-03
-3.983472993240866344e-03
-3.979568793965881923e-03
-3.975382196585997008e-03
-3.970917794049455551e-03
-3.966929000398522476e-03
-3.962665994095004862e-03
-3.958882598453783430e-03
-3.954829992380837211e-03
-3.950512393657845678e-03
-3.946684796574118081e-03
-3.942598596040625125e-03
-3.939004398034740007e-03
-3.935152801659569377e-03
-3.931047797323117265e-03
-3.927442594431340694e-03
-3.923588394627586240e-03
-3.920237190868647303e-03
-3.916639593626314308e-03
-3.912799400040967157e-03
-3.909470399321435252e-03
-3.905902792666893220e-03
-3.902099399510916555e-03
-3.898813395153410966e-03
-3.895295196798542747e-03
-3.891546793965972029e-03
-3.888321191425347934e-03
-3.884871398440736812e-03
-3.881200791511218995e-03
-3.878060601891775150e-03
-3.874700598771596560e-03
-3.871124192755814875e-03
-3.868083797442523064e-03
-3.864829398025904084e-03
-3.861364393742405809e-03
-3.858440993553813314e-03
-3.855309194022993324e-03
-3.851971996482461691e-03
-3.849181996429251740e-03
-3.846188792522298172e-03
-3.842996000003040535e-03
-3.840355395823280560e-03
-3.837516601379320491e-03
-3.834482595266308635e-03
-3.831258391073788516e-03
-3.828597994015581207e-03
-3.825747796781797661e-03
-3.822709800260781776e-03
-3.820236395313258981e-03
-3.817577191966847749e-03
-3.814734395746199880e-03
-3.811710394074907526e-03
-3.809258600995235611e-03
-3.806628001257195137e-03
-3.803821391556994058e-03
-3.800841398060583742e-03
-3.798439593083458021e-03
-3.795865393385611242e-03
-3.793121595663251355e-03
-3.790959999605547637e-03
-3.788629794598818989e-03
-3.786135198424744885e-03
-3.783478996410849504e-03
-3.781411191994266119e-03
-3.779180394758441253e-03
-3.776789401399582857e-03
-3.774240599341283087e-03
-3.771536796648433665e-03
-3.769429599742579740e-03
-3.767168198010040214e-03
-3.764754194435226964e-03
-3.762190397083031712e-03
-3.760229196814179886e-03
-3.758118600671878085e-03
-3.755860393539478537e-03
-3.753457394850556739e-03
-3.751662393369770143e-03
-3.749722793600085424e-03
-3.747642597318190383e-03
-3.745423794043745147e-03
-3.743066793049365515e-03
-3.741323394024220761e-03
-3.739441001471277559e-03
-3.737421991445444291e-03
-3.735269001481356099e-03
-3.732984396265237592e-03
-3.731319395683385665e-03
-3.729522597950563068e-03
-3.727595401414873777e-03
-3.725540398136217846e-03
-3.723359600371622946e-03
-3.721804193901334656e-03
-3.720122595041175373e-03
-3.718316395406873198e-03
-3.716387391250464134e-03
-3.714340198257559678e-03
-3.712176396675204160e-03
-3.710645398768974701e-03
-3.708995598117326153e-03
-3.707227995164430467e-03
-3.705344590798631543e-03
-3.703347397276957054e-03
-3.701986997839412652e-03
-3.700511990700761089e-03
-3.698924001582781784e-03
-3.697224599363835296e-03
-3.695416000937257195e-03
-3.693500195822707610e-03
-3.692227801366243511e-03
-3.690846995141328080e-03
-3.689358800329500809e-03
-3.687765195081738057e-03
-3.686069999275787268e-03
-3.684275191062624799e-03
-3.682380395275686169e-03
-3.681136195154977031e-03
-3.679790995647636009e-03
-3.678345797197835054e-03
-3.676802191421302268e-03
-3.675161792671133298e-03
-3.673425999295432121e-03
-3.672347395422548288e-03
-3.671172396479960298e-03
-3.669901593639224302e-03
-3.668536794521060074e-03
-3.667079590741195716e-03
-3.665531596652726876e-03
-3.663894199235073756e-03
-3.662168194296100410e-03
-3.661107200514379656e-03
-3.659958599655510625e-03
-3.658721595911629265e-03
-3.657397598999523325e-03
-3.655988393802545033e-03
-3.654494992133550113e-03
-3.652918996976950439e-03
-3.652010991572751664e-03
-3.651018391792604234e-03
-3.649942198080680100e-03
-3.648783592780091567e-03
-3.647544201612618053e-03
-3.646225593456620118e-03
-3.644828791493637254e-03
-3.643355398708081339e-03
-3.642555395799718099e-03
-3.641676801180437906e-03
-3.640721990905149141e-03
-3.639692397428007098e-03
-3.638587190835096408e-03
-3.637407598944264464e-03
-3.636155395270179724e-03
-3.634831398358073784e-03
-3.633437199823674746e-03
-3.632722598467807984e-03
-3.631935396697372198e-03
-3.631075992416299414e-03
-3.630145590705069480e-03
-3.629145601280470146e-03
-3.628076797212997917e-03
-3.626940792855748441e-03
-3.625738997925509466e-03
-3.624471798957529245e-03
-3.623140992203843780e-03
-3.622498400090989890e-03
-3.621791393015882932e-03
-3.621018197463854449e-03
-3.620180393681948772e-03
-3.619278800215397496e-03
-3.618314394771005027e-03
-3.617288598434242886e-03
-3.616201991007983452e-03
-3.615056391481630271e-03
-3.613852391026739497e-03
-3.612590796819858951e-03
-3.612021998833370162e-03
-3.611392992297624005e-03
-3.610704391121544177e-03
-3.609955990668822778e-03
-3.609149791827803710e-03
-3.608286601775034796e-03
-3.607369592373288469e-03
-3.606399798172787996e-03
-3.605376195991993882e-03
-3.604299593007453950e-03
-3.603170796395716025e-03
-3.602740196129161632e-03
-3.602254594170517521e-03
-3.601714195156091591e-03
-3.601119999530055793e-03
-3.600472791731590405e-03
-3.599773799578542821e-03
-3.599023591505101649e-03
-3.598223190692806384e-03
-3.597373790853453102e-03
-3.596476199163589627e-03
-3.595530995426088339e-03
-3.594539396090112859e-03
-3.593503390675323317e-03
-3.593174994875880657e-03
-3.592797395413072081e-03
-3.592370592286897590e-03
-3.591895597310212906e-03
-3.591373194922198309e-03
-3.590802793951297645e-03
-3.590186793189786840e-03
-3.589525795177905820e-03
-3.588820595723518636e-03
-3.588071990634489339e-03
-3.587280593819741625e-03
-3.586447394354763674e-03
-3.585572994779795408e-03
-3.584657997635076754e-03
-3.583703596632403787e-03
-3.583458794764737831e-03
-3.583172997423389461e-03
-3.582845999972050777e-03
-3.582476392693934031e-03
-3.582065198770578718e-03
-3.581612998004857218e-03
-3.581120392937009456e-03
-3.580588395379891153e-03
-3.580017391868750565e-03
-3.579408200948819285e-03
-3.578761197786661796e-03
-3.578077394195133820e-03
-3.577357392714475282e-03
-3.576601591248618206e-03
-3.575811001610418316e-03
-3.574985794330132194e-03
-3.574127197225607233e-03
-3.573235198928159662e-03
-3.573061394490650855e-03
-3.572852995148423361e-03
-3.572607590740517480e-03
-3.572325795175856911e-03
-3.572008392893621931e-03
-3.571655997802736238e-03
-3.571268996438448085e-03
-3.570848195977305295e-03
-3.570394198959547793e-03
-3.569907198652799707e-03
-3.569388400137540884e-03
-3.568837598777463427e-03
-3.568255999653047184e-03
-3.567643796031916281e-03
-3.567001601822994417e-03
-3.566330201465461869e-03
-3.565629594959318638e-03
-3.564902795005764347e-03
-3.564149994872423122e-03
-3.563370000847498886e-03
-3.563311793186585419e-03
-3.563222196589777013e-03
-3.563101392956014024e-03
-3.562949598290288122e-03
-3.562767392395471688e-03
-3.562555400549172191e-03
-3.562313997917954111e-03
-3.562043798410741147e-03
-3.561744995295157423e-03
-3.561418395747750765e-03
-3.561064193036145298e-03
-3.560683194336888846e-03
-3.560275592917605536e-03
-3.559842195954843191e-03
-3.559384992968261940e-03
-3.558904597866785480e-03
-3.558399600933626061e-03
-3.557870195436407812e-03
-3.557316995284054428e-03
-3.556740193744190037e-03
-3.556140597993362462e-03
-3.555518401299195830e-03
-3.554873796929314267e-03
-3.554207592060265597e-03
-3.553519991328357719e-03
-3.553560395630483981e-03
-3.553575197656755336e-03
-3.553564397407171782e-03
-3.553528392785665346e-03
-3.553467399797227699e-03
-3.553381998244731221e-03
-3.553274598289135611e-03
-3.553145393198064994e-03
-3.552992791355791269e-03
-3.552817395302554360e-03
-3.552619398305978393e-03
-3.552399198269995395e-03
-3.552157193098537391e-03
-3.551893996700528078e-03
-3.551609597707283683e-03
-3.551304394022736233e-03
-3.550978999555809423e-03
-3.550633596205443610e-03
-3.550268797880562488e-03
-3.549884593212482287e-03
-3.549481391473818803e-03
-3.549059601937187836e-03
-3.548619599769153865e-03
-3.548163795130676590e-03
-3.547692199390439782e-03
-3.547203198195347795e-03
-3.546697394085640553e-03
-3.546174593793693930e-03
-3.545635593127371976e-03
-3.545080596722982591e-03
-3.544509797848149901e-03
-3.543923401139181806e-03
-3.543321997767634457e-03
-3.543454397458845051e-03
-3.543567595443164464e-03
-3.543660591276420746e-03
-3.543734192135161720e-03
-3.543788591287011513e-03
-3.543075195011624601e-03
-3.543097000147099607e-03
-3.543102798175823409e-03
-3.543092793734103907e-03
-3.543064792665973073e-03
-3.543019397511670832e-03
-3.542956801538821310e-03
-3.542877198015048634e-03
-3.542780996212968603e-03
-3.542668400768889114e-03
-3.542539593581750523e-03
-3.542394995292852400e-03
-3.542234992437442997e-03
-3.542059391747898189e-03
-3.541869000400765799e-03
-3.541663795658678282e-03
-3.541443800259003183e-03
-3.541209798640920781e-03
-3.540961597536806948e-03
-3.540701595738937613e-03
-3.540429997883620672e-03
-3.540145200986444252e-03
-3.539847193678724580e-03
-3.539536396601761226e-03
-3.539212991654494544e-03
-3.538877194841916207e-03
-3.538529199431650341e-03
-3.538169198691321071e-03
-3.537797397257236298e-03
-3.537414193033328047e-03
-3.537019597388280090e-03
-3.536613996857340680e-03
-3.536197391440509818e-03
-3.535770201779087074e-03
-3.535332393767021131e-03
-3.534884399414295331e-03
-3.534428401508193929e-03
-3.533964400048716925e-03
-3.533490598783828318e-03
-3.533756398610421456e-03
-3.534007794314675266e-03
-3.533495601004688069e-03
-3.533722792781190947e-03
-3.533936194344278192e-03
-3.533386995968612609e-03
-3.533577398684428772e-03
-3.533754795626009582e-03
-3.533918800258106785e-03
-3.533320591486699414e-03
-3.533463200255937409e-03
-3.533593394422496203e-03
-3.533710992087435443e-03
-3.533816197887063026e-03
-3.533161998348077759e-03
-3.533251401677262038e-03
-3.533329595484246965e-03
-3.533395999966160161e-03
-3.533450797021941980e-03
-3.533493998020276194e-03
-3.533526000865094829e-03
-3.533546794187714113e-03
-3.533556798629433615e-03
-3.533555991452885792e-03
-3.533544793299370212e-03
-3.533523192800203105e-03
-3.533491201324068243e-03
-3.533449398673838004e-03
-3.533397591581888264e-03
-3.533335996053210692e-03
-3.533264998623053543e-03
-3.533184599291416816e-03
-3.533096798946644412e-03
-3.533001790856360458e-03
-3.532897994773520622e-03
-3.532785399329441134e-03
-3.532663993155438220e-03
-3.532534196892811451e-03
-3.532395999172877055e-03
-3.532249797899567056e-03
-3.532095195168949431e-03
-3.531932998157572001e-03
-3.531762592956511071e-03
-3.531584991378622362e-03
-3.531399590883665951e-03
-3.531206800744257635e-03
-3.531006996126961894e-03
-3.530799801865214249e-03
-3.530585797761887079e-03
-3.530366791437700158e-03
-3.530143192165269284e-03
-3.529912601152318530e-03
-3.529675791469344404e-03
-3.529432592586090323e-03
-3.529182993133872515e-03
-3.528927197748998879e-03
-3.528665592966717668e-03
-3.528397792251780629e-03
-3.528124193508119788e-03
-3.527845001372043043e-03
-3.527560193106182851e-03
-3.527269996084214654e-03
-3.526974398937454680e-03
-3.526673401665902929e-03
-3.526367390804807656e-03
-3.526056195823912276e-03
-3.525741999510501046e-03
-3.525425199768505991e-03
-3.525103397805651184e-03
-3.524776798258244526e-03
-3.524445799030218041e-03
-3.524110195485263830e-03
-3.523770192259689793e-03
-3.524174792346457252e-03
-3.523821601447707508e-03
-3.523463396959414240e-03
-3.523850193687394494e-03
-3.523479392697481671e-03
-3.523853001752286218e-03
-3.523469001720513916e-03
-3.523829798268707236e-03
-3.523433201735315379e-03
-3.523781401781889144e-03
-3.523374800806777785e-03
-3.523714997299975948e-03
-3.524047201608482283e-03
-3.523622001466719666e-03
-3.523941995808854699e-03
-3.523505392877268605e-03
-3.523814393702195957e-03
-3.523367001889710082e-03
-3.523665191096370108e-03
-3.523955990658578230e-03
-3.523490192947065225e-03
-3.523770192259689793e-03
-3.524043199831794482e-03
-3.523559792029118398e-03
-3.523822601891879458e-03
-3.523329598920099670e-03
-3.523583200149005279e-03
-3.523831992424675263e-03
-3.523326790855207946e-03
-3.523568398122733925e-03
-3.523803400184988277e-03
-3.523282600781385554e-03
-3.523508598846092355e-03
-3.523728594245767454e-03
-3.523941995808854699e-03
-3.523399595906084869e-03
-3.523604596011864487e-03
-3.523803798088920303e-03
-3.523247596604051068e-03
-3.523438999764039181e-03
-3.523624593526619719e-03
-3.523804195992852328e-03
-3.523228997437399812e-03
-3.523401198890496744e-03
-3.523568398122733925e-03
-3.523731595578283304e-03
-3.523890995893452782e-03
-3.523295799823245034e-03
-3.523448594933142886e-03
-3.523596592458488885e-03
-3.523738996591418982e-03
-3.523876000599557301e-03
-3.523258794757566648e-03
-3.523390000736981165e-03
-3.523516397763160057e-03
-3.523637997204787098e-03
-3.523754196521622362e-03
-3.523865393617597874e-03
-3.523222801504743984e-03
-3.523328996379859746e-03
-3.523431200846971478e-03
-3.523528391724539688e-03
-3.523623001910891617e-03
-3.523714997299975948e-03
-3.523802195104508428e-03
-3.523136001604143530e-03
-3.523219197631988209e-03
-3.523298596519452985e-03
-3.523373391089990037e-03
-3.523443990616215160e-03
-3.523510395098128356e-03
-3.523572593167045852e-03
-3.523630800827959320e-03
-3.523684790707193315e-03
-3.523734596910799155e-03
-3.523780594605341321e-03
-3.523073792166542262e-03
-3.523116799897252349e-03
-3.523156794926762814e-03
-3.523195198340545176e-03
-3.523231600865983637e-03
-3.523264592786290450e-03
-3.523293798934901133e-03
-3.523319401210756041e-03
-3.523341797517787199e-03
-3.523360396684438456e-03
-3.523375596614641836e-03
-3.523387795212329365e-03
-3.523396401305944892e-03
-3.523401801430736668e-03
-3.523403995586704696e-03
-3.523403199778840644e-03
-3.523399198002152843e-03
-3.523392001625325065e-03
-3.523381997183605563e-03
-3.523368991409370210e-03
-3.523354996559646679e-03
-3.523340194533375325e-03
-3.523322595810896019e-03
-3.523302200392208761e-03
-3.523278996908629779e-03
-3.523252996728842845e-03
-3.523224597756779986e-03
-3.523193390719825402e-03
-3.523159591622970765e-03
-3.523123393733840203e-03
-3.523084592416125815e-03
-3.523043392306135502e-03
-3.522999793403869262e-03
-3.522953795709327096e-03
-3.522905399222509004e-03
-3.522854797211039113e-03
-3.522801796407293295e-03
-3.522746794715203578e-03
-3.522691599755489733e-03
-3.522636200159467990e-03
-3.522578595038794447e-03
-3.522518795762152877e-03
-3.522457200233475305e-03
-3.522393399180145934e-03
-3.522327597238472663e-03
-3.522259999044763390e-03
-3.522190399962710217e-03
-3.522118993259937270e-03
-3.522045801673812093e-03
-3.521970597830659244e-03
-3.521893791003094520e-03
-3.521815199292177567e-03
-3.521734799960540840e-03
-3.521652797644492239e-03
-3.521568999076407636e-03
-3.521485791679879185e-03
-3.521402800288342405e-03
-3.521318399180017877e-03
-3.521232201819657348e-03
-3.521144401474884944e-03
-3.521055396049632691e-03
-3.520964799008652335e-03
-3.520872598983260104e-03
-3.520779193877388025e-03
-3.520684401792095741e-03
-3.520588199990015710e-03
-3.520490599839831702e-03
-3.520391794609167846e-03
-3.520291591030400014e-03
-3.520190193739836104e-03
-3.520087591368792346e-03
-3.519983795285952510e-03
-3.519880795010976726e-03
-3.519778601912548766e-03
-3.519675192364957184e-03
-3.519570793741877424e-03
-3.519465201407001587e-03
-3.519358392622962128e-03
-3.519250594763434492e-03
-3.519142001096042804e-03
-3.519032190979487495e-03
-3.518921198519819882e-03
-3.518809592151228571e-03
