0.000000000000000000e+00
-2.299884727108292282e-10
-4.570210876408964396e-10
-6.859863788122311234e-10
-9.150085134024266154e-10
-1.146020167652750388e-09
-1.377031821903074160e-09
-1.609009814274031669e-09
-1.842010988184483722e-09
-2.075012162094935775e-09
-2.308979674126021564e-09
-2.544027211115462705e-09
-2.779017904686043039e-09
-3.014008598256623372e-09
-3.250022473366698250e-09
-3.485979505057912320e-09
-3.721993380167987198e-09
-3.959030436817556620e-09
-4.196010650048265234e-09
-4.432990863278973848e-09
-4.670027919928543270e-09
-4.907008133159251884e-09
-5.143988346389960498e-09
-5.381025403039529920e-09
-5.619028797809733078e-09
-5.857032192579936236e-09
-6.092989224271150306e-09
-6.330026280920719728e-09
-6.567006494151428342e-09
-6.805009888921631500e-09
-7.041990102152340114e-09
-7.278003977262414992e-09
-7.514984190493123606e-09
-7.752021247142693028e-09
-7.988035122252767906e-09
-8.223025815823348239e-09
-8.461029210593551397e-09
-8.696986242284765467e-09
-8.933000117394840345e-09
-9.167990810965420678e-09
-9.402981504536001012e-09
-9.638029041525442153e-09
-9.873986073216656223e-09
-1.010602090900647454e-08
-1.034203478411654942e-08
-1.057497911460814066e-08
-1.081099298971821554e-08
-1.104399416362866759e-08
-1.127699533753911965e-08
-1.150903017332893796e-08
-1.174203134723939002e-08
-1.197599885927047580e-08
-1.220399781232117675e-08
-1.244302438863087445e-08
-1.267198967980220914e-08
-1.289998863285291009e-08
-1.313298980676336214e-08
-1.336502464255318046e-08
-1.359398993372451514e-08
-1.382500158797483891e-08
-1.405697958034579642e-08
-1.428503537681535818e-08
-1.451098796678707004e-08
-1.474802502343663946e-08
-1.497699031460797414e-08
-1.519401848781853914e-08
-1.542798599984962493e-08
-1.566797891427995637e-08
-1.588500708749052137e-08
-1.610499111848184839e-08
-1.634100499359192327e-08
-1.657502934904186986e-08
-1.678802163951331750e-08
-1.701198470982490107e-08
-1.723799414321547374e-08
-1.746798261592630297e-08
-1.771502411429537460e-08
-1.794398940546670929e-08
-1.816198391679790802e-08
-1.837798890846897848e-08
-1.859302756201941520e-08
-1.880698619061149657e-08
-1.902498070194269530e-08
-1.925701553773251362e-08
-1.948598082890384831e-08
-1.969198137885541655e-08
-1.990900955206598155e-08
-2.013598532357718796e-08
-2.036301793850725517e-08
-2.058999371001846157e-08
-2.081702632494852878e-08
-2.104400209645973518e-08
-2.127200104951043613e-08
-2.149903366444050334e-08
-2.172600943595170975e-08
-1.820103534555528313e-08
-1.844699681896599941e-08
-1.870301957751507871e-08
-1.893903345262515359e-08
-1.916799874379648827e-08
-1.938798277478781529e-08
-1.959699602593900636e-08
-1.983403308258857578e-08
-2.005799615290015936e-08
-2.026803258559084497e-08
-2.048500391538254917e-08
-2.071101334877312183e-08
-2.093503326250356622e-08
-2.115302777383476496e-08
-2.137102228516596369e-08
-2.158901679649716243e-08
-1.806103000490111299e-08
-1.827498863349319436e-08
-1.849502950790338218e-08
-1.872001575975446030e-08
-1.893999979074578732e-08
-1.916703240567585453e-08
-1.938502691700705327e-08
-1.960501094799838029e-08
-1.983403308258857578e-08
-2.005799615290015936e-08
-2.025899448199197650e-08
-2.048801661658217199e-08
-2.072403049169224687e-08
-2.093401008096407168e-08
-2.114200015057576820e-08
-2.136403054464608431e-08
-2.158998313461779617e-08
-1.806199634302174672e-08
-1.829999973779194988e-08
-1.854499487308203243e-08
-1.876799160527298227e-08
-1.899900325952330604e-08
-1.921102921187411994e-08
-1.944300720424507745e-08
-1.966100171557627618e-08
-1.987598352570785210e-08
-2.010301614063791931e-08
-2.033101509368862025e-08
-2.054002834483981133e-08
-2.075103111565113068e-08
-2.098300910802208818e-08
-2.121203124261228368e-08
-2.142002131222398020e-08
-2.162698820029618219e-08
-1.810099092836026102e-08
-1.832000862123095430e-08
-1.854698439274216071e-08
-1.877202748801209964e-08
-1.899002199934329838e-08
-1.921898729051463306e-08
-1.942800054166582413e-08
-1.966299123523640446e-08
-1.988001940844696946e-08
-2.009403488045791164e-08
-2.031600843110936694e-08
-2.054400738416006789e-08
-2.076501459669088945e-08
-2.096902562698232941e-08
-2.118503061865339987e-08
-2.141899813068448566e-08
-2.164301804441493005e-08
-1.811798711059964262e-08
-1.834098384279059246e-08
-1.856699327618116513e-08
-1.878498778751236387e-08
-1.900502866192255169e-08
-1.923098125189426355e-08
-1.944698624356533401e-08
-1.966299123523640446e-08
-1.989502607102622278e-08
-2.010898469961830415e-08
-2.032300017162924632e-08
-2.054798642348032445e-08
-2.077302951875026338e-08
-2.099397988786222413e-08
-2.120202680089278147e-08
-2.141700861102435738e-08
-2.164398438253556378e-08
-1.812003347367863171e-08
-1.834803242672933266e-08
-1.858398945842054673e-08
-1.880300715129124001e-08
-1.902799340314231813e-08
-1.924399839481338859e-08
-1.947501004906371236e-08
-1.968101059901528060e-08
-1.991298859138623811e-08
-2.013098310271743685e-08
-2.034403223660774529e-08
-2.056401626759907231e-08
-2.078797933791065589e-08
-2.100898655044147745e-08
-2.122999376297229901e-08
-2.144003019566298462e-08
-2.165501200579456054e-08
-1.812600203265901655e-08
-1.835400098570971750e-08
-1.858899167928029783e-08
-1.881898015199112706e-08
-1.903799784486182034e-08
-1.925701553773251362e-08
-1.948103545146295801e-08
-1.969999630091479048e-08
-1.991202225326560438e-08
-2.014502342717605643e-08
-2.035801571764750406e-08
-2.057100800811895169e-08
-2.079599425997002982e-08
-2.101603513438021764e-08
-2.123601916537154466e-08
-2.145702637790236622e-08
-2.166700596717419103e-08
-1.814299821489839815e-08
-1.837599938880885020e-08
-1.861002374425879680e-08
-1.883398681457038037e-08
-1.905300450744107366e-08
-1.927702442117151804e-08
-1.949098304976359941e-08
-1.972199470401392318e-08
-1.992799525396549143e-08
-2.015599420701619238e-08
-2.037603508142638020e-08
-2.058902737189782783e-08
-2.081003458442864940e-08
-2.102802909575984813e-08
-2.124801312675117515e-08
-2.146799715774250217e-08
-2.168502533095306717e-08
-1.815999439713777974e-08
-1.839498509070836008e-08
-1.863503484855755232e-08
-1.885302935988875106e-08
-1.907397972900071181e-08
-1.929799964273115620e-08
-1.951201511474209838e-08
-1.974001406779279932e-08
-1.995903176066349261e-08
-2.016702183027518913e-08
-2.040201252384576946e-08
-2.061398163277772255e-08
-2.082600758512853645e-08
-2.104798113577999175e-08
-2.126802201019017957e-08
-2.148698285964201204e-08
-2.170702373405219987e-08
-1.817801376091665588e-08
-1.839401875258772634e-08
-1.861502596511854790e-08
-1.883398681457038037e-08
-1.905698354676133022e-08
-1.927901394083164632e-08
-1.949598527062335052e-08
-1.971602614503353834e-08
-1.994698095586500131e-08
-2.015099198615644127e-08
-2.037700141954701394e-08
-2.060403403447708115e-08
-2.081600314340903424e-08
-2.103098495354061015e-08
-2.125102582795079798e-08
-2.146998667740263045e-08
-2.168900437027332373e-08
-1.816101757867727429e-08
-1.837503305068821646e-08
-1.859700660133967176e-08
-1.881801381387049332e-08
-1.903799784486182034e-08
-1.925900505739264190e-08
-1.948103545146295801e-08
-1.969499408005503938e-08
-1.992401621464523487e-08
-2.014002120631630532e-08
-2.034903445746749640e-08
-2.058698100881883875e-08
-2.080003014270914719e-08
-2.101103291352046654e-08
-2.123499598383205011e-08
-2.145003463738248684e-08
-2.166899548683431931e-08
-1.813998551369877532e-08
-1.835400098570971750e-08
-1.857500819824053906e-08
-1.879999445009161718e-08
-1.901400992210255936e-08
-1.923802983583300374e-08
-1.945898020494496450e-08
-1.966998297575628385e-08
-1.989900511034647934e-08
-2.012501454373705201e-08
-2.032402335316874087e-08
-2.055401182587957010e-08
-2.078201077893027104e-08
-2.099301354974159040e-08
-2.120702902175253257e-08
-2.143099209206411615e-08
-2.164500756407505833e-08
-1.811702077247900888e-08
-1.833001306295045651e-08
-1.855102027548127808e-08
-1.877600652733235620e-08
-1.898803247968317010e-08
-1.921398506965488195e-08
-1.943499228218570352e-08
-1.964798457265715115e-08
-1.987098130484810099e-08
-2.010000343943829648e-08
-2.030498080785037018e-08
-2.051802994174067862e-08
-2.075501015497138724e-08
-2.096902562698232941e-08
-2.117701569659402594e-08
-2.140200194844510406e-08
-2.161698375857667997e-08
-1.809303284971974790e-08
-1.833001306295045651e-08
-1.856898279584129341e-08
-1.879101318991160952e-08
-1.900900770124280825e-08
-1.923098125189426355e-08
-1.945301164596457966e-08
-1.966998297575628385e-08
-1.988701114896684885e-08
-2.011603328355704434e-08
-2.032697921094950289e-08
-2.053201342278043739e-08
-2.076598093481152318e-08
-2.098698814734234475e-08
-2.119503506037290208e-08
-2.141501909136422910e-08
-2.163500312235555612e-08
-1.810599314922001213e-08
-1.834303020586958155e-08
-1.858597897808067501e-08
-1.880601985249086283e-08
-1.902702706502168439e-08
-1.924598791447351687e-08
-1.947000782820396125e-08
-1.968601281987503171e-08
-1.990298414966673590e-08
-2.013200628425693139e-08
-2.034499857472837903e-08
-2.055003278655931354e-08
-2.078098759739077650e-08
-2.100603069266071543e-08
-2.121299758073291741e-08
-2.142900257240398787e-08
-2.165501200579456054e-08
-1.812600203265901655e-08
-1.836400542742921971e-08
-1.861002374425879680e-08
-1.882898459371062927e-08
-1.905101498778094538e-08
-1.926798631757264957e-08
-1.949302941284258850e-08
-1.970903440451365896e-08
-1.992401621464523487e-08
-2.015298150581656955e-08
-2.037000967902713455e-08
-2.057299752777907997e-08
-2.080201966236927547e-08
-2.102899543388048187e-08
-2.123601916537154466e-08
-2.144599875464336947e-08
-2.167098500649444759e-08
-1.814299821489839815e-08
-1.838100160966860130e-08
-1.862701992649817839e-08
-1.885001665868912823e-08
-1.907397972900071181e-08
-1.928702886289102025e-08
-1.951400463440222666e-08
-1.973000962607329711e-08
-1.994402509808423929e-08
-2.017299038925557397e-08
-2.039399760178639553e-08
-2.059402959275757894e-08
-2.081799266306916252e-08
-2.105099383697961457e-08
-2.125801756847067736e-08
-2.146299493688275106e-08
-2.168798118873382919e-08
-1.815999439713777974e-08
-1.839799779190798290e-08
-1.864401610873755999e-08
-1.887002554212813266e-08
-1.909501179397921078e-08
-1.930601456479053013e-08
-1.953401351784123108e-08
-1.974899532797280699e-08
-1.996102128032362089e-08
-2.018998657149495557e-08
-2.041400648522539996e-08
-2.061199211311759427e-08
-2.083402250718791038e-08
-2.106901320075849071e-08
-2.127700327037018724e-08
-2.148101430066162720e-08
-2.170401103285257705e-08
-1.817602424125652760e-08
-1.839703145378734916e-08
-1.862400722529855557e-08
-1.884302491816924885e-08
-1.907102387121994980e-08
-1.927799075929215178e-08
-1.950797923200298101e-08
-1.972301788555341773e-08
-1.993498699448537081e-08
-2.016298594753607176e-08
-2.038700586126651615e-08
-2.058902737189782783e-08
-2.080702188322902657e-08
-2.104201257679960690e-08
-2.125301534761092626e-08
-2.145702637790236622e-08
-2.167701040889369324e-08
-1.814902361729764380e-08
-1.836900764828897081e-08
-1.859700660133967176e-08
-1.881602429421036504e-08
-1.904300006572157145e-08
-1.925201331687276252e-08
-1.948103545146295801e-08
-1.969601726159453392e-08
-1.990798637052648701e-08
-2.013598532357718796e-08
-2.035898205576813780e-08
-2.056299308605957776e-08
-2.077803173961001448e-08
-2.101302243318059482e-08
-2.122601472365204245e-08
-2.142900257240398787e-08
-2.164898660339531489e-08
-1.812099981179926544e-08
-1.834200702433008701e-08
-1.856898279584129341e-08
-1.878902367025148124e-08
-1.901503310364205390e-08
-1.922501269291387871e-08
-1.945301164596457966e-08
-1.966799345609615557e-08
-1.988200892810709774e-08
-2.010801836149767041e-08
-2.033101509368862025e-08
-2.053599246210069396e-08
-2.075103111565113068e-08
-2.098499862768221647e-08
-2.119901409969315864e-08
-2.140200194844510406e-08
-2.162101964131579734e-08
-1.809303284971974790e-08
-1.831301688071107492e-08
-1.853999265222228132e-08
-1.876003352663246915e-08
-1.898501977848354727e-08
-1.919698888741550036e-08
-1.942498784046620131e-08
-1.963900331247714348e-08
-1.985398512260871939e-08
-2.007800503633916378e-08
-2.030100176853011362e-08
-2.050802550002117641e-08
-2.072101779049262404e-08
-2.095401896440307610e-08
-2.117099029419478029e-08
-2.137403498636558652e-08
-2.159100631615729071e-08
-1.806199634302174672e-08
-1.828198037401307374e-08
-1.850901298894314095e-08
-1.873002020147396252e-08
-1.895199375212541781e-08
-1.916799874379648827e-08
-1.939201865752693266e-08
-1.961097950697876513e-08
-1.982601816052920185e-08
-2.004600219152052887e-08
-2.027002210525097325e-08
-2.048398073384305462e-08
-2.069202764687361196e-08
-2.092002659992431290e-08
-2.114398967023589648e-08
-2.134703436240670271e-08
-2.155900347133865580e-08
-1.803101667974260636e-08
-1.825003437261329964e-08
-1.847701014412450604e-08
-1.869801735665532760e-08
-1.891902456918614917e-08
-1.913798541863798164e-08
-1.935802629304816946e-08
-1.957999984369962476e-08
-1.979498165383120067e-08
-2.001502252824138850e-08
-2.023801926043233834e-08
-2.045601377176353708e-08
-2.066099114017561078e-08
-2.088700057356618345e-08
-2.111499952661688440e-08
-2.131798737536882982e-08
-2.152700062652002089e-08
-1.799901383492397144e-08
-1.821803152779466473e-08
-1.844398411776637658e-08
-1.866698084995732643e-08
-1.888599854282801971e-08
-1.910700575535884127e-08
-1.932301074702991173e-08
-1.954799699888098985e-08
-1.976297880901256576e-08
-1.998103016376262531e-08
-2.020499323407420889e-08
-2.042600044660503045e-08
-2.062898829535697587e-08
-2.085198502754792571e-08
-2.108401986333774403e-08
-2.128803089362918399e-08
-2.149403144358075224e-08
-2.171799451389233582e-08
-1.818898454075679183e-08
-1.840902541516697966e-08
-1.863600118667818606e-08
-1.885501887954887934e-08
-1.908102831293945201e-08
-1.929203108375077136e-08
-1.952099637492210604e-08
-1.973501184693304822e-08
-1.994999365706462413e-08
-2.017299038925557397e-08
-2.039502078332589008e-08
-2.060403403447708115e-08
-2.081702632494852878e-08
-2.104798113577999175e-08
-2.126603249053005129e-08
-2.146902033928199671e-08
-2.168297896787407808e-08
-1.815499217627802864e-08
-1.837400986914872192e-08
-1.860001930253929459e-08
-1.882199285319074988e-08
-1.904203372760093771e-08
-1.926099457705277018e-08
-1.948103545146295801e-08
-1.970198582057491876e-08
-1.991702447412535548e-08
-2.013598532357718796e-08
-2.035898205576813780e-08
-2.057799974863883108e-08
-2.078201077893027104e-08
-2.100500751112122089e-08
-2.123698550349217840e-08
-2.144003019566298462e-08
-2.164603074561455287e-08
-1.811798711059964262e-08
-1.833598162193084136e-08
-1.856199105532141402e-08
-1.878498778751236387e-08
-1.900400548038305715e-08
-1.922597903103451245e-08
-1.943999450304545462e-08
-1.966702711797552183e-08
-1.988098574656760320e-08
-2.009801391977816820e-08
-2.032203383350861259e-08
-2.054400738416006789e-08
-2.074699523291201331e-08
-2.096601292578270659e-08
-2.119799091815366410e-08
-2.140501464964472689e-08
-2.160902567993616685e-08
-1.807597982406150550e-08
-1.829499751693219878e-08
-1.851998376878327690e-08
-1.874400368251372129e-08
-1.896103185572428629e-08
-1.918499492603586987e-08
-1.939599769684718922e-08
-1.962501983143738471e-08
-1.984000164156896062e-08
-2.005299393204040825e-08
-2.027701384577085264e-08
-2.049898739642230794e-08
-2.070498794637387618e-08
-2.092099293804494664e-08
-2.115200459229527041e-08
-2.136698640242684633e-08
-2.157003109459765255e-08
-1.803698523872299120e-08
-1.823798356781480834e-08
-1.844301777964574285e-08
-1.866902721303631552e-08
-1.888201950350776315e-08
-1.910899527501896955e-08
-1.931800852617016062e-08
-1.954799699888098985e-08
-1.976297880901256576e-08
-1.997699428102350794e-08
-2.019902467509382404e-08
-2.042099822574527934e-08
-2.063302417809609324e-08
-2.084402694890741259e-08
-2.107100272041861899e-08
-2.129303311448893510e-08
-2.149602096324088052e-08
-2.170997959183296189e-08
-1.818102646211627871e-08
-1.839998731156811118e-08
-1.862599674495868385e-08
-1.884700395748950541e-08
-1.906698798848083243e-08
-1.928702886289102025e-08
-1.950002115336246789e-08
-1.972699692487367429e-08
-1.994203557842411101e-08
-2.015599420701619238e-08
-2.037802460108650848e-08
-2.060102133327745833e-08
-2.080798822134966031e-08
-2.102200369336060248e-08
-2.125102582795079798e-08
-2.146902033928199671e-08
-2.167098500649444759e-08
-1.813901917557814158e-08
-1.833899432313046418e-08
-1.854402853496139869e-08
-1.876901478681247681e-08
-1.898200707728392445e-08
-1.921000603033462539e-08
-1.941901928148581646e-08
-1.964900775419664569e-08
-1.986302322620758787e-08
-2.007698185479966924e-08
-2.029798906733049080e-08
-2.052001946140080690e-08
-2.073500127153238282e-08
-2.094401452268357389e-08
-2.117002395607414655e-08
-2.139302068826509640e-08
-2.159600853701704182e-08
-1.806398586268187501e-08
-1.826299467211356387e-08
-1.846802888394449838e-08
-1.869199195425608195e-08
-1.890600742626702413e-08
-1.913400637931772508e-08
-1.934103011080878787e-08
-1.957198492164025083e-08
-1.978600039365119301e-08
-2.000001586566213518e-08
-2.022102307819295675e-08
-2.044203029072377831e-08
-2.065900162051548250e-08
-2.086699169012717903e-08
-2.109101160385762341e-08
-2.131599785570870154e-08
-2.151898570446064696e-08
-1.798701987354434095e-08
-1.818602868297602981e-08
-1.838998286984860897e-08
-1.861400278357905336e-08
-1.882801825558999553e-08
-1.905698354676133022e-08
-1.926400727825239301e-08
-1.949501893250271678e-08
-1.970903440451365896e-08
-1.992401621464523487e-08
-2.014400024563656189e-08
-2.036603063970687799e-08
-2.058402515103807673e-08
-2.079201522064977325e-08
-2.101398877130122855e-08
-2.124102138623129576e-08
-2.144400923498324119e-08
-2.165603518733405508e-08
-1.812702521419851109e-08
-1.834598606365034357e-08
-1.857199549704091623e-08
-1.879300270957173780e-08
-1.901202040244243108e-08
-1.923399395309388638e-08
-1.944499672390520573e-08
-1.967401885849540122e-08
-1.988803433050634339e-08
-2.010199295909842476e-08
-2.032402335316874087e-08
-2.054503056569956243e-08
-2.075501015497138724e-08
-2.096902562698232941e-08
-2.119600139849353582e-08
-2.141501909136422910e-08
-2.161800694011617452e-08
-1.808501792766037397e-08
-1.830301243899157271e-08
-1.852902187238214538e-08
-1.875503130577271804e-08
-1.896802359624416567e-08
-1.919602254929486662e-08
-1.940202309924643487e-08
-1.963400109161739238e-08
-1.984801656362833455e-08
-2.006203203563927673e-08
-2.028201606663060375e-08
-2.050398961728205904e-08
-2.072101779049262404e-08
-2.092900786010432057e-08
-2.115200459229527041e-08
-2.137801402568584308e-08
-2.158003553631715477e-08
-1.804801286198198795e-08
-1.824702167141367681e-08
-1.845199903982575051e-08
-1.867499577201670036e-08
-1.888901124402764253e-08
-1.911899971673847176e-08
-1.932500026669004001e-08
-1.955601192094036378e-08
-1.976900421141181141e-08
-1.998398602154338732e-08
-2.020300371441408060e-08
-2.042503410848439671e-08
