0.000000000000000000e+00
1.969968991488713073e-06
3.777819983952213079e-06
5.438832999971054960e-06
6.964676003917702474e-06
8.366998997644259362e-06
9.653686959154583747e-06
1.083262395695783198e-05
1.191168996683700243e-05
1.290249696239698096e-05
1.380913096227232018e-05
1.463941998736117966e-05
1.539742697787005454e-05
1.609096199217674439e-05
1.672405898034412530e-05
1.730074296801831224e-05
1.782877797040782752e-05
1.830840500360864098e-05
1.874735596629761858e-05
1.914584896667292924e-05
1.950784798054883140e-05
1.983729998755734414e-05
2.013439700476737926e-05
2.040307299466803670e-05
2.064724998263045563e-05
2.086708298065786948e-05
2.106647099253677879e-05
2.124555396676441887e-05
2.140447298870640225e-05
2.154711199864323135e-05
2.167359798477264121e-05
2.178404997721372638e-05
2.188233696642782888e-05
2.196856098635180388e-05
2.204656698268081527e-05
2.211268997598381247e-05
2.217077400246125762e-05
2.221715698169646203e-05
2.225942699851657380e-05
2.229390196362146526e-05
2.232065196494659176e-05
2.233976999832520960e-05
2.235506599390646443e-05
2.236660498056153301e-05
2.237444198271987261e-05
2.237488797618425451e-05
2.237175095842758310e-05
2.236509999420377426e-05
2.235872898381785490e-05
2.234892696151291602e-05
2.233574599586063414e-05
2.231923497220122954e-05
2.229944595910637872e-05
2.228017700645068544e-05
2.225771197572612436e-05
2.223584095872865873e-05
2.221084997700017993e-05
2.218652997498793411e-05
2.215916396153261303e-05
2.213254498428796069e-05
2.210294400128987036e-05
2.207416099508918705e-05
2.204247698500694241e-05
2.201167995963260182e-05
2.198179697643354302e-05
2.194910200614685891e-05
2.191738599321979564e-05
2.188667599511973094e-05
2.185324399306409759e-05
2.182087399660304072e-05
2.178583997647365322e-05
2.175193299081001896e-05
2.171917896021113847e-05
2.168384298784076236e-05
2.164971095908185816e-05
2.161680697554402286e-05
2.158514399752675672e-05
2.155099696210527327e-05
2.151814697981535573e-05
2.148661997125600465e-05
2.145268200592909125e-05
2.142011396699672332e-05
2.138518897254471085e-05
2.135168699624045985e-05
2.131961798568227096e-05
2.128525795797031606e-05
2.125238796679695952e-05
2.122102398516290123e-05
2.118743196888317470e-05
2.115539098213048419e-05
2.112491699790552957e-05
2.109228199742574361e-05
2.106125998579955194e-05
2.103186199065021356e-05
2.100035300145464134e-05
2.097052197314042132e-05
2.093862997298856499e-05
2.090844799340629834e-05
2.087999098421278177e-05
2.084951597680628765e-05
2.082080499121730099e-05
2.079012296007931582e-05
2.076124400218759547e-05
2.073417999781668186e-05
2.070519497010536725e-05
2.067806599370669574e-05
2.064905100951364147e-05
2.062192498897275073e-05
2.059295297840435524e-05
2.056590096799482126e-05
2.054078197488706792e-05
2.051386599077886785e-05
2.048892599759710720e-05
2.046221800355851883e-05
2.043750896518758964e-05
2.041106296246653073e-05
2.038664496240016888e-05
2.036052200082849595e-05
2.033646700283497921e-05
2.031074495789653156e-05
2.028711799084703671e-05
2.026184898795690970e-05
2.023870700895713526e-05
2.021394999474068754e-05
2.019134200281769154e-05
2.016714995534130139e-05
2.014514200254780008e-05
2.012157500530520338e-05
2.009648397915952955e-05
2.007363997336142347e-05
2.004929496024487889e-05
2.002721100780036068e-05
2.000364798959708423e-05
1.998237200950825354e-05
1.995963896206376376e-05
1.993921796383801848e-05
1.991736496620433172e-05
1.989784396982940962e-05
1.987691098292998504e-05
1.985458897024727776e-05
1.983464500199261238e-05
1.981332997047502431e-05
1.979441299226891715e-05
1.977414996190418606e-05
1.975256196828922839e-05
1.973342398287059041e-05
1.971299298020312563e-05
1.969502199017370003e-05
1.967576400829784689e-05
1.965523898661558633e-05
1.963721297215670347e-05
1.961794197313793120e-05
1.960118595434323652e-05
1.958319796813157154e-05
1.956399700020483579e-05
1.954735199660717626e-05
1.952951396333446610e-05
1.951049699755458278e-05
1.949406697576705483e-05
1.947647598399271374e-05
1.945773396982986014e-05
1.944160595712673967e-05
1.942435699220368406e-05
1.940600395755609497e-05
1.939030300945887575e-05
1.937350299385798280e-05
1.935562096377907437e-05
1.934041898721261532e-05
1.932414699012952042e-05
1.930682196871202905e-05
1.929220496776906657e-05
1.927654597011496662e-05
1.925985998241230845e-05
1.924590998214625870e-05
1.923094396261149086e-05
1.921498000001520268e-05
1.920177697911640280e-05
1.918758300689660246e-05
1.917241297633154318e-05
1.915629195536894258e-05
1.914298997007790604e-05
1.912873898390898830e-05
1.911354900130390888e-05
1.910118197656629491e-05
1.908788595983423875e-05
1.907367197873099940e-05
1.905855197037453763e-05
1.904629300497617805e-05
1.903314000628597569e-05
1.901910695778497029e-05
1.900420699030291871e-05
1.899219796541729011e-05
1.897932696692805621e-05
1.896560797831625678e-05
1.895479999802773818e-05
1.894314897299409495e-05
1.893067599212372443e-05
1.891739498205424752e-05
1.890705595997133059e-05
1.889590197379220626e-05
1.888394700699791429e-05
1.887120299670641543e-05
1.885768398324216832e-05
1.884714799871289870e-05
1.883584099005020107e-05
1.882377097217613482e-05
1.881095198541515856e-05
1.880114598407089943e-05
1.879059300335939042e-05
1.877930196769739268e-05
1.876728697425278369e-05
1.875831196684885072e-05
1.874861396800042712e-05
1.873821298659095191e-05
1.872711897021872574e-05
1.871533396524682757e-05
1.870661697012110380e-05
1.869720500735638780e-05
1.868710995722722146e-05
1.867634500740678050e-05
1.866492198132618796e-05
1.865659697841692832e-05
1.864761298975281534e-05
1.863797700707436888e-05
1.862770199068108923e-05
1.861679800185811473e-05
1.860902096950667328e-05
1.860061297520587686e-05
1.859158197703436599e-05
1.858193695625232067e-05
1.857170099128779839e-05
1.856088198337602080e-05
1.855322699384487350e-05
1.854497799058663077e-05
1.853613997582215234e-05
1.852672295399315772e-05
1.851673698638478527e-05
1.850993498919706326e-05
1.850255995350380545e-05
1.849462000791390892e-05
1.848612299681917648e-05
1.847708000468628597e-05
1.846750097911353805e-05
1.846113900683121756e-05
1.845423497570664040e-05
1.844679400164750405e-05
1.843882597540869028e-05
1.843034999637893634e-05
1.842137595531312400e-05
1.841190197637843085e-05
1.840568097577488516e-05
1.839895497823818005e-05
1.839172898598917527e-05
1.838401095710651134e-05
1.837580896335566649e-05
1.836712999647716060e-05
1.836173697711274144e-05
1.835586198239980149e-05
1.834950796819612151e-05
1.834268397260530037e-05
1.833539795370597858e-05
1.832765798326363438e-05
1.831947099617536878e-05
1.831084097148050205e-05
1.830553600257189828e-05
1.829979299827755312e-05
1.829360797955814633e-05
1.828698799499761662e-05
1.827994196901272517e-05
1.827247496066775057e-05
1.826459498488475219e-05
1.826005495786375832e-05
1.825509195896302117e-05
1.824971099040340050e-05
1.824391796390045783e-05
1.823772100806309027e-05
1.823112796728310059e-05
1.822414395746818627e-05
1.821677699354040669e-05
1.821277697899859049e-05
1.820838400590218953e-05
1.820360995452574571e-05
1.819846198714003549e-05
1.819293595417548204e-05
1.818703799472132232e-05
1.818077697635089862e-05
1.817415699179036892e-05
1.816718599911837373e-05
1.816361299233903992e-05
1.815967698348686099e-05
1.815537996208149707e-05
1.815072795352534740e-05
1.814572800640235073e-05
1.814038398606498959e-05
1.813470396427874221e-05
1.812869498962754733e-05
1.812235899478764622e-05
1.811570496101921890e-05
1.811249200045494945e-05
1.810895696507941466e-05
1.810509098731927224e-05
1.810090196840974386e-05
1.809639400107698748e-05
1.809157197385502513e-05
1.808644299217121443e-05
1.808100995503991726e-05
1.807528195740815136e-05
1.806926195513369748e-05
1.806295398409929476e-05
1.806010999416685081e-05
1.805696496148812003e-05
1.805352195560772088e-05
1.804977995334411389e-05
1.804574895913901855e-05
1.804143300887517398e-05
1.803684796186644235e-05
1.803199899086393998e-05
1.802688097995996941e-05
1.802149796503726975e-05
1.801585398197858012e-05
1.801370098064580816e-05
1.801127297085258760e-05
1.800857097578045796e-05
1.800559999765027897e-05
1.800236395865795203e-05
1.799886899789271411e-05
1.799511795752550825e-05
1.799111595346403192e-05
1.798686895426726551e-05
1.798238099581794813e-05
1.797765497713044169e-05
1.797269698045056430e-05
1.796751695337661658e-05
1.796587497437940328e-05
1.796398697706536041e-05
1.796185296143448795e-05
1.795947798655106453e-05
1.795686597461099154e-05
1.795401396975648822e-05
1.795093396594893420e-05
1.794762897588952910e-05
1.794410297861759318e-05
1.794035995317244669e-05
1.793640296909870813e-05
1.793223697177381837e-05
1.792786497389897704e-05
1.792328998817538377e-05
1.791851798316201894e-05
1.791729397382368916e-05
1.791586498711694730e-05
1.791422999986025388e-05
1.791238196346967015e-05
1.791032599385289359e-05
1.790806499002428609e-05
1.790560196468504728e-05
1.790294197689945577e-05
1.790008695934375282e-05
1.789704100474409643e-05
1.789380598893330898e-05
1.789038697097566910e-05
1.788678696357237641e-05
1.788300795624309103e-05
1.787905500805209158e-05
1.787492897165066097e-05
1.787063598612803617e-05
1.786617599464079831e-05
1.786530697245325428e-05
1.786426497574211680e-05
1.786303795370258740e-05
1.786162897587928455e-05
1.786004196446810965e-05
1.785827998901368119e-05
1.785634498219224042e-05
1.785424097988652647e-05
1.785197099479773897e-05
1.784953599326399853e-05
1.784694200068770442e-05
1.784418799388731713e-05
1.784127999826523592e-05
1.783821898015958141e-05
1.783500800911497208e-05
1.783165100732730934e-05
1.782814797479659319e-05
1.782451397502882173e-05
1.782074997436211561e-05
1.781685000423749443e-05
1.781655896593292709e-05
1.781611098294888507e-05
1.781550696478007012e-05
1.781474799145144061e-05
1.781383696197735844e-05
1.781277700274586095e-05
1.781156998958977056e-05
1.781021899205370573e-05
1.780872497647578712e-05
1.780709197873875382e-05
1.780532096518072649e-05
1.780341597168444423e-05
1.780137796458802768e-05
1.779921097977421596e-05
1.779692496484130970e-05
1.779452298933392740e-05
1.779199800466813031e-05
1.778935097718203906e-05
1.778658497642027214e-05
1.778370096872095019e-05
1.778070298996681231e-05
1.777759200649597915e-05
1.777436898464657133e-05
1.777103796030132798e-05
1.776759995664178859e-05
1.776780197815241991e-05
1.776787598828377668e-05
1.776782198703585891e-05
1.776764196392832673e-05
1.776733699898613850e-05
1.776690999122365611e-05
1.776637299144567805e-05
1.776572696599032497e-05
1.776496395677895634e-05
1.776408697651277180e-05
1.776309699152989197e-05
1.776199599134997698e-05
1.776078596549268696e-05
1.775946998350264039e-05
1.775804798853641842e-05
1.775652197011368116e-05
1.775489499777904712e-05
1.775316798102721805e-05
1.775134398940281244e-05
1.774942296606241143e-05
1.774740695736909402e-05
1.774529800968593918e-05
1.774309799884576933e-05
1.774081897565338295e-05
1.773846099695219891e-05
1.773601599097673898e-05
1.773348697042820277e-05
1.773087296896846965e-05
1.772817796563685988e-05
1.772540298361491296e-05
1.772254898924074951e-05
1.771961700569590903e-05
1.771660998883817228e-05
1.771727198729422526e-05
1.771783797721582232e-05
1.771830295638210373e-05
1.771867096067580860e-05
1.771894295643505757e-05
1.771537597505812300e-05
1.771548500073549803e-05
1.771551399087911705e-05
1.771546396867051953e-05
1.771532396332986536e-05
1.771509698755835416e-05
1.771478400769410655e-05
1.771438599007524317e-05
1.771390498106484301e-05
1.771334200384444557e-05
1.771269796790875262e-05
1.771197497646426200e-05
1.771117496218721499e-05
1.771029695873949095e-05
1.770934500200382899e-05
1.770831897829339141e-05
1.770721900129501591e-05
1.770604899320460390e-05
1.770480798768403474e-05
1.770350797869468806e-05
1.770214998941810336e-05
1.770072600493222126e-05
1.769923596839362290e-05
1.769768198300880613e-05
1.769606495827247272e-05
1.769438597420958104e-05
1.769264599715825170e-05
1.769084599345660536e-05
1.768898698628618149e-05
1.768707096516664024e-05
1.768509798694140045e-05
1.768306998428670340e-05
1.768098695720254909e-05
1.767885100889543537e-05
1.767666196883510565e-05
1.767442199707147665e-05
1.767214200754096964e-05
1.766982200024358463e-05
1.766745299391914159e-05
1.766878199305210728e-05
1.767003897157337633e-05
1.766747800502344035e-05
1.766861396390595473e-05
1.766968097172139096e-05
1.766693497984306305e-05
1.766788699342214386e-05
1.766877397813004791e-05
1.766959400129053392e-05
1.766660295743349707e-05
1.766731600127968704e-05
1.766796697211248102e-05
1.766855496043717721e-05
1.766908098943531513e-05
1.766580999174038880e-05
1.766625700838631019e-05
1.766664797742123483e-05
1.766697999983080081e-05
1.766725398510970990e-05
1.766746999010138097e-05
1.766763000432547415e-05
1.766773397093857056e-05
1.766778399314716808e-05
1.766777995726442896e-05
1.766772396649685106e-05
1.766761596400101553e-05
1.766745600662034121e-05
1.766724699336919002e-05
1.766698795790944132e-05
1.766667998026605346e-05
1.766632499311526772e-05
1.766592299645708408e-05
1.766548399473322206e-05
1.766500895428180229e-05
1.766448997386760311e-05
1.766392699664720567e-05
1.766331996577719110e-05
1.766267098446405726e-05
1.766197999586438527e-05
1.766124898949783528e-05
1.766047597584474715e-05
1.765966499078786001e-05
1.765881296478255535e-05
1.765792495689311181e-05
1.765699795441832975e-05
1.765603400372128817e-05
1.765503498063480947e-05
1.765399900932607125e-05
1.765292898880943540e-05
1.765183395718850079e-05
1.765071596082634642e-05
1.764956300576159265e-05
1.764837895734672202e-05
1.764716296293045161e-05
1.764591496566936257e-05
1.764463598874499439e-05
1.764332796483358834e-05
1.764198896125890315e-05
1.764062096754059894e-05
1.763922500686021522e-05
1.763780096553091425e-05
1.763634998042107327e-05
1.763487199468727340e-05
1.763336700832951465e-05
1.763183695402403828e-05
1.763028097911956138e-05
1.762870999755250523e-05
1.762712599884252995e-05
1.762551698902825592e-05
1.762388399129122263e-05
1.762222899515109020e-05
1.762055097742631915e-05
1.761885096129844896e-05
1.762087396173228626e-05
1.761910800723853754e-05
1.761731698479707120e-05
1.761925096843697247e-05
1.761739696348740836e-05
1.761926500876143109e-05
1.761734500860256958e-05
1.761914899134353618e-05
1.761716600867657689e-05
1.761890700890944572e-05
1.761687400403388892e-05
1.761857498649987974e-05
1.762023600804241141e-05
1.761811000733359833e-05
1.761970997904427350e-05
1.761752696438634302e-05
1.761907196851097979e-05
1.761683500944855041e-05
1.761832595548185054e-05
1.761977995329289115e-05
1.761745096473532612e-05
1.761885096129844896e-05
1.762021599915897241e-05
1.761779896014559199e-05
1.761911300945939729e-05
1.761664799460049835e-05
1.761791600074502639e-05
1.761915996212337632e-05
1.761663395427603973e-05
1.761784199061366962e-05
1.761901700092494139e-05
1.761641300390692777e-05
1.761754299423046177e-05
1.761864297122883727e-05
1.761970997904427350e-05
1.761699797953042435e-05
1.761802298005932244e-05
1.761901899044460151e-05
1.761623798302025534e-05
1.761719499882019591e-05
1.761812296763309860e-05
1.761902097996426164e-05
1.761614498718699906e-05
1.761700599445248372e-05
1.761784199061366962e-05
1.761865797789141652e-05
1.761945497946726391e-05
1.761647899911622517e-05
1.761724297466571443e-05
1.761798296229244443e-05
1.761869498295709491e-05
1.761938000299778651e-05
1.761629397378783324e-05
1.761695000368490582e-05
1.761758198881580029e-05
1.761818998602393549e-05
1.761877098260811181e-05
1.761932696808798937e-05
1.761611400752371992e-05
1.761664498189929873e-05
1.761715600423485739e-05
1.761764195862269844e-05
1.761811500955445808e-05
1.761857498649987974e-05
1.761901097552254214e-05
1.761568000802071765e-05
1.761609598815994104e-05
1.761649298259726493e-05
1.761686695544995018e-05
1.761721995308107580e-05
1.761755197549064178e-05
1.761786296583522926e-05
1.761815400413979660e-05
1.761842395353596658e-05
1.761867298455399578e-05
1.761890297302670660e-05
1.761536896083271131e-05
1.761558399948626175e-05
1.761578397463381407e-05
1.761597599170272588e-05
1.761615800432991819e-05
1.761632296393145225e-05
1.761646899467450567e-05
1.761659700605378021e-05
1.761670898758893600e-05
1.761680198342219228e-05
1.761687798307320918e-05
1.761693897606164683e-05
1.761698200652972446e-05
1.761700900715368334e-05
1.761701997793352348e-05
1.761701599889420322e-05
1.761699599001076422e-05
1.761696000812662533e-05
1.761690998591802781e-05
1.761684495704685105e-05
1.761677498279823340e-05
1.761670097266687662e-05
1.761661297905448009e-05
1.761651100196104380e-05
1.761639498454314889e-05
1.761626498364421423e-05
1.761612298878389993e-05
1.761596695359912701e-05
1.761579795811485383e-05
1.761561696866920101e-05
1.761542296208062908e-05
1.761521696153067751e-05
1.761499896701934631e-05
1.761476897854663548e-05
1.761452699611254502e-05
1.761427398605519556e-05
1.761400898203646648e-05
1.761373397357601789e-05
1.761345799877744867e-05
1.761318100079733995e-05
1.761289297519397223e-05
1.761259397881076438e-05
1.761228600116737653e-05
1.761196699590072967e-05
1.761163798619236331e-05
1.761129999522381695e-05
1.761095199981355108e-05
1.761059496629968635e-05
1.761022900836906047e-05
1.760985298915329622e-05
1.760946895501547260e-05
1.760907599646088784e-05
1.760867399980270420e-05
1.760826398822246119e-05
1.760784499538203818e-05
1.760742895839939592e-05
1.760701400144171203e-05
1.760659199590008939e-05
1.760616100909828674e-05
1.760572200737442472e-05
1.760527698024816345e-05
1.760482399504326168e-05
1.760436299491630052e-05
1.760389596938694012e-05
1.760342200896047871e-05
1.760294099995007855e-05
1.760245299919915851e-05
1.760195897304583923e-05
1.760145795515200007e-05
1.760095096869918052e-05
1.760043795684396173e-05
1.759991897642976255e-05
1.759940397505488363e-05
1.759889300956274383e-05
1.759837596182478592e-05
1.759785396870938712e-05
1.759732600703500793e-05
1.759679196311481064e-05
1.759625297381717246e-05
1.759571000548021402e-05
1.759516095489743748e-05
1.759460599259909941e-05
1.759404796075614286e-05
1.759348396035420592e-05
