4.440892098500626162e-15
-7.293989241654585953e-04
-1.382297725125880561e-03
-1.945389581245571264e-03
-2.706439383305614399e-03
-3.350093620225536029e-03
-3.901897393085995702e-03
-4.654186516345859559e-03
-5.324034881625472337e-03
-5.889533308055305838e-03
-6.676666217405369252e-03
-7.343089377405576101e-03
-7.939160280435508810e-03
-8.726450222775739007e-03
-9.368848299195597917e-03
-9.942788489805565177e-03
-1.075146783341551782e-02
-1.143041027657609732e-02
-1.200634916876541780e-02
-1.281057131554597106e-02
-1.348361243712581370e-02
-1.405143233094552357e-02
-1.486357709362540191e-02
-1.555225216942535127e-02
-1.636095153314531814e-02
-1.705206275452564313e-02
-1.762509047131555207e-02
-1.843990667172601405e-02
-1.912809213461574842e-02
-1.972004700040574932e-02
-2.055892208013609945e-02
-2.125086676864551549e-02
-2.183516451032563310e-02
-2.265144785089567847e-02
-2.334410159388600192e-02
-2.393739601405542317e-02
-2.476281136834579399e-02
-2.545393204721602132e-02
-2.629601065573528018e-02
-2.700539748502528425e-02
-2.783907920418560167e-02
-2.855888868438594130e-02
-2.940828399302564122e-02
-3.014156180769589355e-02
-3.100925477332605595e-02
-3.174394332300600752e-02
-3.261444562723525564e-02
-3.333636462792544108e-02
-3.420145643225591670e-02
-3.493663685241532590e-02
-3.585213369857598309e-02
-3.661243261438595908e-02
-3.751382748494602737e-02
-3.824803939695531341e-02
-3.912689106117550608e-02
-3.987046500104529656e-02
-4.078034657912610328e-02
-4.152637538523595850e-02
-4.243662811944570734e-02
-4.319325022452602525e-02
-4.412896017909595514e-02
-4.491516630224534623e-02
-4.586915301307570303e-02
-4.667876022273542702e-02
-4.763953378871566002e-02
-4.841698241091574317e-02
-4.936702994352604179e-02
-5.017830835975534143e-02
-5.114973757685525868e-02
-5.194973275149550318e-02
-5.291758206514529661e-02
-5.374451728380602589e-02
-5.471296555721583132e-02
-5.553683204398573992e-02
-5.655115051834602724e-02
-5.738600692064554920e-02
-5.837608647266545603e-02
-5.921696687078537025e-02
-6.021150931351559876e-02
-6.106327990253568316e-02
-6.210693432418601390e-02
-6.295374410087539729e-02
-6.398886125285585535e-02
-6.488048308138605336e-02
-6.588551106262574564e-02
-6.673580193148609396e-02
-6.781079585700577894e-02
-6.869369699899596782e-02
-6.977316337882566444e-02
-7.065914194403610793e-02
-7.170712466034601107e-02
-7.278761384972565196e-02
-7.371398631955550229e-02
-7.483967874867580861e-02
-7.578079328700582096e-02
-7.693026266207603214e-02
-7.786589676141542071e-02
-7.901598726266545469e-02
-7.997733838205522972e-02
-8.116983885823536582e-02
-8.213742533245582678e-02
-8.335126715542529041e-02
-8.430858739486524200e-02
-8.551863821173544267e-02
-8.653461598910539010e-02
-8.775655925779535238e-02
-8.876261631531523477e-02
-9.002036825242587526e-02
-9.106395188279581276e-02
-9.238813026312531207e-02
-9.348891554382543490e-02
-9.477111534041604557e-02
-9.583381171551597077e-02
-9.710182959547530857e-02
-9.814472618696523654e-02
-9.948862089444610035e-02
-1.005799004379159811e-01
-1.019116424786856712e-01
-1.032602228248258314e-01
-1.043874613396358342e-01
-1.057680154877358447e-01
-1.071277124043055196e-01
-1.082554632648156101e-01
-1.097008760988060772e-01
-1.111058991814459773e-01
-1.125744197044360462e-01
-1.139852253564956897e-01
-1.154616809836754854e-01
-1.169431202488953048e-01
-1.184096000060659293e-01
-1.199150266353052885e-01
-1.214802734392952388e-01
-1.230112972847861030e-01
-1.245391336114156644e-01
-1.261450943537152369e-01
-1.277676006889052474e-01
-1.294355666017752426e-01
-1.310157851554656361e-01
-1.327065217541356645e-01
-1.344280315731554154e-01
-1.360537613062557938e-01
-1.377107690908854210e-01
-1.390954219123452518e-01
-1.407697098074853770e-01
-1.425003556465060939e-01
-1.443257237402155724e-01
-1.461234760342557948e-01
-1.479673042907556635e-01
-1.497782464996157969e-01
-1.517333939940552767e-01
-1.536647774598556282e-01
-1.555649352776953265e-01
-1.575235841327957687e-01
-1.595146488672956053e-01
-1.615848898126452937e-01
-1.636342629616054367e-01
-1.656847469971660658e-01
-1.678605024038155591e-01
-1.699814912030959135e-01
-1.721561098703761061e-01
-1.742829207734555297e-01
-1.764809407408955977e-01
-1.787206167479560293e-01
-1.810407027106553102e-01
-1.834300545955160899e-01
-1.858521917805653345e-01
-1.882772428012353672e-01
-1.908398352047857571e-01
-1.934036887369856572e-01
-1.960029534579552646e-01
-1.987017680789255891e-01
-2.015265231526157663e-01
-2.042479115073252416e-01
-2.071522848446454290e-01
-2.100980529365354954e-01
-2.130991533959356588e-01
-2.160638163713652915e-01
-2.192404171150057479e-01
-2.224480700298059332e-01
-2.256295836641957209e-01
-2.289847209153652585e-01
-2.323683178556752438e-01
-2.356289424789155262e-01
-2.391430807760954735e-01
-2.427805671737353066e-01
-2.465314785094356864e-01
-2.503365342309553654e-01
-2.542879822517560839e-01
-2.583603703330155099e-01
-2.625660486764154200e-01
-2.669885578068456056e-01
-2.714310024922559350e-01
-2.761459529889256359e-01
-2.807387485376660052e-01
-2.857833106244260790e-01
-2.908641669982152678e-01
-2.960945207293859127e-01
-3.014708869204554276e-01
-3.072269142267858300e-01
-3.130435360053454019e-01
-3.191339071061154442e-01
-3.254318836297453998e-01
-3.320109632445555903e-01
-3.391851002234957946e-01
-3.466443072666960390e-01
-3.546385382834058575e-01
-3.625756509884556777e-01
-3.713189439962460980e-01
-3.803746783321360070e-01
-3.904477079704857800e-01
-4.009435610593552468e-01
-4.121302498508558898e-01
-4.242386046549553313e-01
-4.375067402603960431e-01
-4.521980180813160999e-01
-4.679795894460152539e-01
-4.858337102587357847e-01
-5.059747609414753100e-01
-5.300135234302656428e-01
-5.562690350194259281e-01
-5.801023497720256827e-01
-6.016758648878557381e-01
-6.220454119467655474e-01
-6.420920026475958053e-01
-6.584008494329660621e-01
-6.696548873094254617e-01
-6.790686345439658211e-01
-6.869844126853754673e-01
-6.939706284142053150e-01
-7.008574509520553164e-01
-7.081281422640657297e-01
-7.150182630299255493e-01
-7.225952145732854603e-01
-7.301144932858960601e-01
-7.372858846844758673e-01
-7.438261425513355007e-01
-7.497195904060358629e-01
-7.572114342827154232e-01
-7.630021235759354425e-01
-7.698808013449554011e-01
-7.771966190983556899e-01
-7.831998908000752380e-01
-7.899515859361256886e-01
-7.944337947775252928e-01
-7.997914147963154363e-01
-8.045046812486553733e-01
-8.113169228581655901e-01
-8.189743696043256804e-01
-8.255120583351853725e-01
-8.308438995551652440e-01
-8.359878568452456804e-01
-8.403727623841659167e-01
-8.449011410163160818e-01
-8.500860821742257656e-01
-8.547616394861554667e-01
-8.591274746950956498e-01
-8.644040955468055287e-01
-8.681801593599560718e-01
-8.756744678655961067e-01
-8.773733751950754112e-01
-8.810429405968154271e-01
-8.882922607687353533e-01
-8.813330061404256455e-01
-8.913481088999359869e-01
-9.013351282459254321e-01
-9.030332834059260350e-01
-9.067315564687259410e-01
-9.139584901211055268e-01
-9.204368097488755396e-01
-9.240633662906354573e-01
-9.276489444475757296e-01
-9.317519023350753216e-01
-9.367263111938557429e-01
-9.407099214611855942e-01
-9.448907237928461100e-01
-9.483024455132254005e-01
-9.523237865687255166e-01
-9.562748140207153469e-01
-9.597285144886660291e-01
-9.636757376273159537e-01
-9.671768571781154122e-01
-9.707787097978952673e-01
-9.744899980292958119e-01
-9.779645791575459768e-01
-9.812176278277355834e-01
-9.843667543089553718e-01
-9.875054006290957531e-01
-9.907080414066360419e-01
-9.943412897279060303e-01
-9.979989485971954011e-01
-1.001766329451196036e+00
-1.005249832495895390e+00
-1.007996153518845972e+00
-1.010903871966135625e+00
-1.013892659261525608e+00
-1.016407689136165970e+00
-1.019245521196105564e+00
-1.022024608790225386e+00
-1.025004005919675443e+00
-1.027804383188056114e+00
-1.030115508633516086e+00
-1.032837417848065265e+00
-1.035917807486245401e+00
-1.038636665350606059e+00
-1.041322293624415529e+00
-1.043657967794815455e+00
-1.046179588941726024e+00
-1.048535687790585591e+00
-1.050914956094565866e+00
-1.053214207082425524e+00
-1.055857358153355463e+00
-1.058117183157885499e+00
-1.060506093567595620e+00
-1.063042339100835676e+00
-1.065609859450635355e+00
-1.068183438648786066e+00
-1.070732203002355831e+00
-1.072518990053265675e+00
-1.074474498596416083e+00
-1.076643017736665264e+00
-1.079046958042055415e+00
-1.081740658092106067e+00
-1.084125527552275869e+00
-1.085513713719795881e+00
-1.087358542376716031e+00
-1.089049156977935695e+00
-1.090988969990435820e+00
-1.093074280721555880e+00
-1.095319299821255754e+00
-1.097576718339535518e+00
-1.099628403931785847e+00
-1.100958136184815750e+00
-1.102529866336706021e+00
-1.103990802295905738e+00
-1.105760639743235352e+00
-1.107777870668376075e+00
-1.109343174786265429e+00
-1.111124602365135772e+00
-1.113146852674216092e+00
-1.114848038006695852e+00
-1.116062484188895532e+00
-1.117403860802405724e+00
-1.118980654456015245e+00
-1.120052668838385834e+00
-1.121324293746355671e+00
-1.122880708392155924e+00
-1.124068333112605345e+00
-1.125669935551415257e+00
-1.127249677901295932e+00
-1.128746810479985818e+00
-1.130432000618985633e+00
-1.131719376643485653e+00
-1.133134112553896067e+00
-1.134539513589715831e+00
-1.136055307845045270e+00
-1.137295899777355679e+00
-1.138708557594135584e+00
-1.140193048571375378e+00
-1.141398665064206064e+00
-1.142705366358446106e+00
-1.143915529171415812e+00
-1.145342831494495783e+00
-1.146720245674745620e+00
-1.148024227492885352e+00
-1.148925330311906023e+00
-1.149901388103465649e+00
-1.150859113683755375e+00
-1.152175286941305998e+00
-1.153482347628955296e+00
-1.154567995617245657e+00
-1.155678750647525455e+00
-1.156429088382155967e+00
-1.157363966496945729e+00
-1.158574912277345881e+00
-1.159693537191335722e+00
-1.160589119811875847e+00
-1.161482063698906053e+00
-1.162458025494205849e+00
-1.163747210966995738e+00
-1.164970416164715417e+00
-1.166232811542145420e+00
-1.167048901462435673e+00
-1.167842216167565894e+00
-1.168441956870295506e+00
-1.169185169048096107e+00
-1.170302818816645996e+00
-1.170755860887005895e+00
-1.171415359651905241e+00
-1.172351921208215408e+00
-1.173326719827705311e+00
-1.174505183359735305e+00
-1.174970427541505380e+00
-1.175669153196535532e+00
-1.176349125970955534e+00
-1.177369375392935957e+00
-1.178531059279815274e+00
-1.178970674713165856e+00
-1.179453725847976031e+00
-1.180006599051295346e+00
-1.180819576203536059e+00
-1.181274552706195635e+00
-1.182026401046795350e+00
-1.182767207069606030e+00
-1.183540164406025497e+00
-1.184468000174935476e+00
-1.184926044294655867e+00
-1.185419606441195484e+00
-1.185990361644745583e+00
-1.186574034173115244e+00
-1.187682226152356080e+00
-1.188321227735356089e+00
-1.189335555424545277e+00
-1.190276473238335520e+00
-1.190623086357395444e+00
-1.191040743800235724e+00
-1.191607297337845317e+00
-1.192108028739485626e+00
-1.192731508131045892e+00
-1.193064628035165775e+00
-1.193518107515425974e+00
-1.193664942975095400e+00
-1.194111127869185829e+00
-1.194995929866765394e+00
-1.195525064598236042e+00
-1.196207138408325932e+00
-1.196775759722185306e+00
-1.197140498246535678e+00
-1.197989595802106066e+00
-1.198828541981215245e+00
-1.198997802872945329e+00
-1.198971641895075990e+00
-1.199185446506885633e+00
-1.199737016608355411e+00
-1.200534293612125936e+00
-1.200888399824685315e+00
-1.201460299305285417e+00
-1.202083408602155679e+00
-1.202325617439245597e+00
-1.202579862215905848e+00
-1.203086008258175355e+00
-1.203706249398645234e+00
-1.204630689741605920e+00
-1.205158151397175637e+00
-1.205200380124715309e+00
-1.205273331151735405e+00
-1.205574137064815865e+00
-1.205831363035075654e+00
-1.206458216187395571e+00
-1.206746241963656097e+00
-1.207250467992355247e+00
-1.207497906880175442e+00
-1.208000215575415481e+00
-1.208757961232516109e+00
-1.209028519331496021e+00
-1.209359356559965626e+00
-1.209004974966346069e+00
-1.209373580397516079e+00
-1.209718176176525439e+00
-1.210027301175285785e+00
-1.210431198012996035e+00
-1.210819106312805538e+00
-1.211341779020895792e+00
-1.211752284193956086e+00
-1.212432814427635286e+00
-1.212926740310165563e+00
-1.213394740211665379e+00
-1.213519981790716074e+00
-1.213769492459425337e+00
-1.214089978343595888e+00
-1.213799927276725477e+00
-1.213849557228535936e+00
-1.214050302831886086e+00
-1.214196026587605282e+00
-1.214445237920845244e+00
-1.214690927710005752e+00
-1.215156128055276064e+00
-1.215954219352085808e+00
-1.216244280612015949e+00
-1.216961943496315257e+00
-1.217116620571065511e+00
-1.216930686588675314e+00
-1.216972313299605979e+00
-1.216989994714375634e+00
-1.216885465797576060e+00
-1.217187213176665672e+00
-1.217775640206015808e+00
-1.218015160597976099e+00
-1.218345417034186084e+00
-1.218791373922686105e+00
-1.218733762958535749e+00
-1.219040671710635237e+00
-1.219360652532445854e+00
-1.219809935348765251e+00
-1.219964067891135429e+00
-1.220158370659605751e+00
-1.220395782835175247e+00
-1.219918510140755252e+00
-1.220106888701205428e+00
-1.220608257160675336e+00
-1.220498574544485848e+00
-1.221028337326645286e+00
-1.220723678916455945e+00
-1.220994044424196012e+00
-1.221209814010555839e+00
-1.221460768865055613e+00
-1.221815513099585360e+00
-1.222009594604935856e+00
-1.222236174250995511e+00
-1.222521839391995435e+00
-1.222321236587315951e+00
-1.222600788611115874e+00
-1.222498937710815525e+00
-1.222658975770965384e+00
-1.222896879315586105e+00
-1.223351482581535699e+00
-1.223469761710315851e+00
-1.223785360871225691e+00
-1.224077412206675319e+00
-1.223743785620285962e+00
-1.223590829779525713e+00
-1.224036862337915643e+00
-1.224778922229845968e+00
-1.225064925839795649e+00
-1.225125479005185980e+00
-1.225017532624945282e+00
-1.225067250688455900e+00
-1.224797734686395856e+00
-1.224994917394285565e+00
-1.225411650634685934e+00
-1.225943723423065457e+00
-1.226376526642235731e+00
-1.226554835153555345e+00
-1.226091010864776010e+00
-1.225882218115946110e+00
-1.225963449494695823e+00
-1.226345434081025587e+00
-1.226800506250325995e+00
-1.227287978729835416e+00
-1.226889646548436019e+00
-1.226676787569375371e+00
-1.226658782814035398e+00
-1.226746649394245381e+00
-1.227366732147215700e+00
-1.227956291516715481e+00
-1.227629104504865509e+00
-1.227594478169985237e+00
-1.227576235420195339e+00
-1.227563658751225972e+00
-1.227591683021885594e+00
-1.227636318352495870e+00
-1.227838658725246113e+00
-1.227845635771616095e+00
-1.227974645199346071e+00
-1.228075855270335914e+00
-1.228444135630785361e+00
-1.228937184838105878e+00
-1.229414823436105308e+00
-1.229148798091225459e+00
-1.229191164628035793e+00
-1.229070827485955419e+00
-1.229034668396606023e+00
-1.229114726351065556e+00
-1.229358294589755651e+00
-1.229623646991825581e+00
-1.229532792606325309e+00
-1.229736076028705938e+00
-1.229973702942706026e+00
-1.230215250762655366e+00
-1.230561256753135879e+00
-1.230759309983975314e+00
-1.230289936029425490e+00
-1.230157010015895835e+00
-1.229931574287515872e+00
-1.230008703725145480e+00
-1.230111589298495289e+00
-1.230198680629245978e+00
-1.230662646682315398e+00
-1.231158075853845624e+00
-1.231637771304405327e+00
-1.231161348126255994e+00
-1.230821773837996069e+00
-1.230625830546555832e+00
-1.230697173265055788e+00
-1.230968480317315539e+00
-1.231178647934235926e+00
-1.230874751857255589e+00
-1.230674734889525723e+00
-1.230731675410845938e+00
-1.230782631662835414e+00
-1.230743092971415820e+00
-1.230894857079415594e+00
-1.230737667777646038e+00
-1.231044619779336102e+00
-1.231481274055385988e+00
-1.231923416025385798e+00
-1.231952338292995996e+00
-1.231897299503986076e+00
-1.231902012268165869e+00
-1.232093241458865229e+00
-1.231928840312975559e+00
-1.232109267048295820e+00
-1.232305537850646004e+00
-1.232730631228455387e+00
-1.232317996172535679e+00
-1.232038491828385318e+00
-1.231758676894886051e+00
-1.231881041020645995e+00
-1.232113728263866115e+00
-1.232524874401775605e+00
-1.232593331373435852e+00
-1.232333165180705237e+00
-1.232273603005666018e+00
-1.232070799962115437e+00
-1.232157419753425742e+00
-1.232368107405405588e+00
-1.232655532831495648e+00
-1.232428634052335603e+00
-1.232539691532926085e+00
-1.232285937222715511e+00
-1.232233712856025676e+00
-1.232361744932895853e+00
-1.232792966287645342e+00
-1.233026025534785575e+00
-1.233298279396935371e+00
-1.233205389420596099e+00
-1.232726342698865274e+00
-1.232584866221015929e+00
-1.232927186524635843e+00
-1.232705844042826016e+00
-1.232482102587895589e+00
-1.232651252929955810e+00
-1.233092909789395897e+00
-1.233107561937015539e+00
-1.233157576877075279e+00
-1.232827225299566010e+00
-1.232862292546315963e+00
-1.232637279010766029e+00
-1.232874708091626026e+00
-1.233296393985165551e+00
-1.233884584370155579e+00
-1.234278587505786007e+00
-1.234048523803725317e+00
-1.233747612092635393e+00
-1.233394518798466066e+00
-1.233137914614705899e+00
-1.233151584691805525e+00
-1.233382052947075813e+00
-1.233260724371096018e+00
-1.233196704841145852e+00
-1.233296478030506016e+00
-1.233801594870585383e+00
-1.234122505843285644e+00
-1.233605761168496073e+00
-1.233406762163236081e+00
-1.233399322842085866e+00
-1.233707217292486114e+00
-1.233742671676925973e+00
-1.233813612310595609e+00
-1.233827002187715571e+00
-1.234039446584406008e+00
-1.234439654830795874e+00
-1.234315257872965255e+00
-1.233747117825195971e+00
-1.233403455154155282e+00
-1.233656819183945430e+00
-1.233920125219445829e+00
-1.234063675027905482e+00
-1.233858737201425804e+00
-1.233685913457216010e+00
-1.233859561436395857e+00
-1.234208140122485808e+00
-1.234701062506035285e+00
-1.234360750487855540e+00
-1.234195214162085996e+00
-1.233942297110785624e+00
-1.234002038698915449e+00
-1.233903068788465340e+00
-1.233871810581545603e+00
-1.233732060683715659e+00
-1.234247328935035526e+00
-1.234580563992755842e+00
-1.233951327705095302e+00
-1.233930760281666039e+00
-1.233704841859095680e+00
-1.233863547685675854e+00
-1.233749764598766063e+00
-1.233940595224965797e+00
-1.234273255800795610e+00
-1.234117602005095904e+00
-1.233994992324405793e+00
-1.233901449830265840e+00
-1.234038929333425294e+00
-1.234050517273145964e+00
-1.234290201717265667e+00
-1.234505993618175701e+00
-1.234743385594285314e+00
-1.235133639985795284e+00
-1.234879716468575417e+00
-1.234467140036286104e+00
-1.234196460556606034e+00
-1.234182647558685453e+00
-1.234181547727595252e+00
-1.234241021985186038e+00
-1.234448693770655581e+00
-1.234763574638575889e+00
-1.235303409499465488e+00
-1.235586452547315695e+00
-1.235734424926385522e+00
-1.234946758524715804e+00
-1.234489239203695909e+00
-1.234336783004275517e+00
-1.234875968213915876e+00
-1.234686391123196003e+00
-1.234743865814436070e+00
-1.234753356675295954e+00
-1.235195686336355791e+00
-1.234783324855885489e+00
-1.234414478044095986e+00
-1.234201742046995953e+00
-1.234481449710965961e+00
-1.234847816506895235e+00
