2.664535259100375697e-15
-6.543422870777249045e-04
-1.238189178097925947e-03
-1.725336016537681871e-03
-2.366100458917941296e-03
-2.928379943127445983e-03
-3.409258362597533676e-03
-4.059525713797640378e-03
-4.612447128487850989e-03
-5.085418229297644643e-03
-5.759371810207802866e-03
-6.354245028687977026e-03
-6.830017828217904707e-03
-7.494187388607187472e-03
-8.030785289347974754e-03
-8.483478852927994751e-03
-9.114281388237444048e-03
-9.670662597997647936e-03
-1.012913654906721916e-02
-1.077170504142799246e-02
-1.133048212096721130e-02
-1.180456076983738001e-02
-1.244019341749780239e-02
-1.299703167211774257e-02
-1.364371783226747681e-02
-1.419704355130768647e-02
-1.467883816712767242e-02
-1.534324338113712827e-02
-1.591191400084746022e-02
-1.640027179181746675e-02
-1.707018339215782277e-02
-1.763745224591772853e-02
-1.810305463098771384e-02
-1.879505482454746357e-02
-1.936831537509764445e-02
-1.983122889539767897e-02
-2.053487876604798146e-02
-2.111182855915760825e-02
-2.179706688081761712e-02
-2.238951171517733485e-02
-2.308771522555730371e-02
-2.367706171225769651e-02
-2.435421558208794579e-02
-2.492354956843723102e-02
-2.561571843259713432e-02
-2.620203751539751380e-02
-2.692662246922772340e-02
-2.751567325826798083e-02
-2.820343736813768487e-02
-2.881743784806722886e-02
-2.952293699250763126e-02
-3.012021926153796159e-02
-3.084236494347791790e-02
-3.143040884316761208e-02
-3.217203629387732633e-02
-3.279637135531743297e-02
-3.352399047621723582e-02
-3.411506311733791819e-02
-3.486714545189784076e-02
-3.549954803397792347e-02
-3.626789380199735291e-02
-3.688092974467771512e-02
-3.764080679073789071e-02
-3.827757220675742644e-02
-3.905146046116758640e-02
-3.968323345126734125e-02
-4.044096779633754579e-02
-4.110059441843727512e-02
-4.188820821494765312e-02
-4.252122738872721186e-02
-4.331158068070717349e-02
-4.395666501515727020e-02
-4.475036061057746650e-02
-4.540264391687731660e-02
-4.619137070263779066e-02
-4.685642879457763144e-02
-4.766873023412721011e-02
-4.832484233512790439e-02
-4.912647843390782754e-02
-4.981623650176736362e-02
-5.063200055115757436e-02
-5.128682752812796508e-02
-5.212435917762725524e-02
-5.278759777033759093e-02
-5.362117635884722233e-02
-5.432128323554774596e-02
-5.517305451307752406e-02
-5.585751550821793643e-02
-5.671225349303732344e-02
-5.743287201755720162e-02
-5.825300276232781016e-02
-5.914186589749714784e-02
-5.988070554320756855e-02
-6.074734716304774906e-02
-6.148359695679772585e-02
-6.240167992795786489e-02
-6.314159189199752831e-02
-6.405372674890763562e-02
-6.478934564769733839e-02
-6.570485784505741833e-02
-6.644797494957721540e-02
-6.739953293960798675e-02
-6.816956565950782476e-02
-6.910408260266720504e-02
-6.990017560806727204e-02
-7.085421769755750887e-02
-7.161909252445752827e-02
-7.253934349498791789e-02
-7.330212423920734466e-02
-7.429090627794732171e-02
-7.509425363527721942e-02
-7.609765590257744350e-02
-7.691946438671770636e-02
-7.790005376392716840e-02
-7.872963631939722262e-02
-7.979451858781771989e-02
-8.064754044489763629e-02
-8.166981012241780746e-02
-8.270719263687720257e-02
-8.355011233619791255e-02
-8.461719206304785246e-02
-8.568674442175794326e-02
-8.655241544619762806e-02
-8.762462282809746483e-02
-8.870185300558741659e-02
-8.975835194570791487e-02
-9.086247787552714783e-02
-9.200422764815741061e-02
-9.313326780453756726e-02
-9.425985676271775304e-02
-9.538741279016793584e-02
-9.653842581469795903e-02
-9.767323157382712395e-02
-9.889849345238754807e-02
-1.000535081857876207e-01
-1.012443617162075427e-01
-1.024137544451075854e-01
-1.035604482544076888e-01
-1.047571060164678158e-01
-1.059501807934379869e-01
-1.072377172123974987e-01
-1.085318500051277724e-01
-1.095860189059072454e-01
-1.108896390162277257e-01
-1.122144775294078300e-01
-1.135168112605873247e-01
-1.148294163683774016e-01
-1.161173721465171838e-01
-1.174481889344471952e-01
-1.188160528844779407e-01
-1.201188845582779052e-01
-1.215024957985875176e-01
-1.229429276404676585e-01
-1.243805747225978919e-01
-1.257842699333879821e-01
-1.272390595678078995e-01
-1.287441546703478323e-01
-1.302292282751276176e-01
-1.317804128093076343e-01
-1.332566758633477733e-01
-1.347958791622572150e-01
-1.363714145894574514e-01
-1.379690784691272043e-01
-1.395531393778179918e-01
-1.411449834777176449e-01
-1.428238379815978121e-01
-1.445410072394173184e-01
-1.462629135128477031e-01
-1.480212461691872150e-01
-1.498193459669971972e-01
-1.515631721975978508e-01
-1.533376398121575335e-01
-1.551829662067474302e-01
-1.570218183052478622e-01
-1.589357924292471580e-01
-1.608847750725077574e-01
-1.628361421001676135e-01
-1.648640352510577500e-01
-1.668707735281875770e-01
-1.689340470508371439e-01
-1.710887947329577941e-01
-1.732762318310978600e-01
-1.753432598736877068e-01
-1.775452614228072434e-01
-1.797666983188079826e-01
-1.821119782159774658e-01
-1.845429308939277036e-01
-1.869292451204271899e-01
-1.893707393811272510e-01
-1.918715357135374333e-01
-1.945540809528676363e-01
-1.971878088596872303e-01
-1.997908310605671645e-01
-2.026551173584278942e-01
-2.054588616100074816e-01
-2.083170215042571272e-01
-2.113634375402071441e-01
-2.145850202620671610e-01
-2.177943026519475467e-01
-2.211279164955879395e-01
-2.245188811862375289e-01
-2.278857456621574684e-01
-2.314500388950779808e-01
-2.350923171141774404e-01
-2.386992097169979843e-01
-2.425708958393872905e-01
-2.465654116404172314e-01
-2.506531217186775962e-01
-2.548349192174574895e-01
-2.593475297312375361e-01
-2.639976613550878426e-01
-2.687657651763872835e-01
-2.737829360640873233e-01
-2.790288984430278063e-01
-2.842284961909173902e-01
-2.901107127156574705e-01
-2.961037499875374124e-01
-3.026722296940871360e-01
-3.096744142932177368e-01
-3.167608319535677452e-01
-3.233711326276980103e-01
-3.294777902607375353e-01
-3.367680077090975388e-01
-3.446966054417774927e-01
-3.524796763102973074e-01
-3.605330565173572310e-01
-3.680959942825374753e-01
-3.757845073324173057e-01
-3.850339858917477542e-01
-3.944071781842772850e-01
-4.045184151923679750e-01
-4.157064563136971813e-01
-4.257397360566779199e-01
-4.352425211061872190e-01
-4.444268814235678988e-01
-4.583369157539376459e-01
-4.716800017541675771e-01
-4.838369142176377480e-01
-5.023838026975679938e-01
-5.183352454833576317e-01
-5.362042811544771581e-01
-5.638563638663676159e-01
-5.919956800519079465e-01
-6.226301716195576930e-01
-6.521057753344674524e-01
-6.838464538148976146e-01
-7.212297667135674217e-01
-7.617598013681279312e-01
-8.039709562477277416e-01
-8.532848830753874125e-01
-9.087755464818378925e-01
-9.721777924487779998e-01
-1.045991065038427870e+00
-1.133981162810107968e+00
-1.242148024355547165e+00
-1.380759778557837159e+00
-1.544696764578947779e+00
-1.740689206481067508e+00
-1.986339626975737183e+00
-2.282251708859657668e+00
-2.580923531450367570e+00
-2.749633633621787698e+00
-2.712324383154967489e+00
-2.687115298833937516e+00
-2.642422826870987507e+00
-2.593580707582267664e+00
-2.547297067854677355e+00
-2.500472888017107653e+00
-2.458530446022127780e+00
-2.415483269304887770e+00
-2.376648096055307136e+00
-2.341358735010117265e+00
-2.311146169740077916e+00
-2.286140948165967579e+00
-2.266409975192147819e+00
-2.250121815566097361e+00
-2.237420858711547389e+00
-2.228204813362247627e+00
-2.221184649068167261e+00
-2.217016293787337666e+00
-2.213523582208487994e+00
-2.210754679473327933e+00
-2.208645880210417189e+00
-2.206331159604567382e+00
-2.204186920545367911e+00
-2.202527770266867968e+00
-2.201243281155087494e+00
-2.200265102210827273e+00
-2.199297058899577273e+00
-2.198832751203177338e+00
-2.198522988927257948e+00
-2.198326152251777188e+00
-2.197848740456307404e+00
-2.197403773812427907e+00
-2.196851355453717680e+00
-2.196177812597907675e+00
-2.196102234851807999e+00
-2.196209109711687368e+00
-2.196517068884247692e+00
-2.196505777794217629e+00
-2.196100400020717380e+00
-2.196030223158777162e+00
-2.196371202510607468e+00
-2.196635903501507947e+00
-2.196965752685927420e+00
-2.196949224670407652e+00
-2.197216033465997143e+00
-2.196993605492467694e+00
-2.196904338215867725e+00
-2.196810561986057841e+00
-2.197199326340317782e+00
-2.197604032797707774e+00
-2.198360711339847562e+00
-2.199172986417837983e+00
-2.200028024480077171e+00
-2.200859307748897820e+00
-2.201312440710847973e+00
-2.201184387793967190e+00
-2.201137100983497241e+00
-2.200790920412537766e+00
-2.200944716797737399e+00
-2.201290719737037271e+00
-2.201648810238307163e+00
-2.201344151787608006e+00
-2.201379239302977631e+00
-2.201216186443477163e+00
-2.201243545735377616e+00
-2.201916017960117600e+00
-2.202670722338667453e+00
-2.203595694790317694e+00
-2.204157726979727450e+00
-2.203970515668097541e+00
-2.203736173937017817e+00
-2.203328589425037620e+00
-2.203195363508447358e+00
-2.203343019023117577e+00
-2.203305250563537321e+00
-2.203595664393377618e+00
-2.204159930633197817e+00
-2.204222551812407893e+00
-2.203902186070377134e+00
-2.203870874520667655e+00
-2.203916804682107156e+00
-2.203558921841847429e+00
-2.203240249011867213e+00
-2.203146444344777244e+00
-2.203314552869377607e+00
-2.203718866450417480e+00
-2.204126879314927123e+00
-2.203955967881977784e+00
-2.204301103177667365e+00
-2.204158899654857784e+00
-2.204206294573857861e+00
-2.204575837857757570e+00
-2.205006857541897958e+00
-2.205235975409417293e+00
-2.205612780500177728e+00
-2.205927525678577972e+00
-2.205975458660897282e+00
-2.205861020476877599e+00
-2.206320325742327171e+00
-2.206710491766937565e+00
-2.207187627979757316e+00
-2.207689481872407988e+00
-2.207297810323948006e+00
-2.206921348969107299e+00
-2.206639427084487792e+00
-2.206686537285417415e+00
-2.207147339418737531e+00
-2.207053306575847529e+00
-2.206861103631917231e+00
-2.206583582894927176e+00
-2.206894033774137398e+00
-2.207508906566957307e+00
-2.207894590281507696e+00
-2.207807659048737214e+00
-2.207653611957837825e+00
-2.207681731241537548e+00
-2.207904067267127957e+00
-2.208352885287407474e+00
-2.208941965997187395e+00
-2.209123840361807645e+00
-2.209009148653467314e+00
-2.208645124031497708e+00
-2.208337806639877776e+00
-2.208397427277097869e+00
-2.207965032314547216e+00
-2.207761720021107266e+00
-2.207729707613127701e+00
-2.207994831012327630e+00
-2.208357932780057986e+00
-2.208292364354217163e+00
-2.208378924075897309e+00
-2.208434390891077292e+00
-2.208554630183687806e+00
-2.208874679488407544e+00
-2.208447938305857505e+00
-2.208230584716787348e+00
-2.207940150704947868e+00
-2.207931356672987455e+00
-2.207723477781647681e+00
-2.207962033792197687e+00
-2.208056246897457164e+00
-2.208235637883247726e+00
-2.208563937158317891e+00
-2.208208362137377812e+00
-2.207977545574827616e+00
-2.207971130640647317e+00
-2.208232599650007622e+00
-2.208817818078487427e+00
-2.209089346354217831e+00
-2.209415192322407684e+00
-2.209549130936507844e+00
-2.209417732045817928e+00
-2.209561181189897638e+00
-2.209837963877757439e+00
-2.209686916402207935e+00
-2.209676795278197936e+00
-2.209570243646377996e+00
-2.209365083295407928e+00
-2.209108157488727464e+00
-2.208966777009568005e+00
-2.208988350044917226e+00
-2.209078110796397709e+00
-2.209580447484377430e+00
-2.209518687736987452e+00
-2.209559749478907875e+00
-2.209893193394787403e+00
-2.210294862443167752e+00
-2.210194387361287482e+00
-2.210047302001927783e+00
-2.209642361081287198e+00
-2.209338001471757629e+00
-2.209343193349177170e+00
-2.209480376154147940e+00
-2.209485710326767993e+00
-2.209700428014367724e+00
-2.209398860586907709e+00
-2.209166592769717496e+00
-2.209288837956667528e+00
-2.209727827157777824e+00
-2.210356435291947363e+00
-2.210995602355407819e+00
-2.211163841349687686e+00
-2.210768968663647804e+00
-2.210522469087697672e+00
-2.210105155664937371e+00
-2.210153822103057664e+00
-2.210089113594817967e+00
-2.210342261823587506e+00
-2.210116366654497178e+00
-2.210310437734997357e+00
-2.210676122162947621e+00
-2.210465613878027646e+00
-2.210410386849087416e+00
-2.210173803664277514e+00
-2.210129647719387691e+00
-2.210417916585617704e+00
-2.210056242497577372e+00
-2.209976751932687833e+00
-2.209784495878937882e+00
-2.209872718305877726e+00
-2.210029095751107953e+00
-2.210489104444367747e+00
-2.210972513400487394e+00
-2.211593980024297856e+00
-2.211569957919237162e+00
-2.211562543756867782e+00
-2.211548157728477904e+00
-2.210732841056627151e+00
-2.210311589683897182e+00
-2.210099800823377869e+00
-2.209838395532047528e+00
-2.209401741058007573e+00
-2.209377007702597595e+00
-2.209946768889447632e+00
-2.210423065615587213e+00
-2.210957563087047717e+00
-2.211347496925787581e+00
-2.211715859647257254e+00
-2.211195959831417923e+00
-2.210830787108917228e+00
-2.210783924023667524e+00
-2.210241217884918008e+00
-2.210125918468437867e+00
-2.210320770691867942e+00
-2.210293558929577351e+00
-2.210518314960617126e+00
-2.210910472605717381e+00
-2.210906291577427574e+00
-2.211011532852537265e+00
-2.211121379466757908e+00
-2.211404471197047528e+00
-2.211259247555647178e+00
-2.211230712801527609e+00
-2.211360884979707286e+00
-2.210931726755097415e+00
-2.210739849689087322e+00
-2.210857381509157449e+00
-2.211252734819417753e+00
-2.211035094831567349e+00
-2.210596823126347310e+00
-2.210214009214637620e+00
-2.210080427302057338e+00
-2.210160905596157299e+00
-2.210440133677257890e+00
-2.210874030931487155e+00
-2.211122138007847404e+00
-2.211339057363917782e+00
-2.210827034761077670e+00
-2.210719821083427128e+00
-2.210496287467447196e+00
-2.210767014679487552e+00
-2.210697193869767929e+00
-2.210656313093007697e+00
-2.210532317378497424e+00
-2.210204315900247352e+00
-2.209906820297807606e+00
-2.209876082377917328e+00
-2.210071945417627859e+00
-2.210340455547407323e+00
-2.210637083744587450e+00
-2.211194099514557365e+00
-2.211750931000807441e+00
-2.211287574119207733e+00
-2.211095538463057508e+00
-2.210591269039537288e+00
-2.210496308674197330e+00
-2.210765686583777700e+00
-2.211345772560517453e+00
-2.211963199280127412e+00
-2.212374168857457413e+00
-2.211667301738027724e+00
-2.211162414666047127e+00
-2.210977031699577822e+00
-2.211116008716887293e+00
-2.211848805929487405e+00
-2.212421941462537234e+00
-2.211787649925047283e+00
-2.211247347368027860e+00
-2.210831295799637886e+00
-2.210721862361357815e+00
-2.211324597706827433e+00
-2.211894353663187651e+00
-2.211795839797177976e+00
-2.211572811896707513e+00
-2.211390655918697767e+00
-2.211307777906327487e+00
-2.210806988396617712e+00
-2.210735849152377419e+00
-2.210951106309437364e+00
-2.210754726488247890e+00
-2.210594114436367441e+00
-2.210712778540677270e+00
-2.210949915652307141e+00
-2.211379959131047457e+00
-2.211857271810397485e+00
-2.211948094784717433e+00
-2.211861474356897617e+00
-2.211624846816107492e+00
-2.211459187401517923e+00
-2.211291386346537990e+00
-2.211294425375407435e+00
-2.211551647874197890e+00
-2.210850794339847880e+00
-2.210788373784837724e+00
-2.210667357329437976e+00
-2.211049317787857404e+00
-2.211585556888877591e+00
-2.211889896217437368e+00
-2.211620899139097318e+00
-2.211338833333457821e+00
-2.211044654086377292e+00
-2.211073177329077488e+00
-2.210592310896297263e+00
-2.210345613643017515e+00
-2.210677938819387123e+00
-2.211166705166317747e+00
-2.211745888912537872e+00
-2.211736324051577718e+00
-2.211246686877697876e+00
-2.211009379594007562e+00
-2.210620430602107334e+00
-2.210873260299557330e+00
-2.210789994484017917e+00
-2.210602413615607276e+00
-2.210374361392417164e+00
-2.210213521564427630e+00
-2.210102027362917276e+00
-2.210069984318887570e+00
-2.210451496558637707e+00
-2.210121141023457803e+00
-2.210140872153507630e+00
-2.210472856626557459e+00
-2.210874634235927338e+00
-2.211242502200287952e+00
-2.211192456957907559e+00
-2.211220613718867689e+00
-2.211435610951117958e+00
-2.211220287977657684e+00
-2.211250163904387556e+00
-2.211380458908947411e+00
-2.211651810719047262e+00
-2.211922311656547180e+00
-2.211310393325697454e+00
-2.210739205520327211e+00
-2.210527420099097640e+00
-2.210631588435597372e+00
-2.211092097214627294e+00
-2.210890305304077152e+00
-2.210605656576017708e+00
-2.210391498373657448e+00
-2.210110457886547586e+00
-2.210255648393177452e+00
-2.210528305414037220e+00
-2.210991625322967558e+00
-2.210917320547657994e+00
-2.210766127751568000e+00
-2.210294619004707251e+00
-2.210103472563817562e+00
-2.210080480084797294e+00
-2.210363305173757453e+00
-2.210652908941637129e+00
-2.211136994865047889e+00
-2.211128543646497135e+00
-2.210725258403177129e+00
-2.210609245303957415e+00
-2.210801581342277444e+00
-2.210129836936607362e+00
-2.209894502364467606e+00
-2.209932087889337815e+00
-2.210024849528987367e+00
-2.209858507966337982e+00
-2.210188426208687495e+00
-2.210349267363247883e+00
-2.210568622208707978e+00
-2.210212663517797438e+00
-2.210183989156557338e+00
-2.210611592550647764e+00
-2.210939477003287301e+00
-2.211508801640997390e+00
-2.211654018192287907e+00
-2.211554315563207140e+00
-2.211544339507577561e+00
-2.211121868720017147e+00
-2.210920260556607175e+00
-2.210868845276057648e+00
-2.210786138893187314e+00
-2.210506644934437936e+00
-2.210402444306277303e+00
-2.210666179906997542e+00
-2.211311191620787930e+00
-2.211087753044197690e+00
-2.210754184327287319e+00
-2.210656084449287739e+00
-2.210911307178827556e+00
-2.210817892848677246e+00
-2.211029468440917967e+00
-2.210987751725807193e+00
-2.211165927614957560e+00
-2.211447654068277480e+00
-2.211432605527097195e+00
-2.210957167292747272e+00
-2.210300454757147648e+00
-2.210333544176347864e+00
-2.210656658455447676e+00
-2.211120067597997618e+00
-2.210898630176277635e+00
-2.210605064375497975e+00
-2.210439902199837547e+00
-2.210600325634677787e+00
-2.211271483194767740e+00
-2.211198068479457213e+00
-2.211079835935737314e+00
-2.210907720990277880e+00
-2.210897708354787383e+00
-2.210620950277187191e+00
-2.210902483361517845e+00
-2.210979476734947546e+00
-2.211097400036947214e+00
-2.211726703454287346e+00
-2.211542963857277222e+00
-2.211050406602447893e+00
-2.210758575078027199e+00
-2.210401554893237197e+00
-2.210222933597507655e+00
-2.210680584316487618e+00
-2.210987615211317703e+00
-2.211004378953797200e+00
-2.210709492342767923e+00
-2.210524255371707270e+00
-2.210390670743867858e+00
-2.210345074653927711e+00
-2.210510924640477270e+00
-2.210933059600237449e+00
-2.211242385023127532e+00
-2.211609643332407948e+00
-2.211531035182597194e+00
-2.211080126028607928e+00
-2.210670006705497848e+00
-2.210550000166577433e+00
-2.210603085282247804e+00
-2.210640458593087665e+00
-2.210858658689007328e+00
-2.211172152484027542e+00
-2.211626404601717333e+00
-2.212015622215497856e+00
-2.212197214977717152e+00
-2.211410302336587641e+00
-2.210932536767067802e+00
-2.210524823690947827e+00
-2.210678554134297258e+00
-2.210652986192397584e+00
-2.210816437616557550e+00
-2.210858883562287325e+00
-2.211121701760927927e+00
-2.210821856557397602e+00
-2.210338730258867734e+00
-2.210130434957727985e+00
-2.210264593009287459e+00
-2.210808905777117417e+00
