-3.996802888650563546e-15
-2.005211167039888664e-04
-3.817578386438036375e-04
-5.353468788038551196e-04
-7.376047629039650388e-04
-9.178833894538662719e-04
-1.074892854374009943e-03
-1.285138574403932310e-03
-1.467463234143817630e-03
-1.626788569493831105e-03
-1.848849690953890956e-03
-2.048475414233807967e-03
-2.213068335833900946e-03
-2.436431000363947774e-03
-2.622361060693911838e-03
-2.783739552683961449e-03
-3.000575723233867009e-03
-3.196103643464009991e-03
-3.362767534653920976e-03
-3.586624793944004352e-03
-3.786231021003949593e-03
-3.960916442653950043e-03
-4.185850564793813788e-03
-4.387994841983822170e-03
-4.618686363003998707e-03
-4.822098578483924314e-03
-5.004499642133897197e-03
-5.243483661753867153e-03
-5.454449896163948708e-03
-5.641712904583817689e-03
-5.885234712503795151e-03
-6.098620648703922953e-03
-6.281727707073914146e-03
-6.534685317423960527e-03
-6.752576208283844750e-03
-6.937521265433899131e-03
-7.196672730963804554e-03
-7.418328713833854948e-03
-7.674018983333974475e-03
-7.902537627684003141e-03
-8.164325544013806280e-03
-8.394028618473825532e-03
-8.651498577563865311e-03
-8.877154632623840413e-03
-9.141236827203913506e-03
-9.374130307583827815e-03
-9.650174707583891731e-03
-9.885995768223798663e-03
-1.015284340120392592e-02
-1.039825062311394710e-02
-1.067256073579381237e-02
-1.091498526107392841e-02
-1.119645796558388362e-02
-1.143811607555389465e-02
-1.172751296898399964e-02
-1.198224552954396671e-02
-1.226944088150383472e-02
-1.251607436453383571e-02
-1.281271762402380610e-02
-1.307400232205391255e-02
-1.337774043762385290e-02
-1.363530139524393725e-02
-1.393861999509393712e-02
-1.420559652267394668e-02
-1.451541821348389938e-02
-1.478308743140388515e-02
-1.509011856503383875e-02
-1.536840567595398888e-02
-1.568676798968393626e-02
-1.595919664674383398e-02
-1.628056752080397906e-02
-1.655886434310382960e-02
-1.688347356006381084e-02
-1.716618025225380428e-02
-1.749151111735391950e-02
-1.778038532164383234e-02
-1.811518416288393496e-02
-1.840361885039398793e-02
-1.873741983237398046e-02
-1.903836564399385978e-02
-1.937882872832386028e-02
-1.967151750864393200e-02
-2.002091748583390007e-02
-2.031853271350381185e-02
-2.066910177407388360e-02
-2.098027134623392520e-02
-2.133878177311387958e-02
-2.164768722405385759e-02
-2.200958698437394112e-02
-2.233201714945387550e-02
-2.268588607536381474e-02
-2.306223112448391177e-02
-2.339434634928383439e-02
-2.376664056477384435e-02
-2.410067422041395346e-02
-2.449137998531392135e-02
-2.482938033042381143e-02
-2.522109452151388709e-02
-2.556059572341395913e-02
-2.595616753973395419e-02
-2.630082130385380523e-02
-2.671027122918401275e-02
-2.706611381192391974e-02
-2.747336901619390481e-02
-2.784014631869391465e-02
-2.825645186007386123e-02
-2.861683430376382731e-02
-2.902585353331388340e-02
-2.938856721991389698e-02
-2.982151535356392102e-02
-3.019991236159391690e-02
-3.064072906289383447e-02
-3.102811837256380656e-02
-3.146530825158389000e-02
-3.185828937463397459e-02
-3.232444987368388034e-02
-3.272819178694397202e-02
-3.318503622092383587e-02
-3.364872228013382482e-02
-3.405520111333393274e-02
-3.453150260681381312e-02
-3.501093905811392126e-02
-3.543036985302383535e-02
-3.591430127517392101e-02
-3.640220983116382314e-02
-3.688624044063382179e-02
-3.738715936389391814e-02
-3.790204402138397377e-02
-3.841571392402398644e-02
-3.893122114053393368e-02
-3.944958926133379506e-02
-3.997773406638382987e-02
-4.050365020402391103e-02
-4.105973620840397409e-02
-4.159735562195399083e-02
-4.214865395913380830e-02
-4.269631672723384064e-02
-4.323984024171401153e-02
-4.380126040306397961e-02
-4.436454374029397130e-02
-4.495948658337400872e-02
-4.555957857721382176e-02
-4.608953375898394711e-02
-4.669750193332400379e-02
-4.731520635569386179e-02
-4.792950854773381231e-02
-4.855034581343398159e-02
-4.916710048062400418e-02
-4.980022913403381324e-02
-5.044817842735382918e-02
-5.108009677686387029e-02
-5.174004826445388616e-02
-5.242105306467381709e-02
-5.310524697172391839e-02
-5.378318621688382706e-02
-5.448064743131397769e-02
-5.519755811519400091e-02
-5.591278715431391433e-02
-5.665251027588391608e-02
-5.737404860605388457e-02
-5.811901423855392324e-02
-5.887956980968400700e-02
-5.965162489258379885e-02
-6.042447487468383116e-02
-6.120465558571397402e-02
-6.201635804731386870e-02
-6.284517333512384951e-02
-6.368113421790400075e-02
-6.453399165683393335e-02
-6.540492630449401545e-02
-6.626560030397388168e-02
-6.714170612269398930e-02
-6.804562538208380751e-02
-6.895419956821391416e-02
-6.989235409437388746e-02
-7.084831882787390178e-02
-7.181234529963398394e-02
-7.280705361567396672e-02
-7.380334193269399989e-02
-7.482467169122397621e-02
-7.588202443588398793e-02
-7.695818604056392509e-02
-7.800674235566384951e-02
-7.910460617346393164e-02
-8.021774122763392079e-02
-8.137811544482387305e-02
-8.257497124869384031e-02
-8.376937254699390323e-02
-8.499152501103379720e-02
-8.624317973814399352e-02
-8.756209495868394477e-02
-8.887962677542393664e-02
-9.020112450260397985e-02
-9.161509463349393201e-02
-9.302581962687384021e-02
-9.446815095830385367e-02
-9.598316554038399673e-02
-9.756842212756389188e-02
-9.916869463674382601e-02
-1.008256882010039046e-01
-1.025202595881939960e-01
-1.042285376807738917e-01
-1.060178563183038492e-01
-1.078541979518139460e-01
-1.097045450410238931e-01
-1.116601625945738974e-01
-1.136807314395738011e-01
-1.157588691883639775e-01
-1.178966039171538416e-01
-1.201674348743739795e-01
-1.225170744055439354e-01
-1.249394315063738770e-01
-1.274734296528339250e-01
-1.301162372278439339e-01
-1.327879306369939005e-01
-1.357098555575340093e-01
-1.387177953672940056e-01
-1.419553581768440154e-01
-1.453884804706639944e-01
-1.489197423935240128e-01
-1.523850063841538649e-01
-1.557742470658238787e-01
-1.595945616683238644e-01
-1.637000573079239185e-01
-1.678659323761138022e-01
-1.722184401730639802e-01
-1.765326206879838100e-01
-1.809865850103038465e-01
-1.860147017821138782e-01
-1.912076506373938667e-01
-1.967520964033639963e-01
-2.027630283218440077e-01
-2.085870101863638304e-01
-2.143894619926138834e-01
-2.202226045922939246e-01
-2.275993529602537979e-01
-2.350290844756939279e-01
-2.423133322761039654e-01
-2.517091063702439069e-01
-2.606773422217638636e-01
-2.705143830628038426e-01
-2.836655129194938230e-01
-2.976670019505138765e-01
-3.131915952592638774e-01
-3.292717074947739686e-01
-3.469374942294438657e-01
-3.673745570338839972e-01
-3.901949109000037996e-01
-4.152105175087839051e-01
-4.442984090600938796e-01
-4.778265451392438301e-01
-5.170152525952538269e-01
-5.636190300321839430e-01
-6.202755626312139725e-01
-6.911731142543540152e-01
-7.834462837182039063e-01
-9.014111161950137951e-01
-1.051565674114068871e+00
-1.243695620811920755e+00
-1.479159528385413980e+00
-1.718494267200037839e+00
-1.868567838061889752e+00
-1.916322607642009901e+00
-1.928250058609081607e+00
-1.930024070648711509e+00
-1.927511091590644154e+00
-1.922937485219660569e+00
-1.916958357687081449e+00
-1.909973374115487621e+00
-1.902071771684970436e+00
-1.893422607179097161e+00
-1.884235118350900073e+00
-1.874759532791336669e+00
-1.865276025128713933e+00
-1.856060591566496942e+00
-1.847261947166136897e+00
-1.839014935774542892e+00
-1.831453353180144017e+00
-1.824631141309061011e+00
-1.818641328900501897e+00
-1.813420465618648780e+00
-1.808897181277097976e+00
-1.805006563788724927e+00
-1.801624932917596844e+00
-1.798669753805123950e+00
-1.796105059398253934e+00
-1.793896290576124875e+00
-1.792007402029644814e+00
-1.790379920312958895e+00
-1.789006675116901812e+00
-1.787861108086870932e+00
-1.786913792424002834e+00
-1.786107744291903998e+00
-1.785416326309895885e+00
-1.784805070581685804e+00
-1.784245800603873944e+00
-1.783781868375690971e+00
-1.783419033814795940e+00
-1.783158401104268931e+00
-1.782952961677810810e+00
-1.782752430565091029e+00
-1.782580608587638782e+00
-1.782471525450100902e+00
-1.782412494780172940e+00
-1.782400966206906912e+00
-1.782397680948874852e+00
-1.782422422764347925e+00
-1.782427528914242831e+00
-1.782421463958088870e+00
-1.782407848672822981e+00
-1.782431901167955912e+00
-1.782495546998037028e+00
-1.782625917461674980e+00
-1.782819739565904893e+00
-1.783068994649126937e+00
-1.783361632117270945e+00
-1.783653733000258867e+00
-1.783887976739814807e+00
-1.784076123204807907e+00
-1.784197878576079921e+00
-1.784305417650999814e+00
-1.784425527319948968e+00
-1.784560611677380892e+00
-1.784652341071526926e+00
-1.784732172148753016e+00
-1.784786733296028993e+00
-1.784834364840459875e+00
-1.784937176755369892e+00
-1.785101502006877894e+00
-1.785332342053396859e+00
-1.785587295237101024e+00
-1.785790117605354999e+00
-1.785935995289001932e+00
-1.786017416815977921e+00
-1.786067968923333860e+00
-1.786121158774161888e+00
-1.786164702315018005e+00
-1.786229104332222928e+00
-1.786338874386580899e+00
-1.786443887943057973e+00
-1.786505166717004878e+00
-1.786552816665050836e+00
-1.786598910024753017e+00
-1.786608243937030993e+00
-1.786586021414442893e+00
-1.786556761415305949e+00
-1.786549327592207970e+00
-1.786585424973503811e+00
-1.786658945035421997e+00
-1.786710327287587941e+00
-1.786781847109078836e+00
-1.786834118251377834e+00
-1.786881906411204923e+00
-1.786957996265805981e+00
-1.787067459835564920e+00
-1.787187051323842812e+00
-1.787325767891652983e+00
-1.787475492924141873e+00
-1.787609511427484810e+00
-1.787712514859704838e+00
-1.787840101102077917e+00
-1.787990012905683823e+00
-1.788164054425258831e+00
-1.788361997573566953e+00
-1.788499794332294890e+00
-1.788577068921591851e+00
-1.788613434753484999e+00
-1.788646482540200866e+00
-1.788718107751194886e+00
-1.788778167092665905e+00
-1.788811985367491975e+00
-1.788816299954536948e+00
-1.788849371599187998e+00
-1.788940439055811016e+00
-1.789061602417973962e+00
-1.789161849059754950e+00
-1.789232359679837847e+00
-1.789293687208949990e+00
-1.789366436531496962e+00
-1.789471187401988850e+00
-1.789618882662275867e+00
-1.789768466480901932e+00
-1.789888115679888925e+00
-1.789956497766370891e+00
-1.789984297174251004e+00
-1.790010819591314917e+00
-1.789998321901003830e+00
-1.789969054471288956e+00
-1.789942732335988884e+00
-1.789946850927115918e+00
-1.789988539298149828e+00
-1.790025563061177882e+00
-1.790068002045305029e+00
-1.790112955848943921e+00
-1.790163918467876814e+00
-1.790236942754294791e+00
-1.790266009784843959e+00
-1.790269514834007980e+00
-1.790247933778512879e+00
-1.790228539427370924e+00
-1.790197377381325783e+00
-1.790194134913809965e+00
-1.790206063817629811e+00
-1.790235756580326854e+00
-1.790294089200785921e+00
-1.790317559218068899e+00
-1.790315153700333894e+00
-1.790313115748370931e+00
-1.790338375547877892e+00
-1.790417167475298887e+00
-1.790515993197019817e+00
-1.790632170012010915e+00
-1.790744915453946984e+00
-1.790830827045683860e+00
-1.790917745026647800e+00
-1.791020434091855851e+00
-1.791098738603684959e+00
-1.791162822726764858e+00
-1.791209287800354932e+00
-1.791231646117082965e+00
-1.791228416991007988e+00
-1.791213755216862991e+00
-1.791202984152634903e+00
-1.791203655892455782e+00
-1.791253076721653903e+00
-1.791297769216332991e+00
-1.791340336119664922e+00
-1.791408117282824008e+00
-1.791505214446682981e+00
-1.791584970393764964e+00
-1.791641946146738995e+00
-1.791655720868500001e+00
-1.791636488447001962e+00
-1.791617341710638911e+00
-1.791615799795764019e+00
-1.791620142629791967e+00
-1.791644857284734993e+00
-1.791644433809612025e+00
-1.791623228285883940e+00
-1.791616653988632901e+00
-1.791654268914440795e+00
-1.791748474528686907e+00
-1.791893299608094958e+00
-1.792040920160833828e+00
-1.792134382667099901e+00
-1.792186675363996784e+00
-1.792191410179975852e+00
-1.792195241190953858e+00
-1.792195183970164862e+00
-1.792219409140450859e+00
-1.792225472324780799e+00
-1.792246998973021865e+00
-1.792301045907975787e+00
-1.792333699681210923e+00
-1.792355853148853928e+00
-1.792357578099740945e+00
-1.792356726126069999e+00
-1.792382867462297913e+00
-1.792378343272963859e+00
-1.792363801391433809e+00
-1.792335186626090815e+00
-1.792318156964769926e+00
-1.792321033129027796e+00
-1.792368064917359893e+00
-1.792457707722090010e+00
-1.792595975074029901e+00
-1.792719617898896001e+00
-1.792823475486169826e+00
-1.792909820740985927e+00
-1.792912010202818873e+00
-1.792869319850278975e+00
-1.792812324846295935e+00
-1.792741803777180953e+00
-1.792643646787089873e+00
-1.792556450809662971e+00
-1.792536722087114898e+00
-1.792570980375445933e+00
-1.792653964376420994e+00
-1.792765746206751887e+00
-1.792897208514967922e+00
-1.792968661399444885e+00
-1.792991291599197012e+00
-1.793003590708581951e+00
-1.792968418671274877e+00
-1.792923642635135817e+00
-1.792902435565989938e+00
-1.792885859266917903e+00
-1.792893526938773796e+00
-1.792939076405841936e+00
-1.792984189552818020e+00
-1.793033253260417847e+00
-1.793085886400765938e+00
-1.793156570514367942e+00
-1.793207195811818977e+00
-1.793246370829640002e+00
-1.793291751934310785e+00
-1.793297026193324983e+00
-1.793282170402042963e+00
-1.793277751440559786e+00
-1.793312361357606965e+00
-1.793328929203180877e+00
-1.793301855451852944e+00
-1.793242239131242810e+00
-1.793176655740480907e+00
-1.793129315518918965e+00
-1.793117412966717783e+00
-1.793151523939242820e+00
-1.793209666531417001e+00
-1.793281380710217920e+00
-1.793300257967986866e+00
-1.793300977133860830e+00
-1.793281978876280824e+00
-1.793289601102495023e+00
-1.793294718125086007e+00
-1.793294127712391939e+00
-1.793282547004143801e+00
-1.793243571213937848e+00
-1.793181238377976827e+00
-1.793126443373988854e+00
-1.793103583399257905e+00
-1.793113187901628880e+00
-1.793149417006129953e+00
-1.793232038646660920e+00
-1.793359677651629847e+00
-1.793434506582151977e+00
-1.793474354114144020e+00
-1.793462391350987950e+00
-1.793439121774119016e+00
-1.793442415757383834e+00
-1.793499625874680925e+00
-1.793609362168932853e+00
-1.793745861125437990e+00
-1.793804785260080914e+00
-1.793802328124612933e+00
-1.793778726239064980e+00
-1.793769150409813884e+00
-1.793827456211757987e+00
-1.793936259703013958e+00
-1.793979739953866837e+00
-1.793962368565670928e+00
-1.793905945503131871e+00
-1.793845318111614962e+00
-1.793846802402266905e+00
-1.793905406691182813e+00
-1.793954692144895890e+00
-1.793977618030839993e+00
-1.793978993206637895e+00
-1.793971934387022849e+00
-1.793922172008422855e+00
-1.793868891158825862e+00
-1.793844086777441893e+00
-1.793810482407951934e+00
-1.793766939632251978e+00
-1.793740176184229984e+00
-1.793741172694737873e+00
-1.793782479785587913e+00
-1.793863933267573874e+00
-1.793947592561346838e+00
-1.794013124194747011e+00
-1.794046656982927868e+00
-1.794058223246982831e+00
-1.794051805132806932e+00
-1.794044723894606008e+00
-1.794061667524642800e+00
-1.794018598067062875e+00
-1.793968844405198881e+00
-1.793916978854202871e+00
-1.793907060794574848e+00
-1.793952622076217862e+00
-1.794025534791352960e+00
-1.794069201538033953e+00
-1.794080076828611814e+00
-1.794061251314296834e+00
-1.794045576984408807e+00
-1.793990835569069020e+00
-1.793917199050270916e+00
-1.793881961379689916e+00
-1.793899553513805811e+00
-1.793971277048422852e+00
-1.794040091399766945e+00
-1.794057923842206970e+00
-1.794047267537244972e+00
-1.794001902343805854e+00
-1.793980824287458864e+00
-1.793959306790128938e+00
-1.793925264430662025e+00
-1.793877394048670970e+00
-1.793821797999407996e+00
-1.793764110145758872e+00
-1.793712891313979929e+00
-1.793704496170683838e+00
-1.793674575874621979e+00
-1.793646871008503840e+00
-1.793651844824774910e+00
-1.793694517812288947e+00
-1.793767976127492947e+00
-1.793831063787511892e+00
-1.793886075447670869e+00
-1.793951250188086988e+00
-1.793989869839101026e+00
-1.794022112746808784e+00
-1.794060334956146807e+00
-1.794116872683698016e+00
-1.794192638123511818e+00
-1.794208597910294856e+00
-1.794164553160239928e+00
-1.794102324651565938e+00
-1.794056630350719939e+00
-1.794060054303956875e+00
-1.794051276970652919e+00
-1.794017767302976019e+00
-1.793969505448931967e+00
-1.793903697360682781e+00
-1.793859610103243796e+00
-1.793849323899417980e+00
-1.793884903584024970e+00
-1.793914898976975980e+00
-1.793926147448795971e+00
-1.793892275968755889e+00
-1.793842236158453840e+00
-1.793796545370712980e+00
-1.793782377567364916e+00
-1.793799094262193972e+00
-1.793859508536925995e+00
-1.793916203546620958e+00
-1.793929951616145990e+00
-1.793927947379746923e+00
-1.793941329095806836e+00
-1.793895527024530923e+00
-1.793829253003967894e+00
-1.793775505750558885e+00
-1.793738488628561001e+00
-1.793693834284875832e+00
-1.793684887398041994e+00
-1.793698751330131902e+00
-1.793733762224549944e+00
-1.793734953514803943e+00
-1.793728097479612815e+00
-1.793757735732983916e+00
-1.793814604223856968e+00
-1.793914324492740908e+00
-1.794018586869902787e+00
-1.794100845480663953e+00
-1.794169141635820974e+00
-1.794190146047888845e+00
-1.794183989159003012e+00
-1.794170466856680912e+00
-1.794151014034520930e+00
-1.794110177503442927e+00
-1.794063474648150969e+00
-1.794045289599540904e+00
-1.794089257520084857e+00
-1.794116968946709800e+00
-1.794110268398797947e+00
-1.794092129067248909e+00
-1.794097575930181820e+00
-1.794096704347279969e+00
-1.794113540046750943e+00
-1.794127185901293942e+00
-1.794153365878943918e+00
-1.794201059525520892e+00
-1.794242996383340838e+00
-1.794238558654978943e+00
-1.794173631006094949e+00
-1.794114014053350026e+00
-1.794092467279361003e+00
-1.794119643417862786e+00
-1.794130003752803848e+00
-1.794110886631214985e+00
-1.794076442601374000e+00
-1.794058344436343821e+00
-1.794103072799116960e+00
-1.794143762267412789e+00
-1.794168415453708976e+00
-1.794173610920826833e+00
-1.794175390058399877e+00
-1.794152375345278827e+00
-1.794154821902467001e+00
-1.794168503322184804e+00
-1.794189935886530973e+00
-1.794261901860162878e+00
-1.794315550359379952e+00
-1.794315861999459916e+00
-1.794283442562251807e+00
-1.794221160128944836e+00
-1.794148671973208931e+00
-1.794127028871253859e+00
-1.794141698128891793e+00
-1.794159408681282875e+00
-1.794149508396271964e+00
-1.794121540067915799e+00
-1.794084079798242026e+00
-1.794047000172650952e+00
-1.794030185637063957e+00
-1.794055187459220990e+00
-1.794108613270855912e+00
-1.794188305807479900e+00
-1.794252686609651981e+00
-1.794267775654224018e+00
-1.794240136041351796e+00
-1.794201996642923902e+00
-1.794173756761380911e+00
-1.794154599985006815e+00
-1.794157925790468955e+00
-1.794190086792894823e+00
-1.794258957137422783e+00
-1.794354774898449856e+00
-1.794455163970666955e+00
-1.794474027967251972e+00
-1.794440884605575937e+00
-1.794373037276962846e+00
-1.794323582130726846e+00
-1.794281869170288868e+00
-1.794262832809755848e+00
-1.794253508204152858e+00
-1.794268524647857799e+00
-1.794258414241737931e+00
-1.794206232238258814e+00
-1.794139921480648825e+00
-1.794093868340322917e+00
-1.794103694348459843e+00
