1.998401444325281773e-15
-2.058752274181063768e-04
-3.914517011980311878e-04
-5.528315546379225509e-04
-7.710751019780470727e-04
-9.575216518680207400e-04
-1.119163744478068878e-03
-1.338349474157896069e-03
-1.535578731338027580e-03
-1.704510265027936455e-03
-1.936968446857978421e-03
-2.136722457537931774e-03
-2.317757369268091949e-03
-2.553778342438084437e-03
-2.750260004368065836e-03
-2.928499755908031688e-03
-3.173958007488097977e-03
-3.384188844798075024e-03
-3.566484274148074007e-03
-3.814167797637990631e-03
-4.026200579027916504e-03
-4.209649668047932281e-03
-4.462988105758070034e-03
-4.682862397267895105e-03
-4.937767031228057490e-03
-5.160856358928045395e-03
-5.351749234058011950e-03
-5.611805103177935905e-03
-5.837499757407993428e-03
-6.037152576837900853e-03
-6.307444511367998885e-03
-6.537689040077898639e-03
-6.738667134958076232e-03
-7.006039790667939471e-03
-7.239891914607943235e-03
-7.446810479347920619e-03
-7.720169000227983247e-03
-7.957011259497992484e-03
-8.237581562358098353e-03
-8.482120991547992261e-03
-8.762893614068012482e-03
-9.012927207437959609e-03
-9.300704353077948738e-03
-9.557140343148029515e-03
-9.852707003928040663e-03
-1.011220311031801877e-02
-1.041122147516793106e-02
-1.066977492630805102e-02
-1.096989252332791764e-02
-1.123480233306795029e-02
-1.155178686400804011e-02
-1.182654001648808517e-02
-1.214234679204806433e-02
-1.241250411304806178e-02
-1.272464705258791184e-02
-1.300009309019789505e-02
-1.332365746367791814e-02
-1.360253135976807748e-02
-1.392893405715800448e-02
-1.421353230027810888e-02
-1.454987419944808735e-02
-1.484563894574808529e-02
-1.519002142282799284e-02
-1.549531874382803487e-02
-1.584459554924810831e-02
-1.614381061818792595e-02
-1.649296633414798485e-02
-1.680461071439798282e-02
-1.716276168368802146e-02
-1.747423662724800764e-02
-1.783435582723802426e-02
-1.815640516482797118e-02
-1.851972753729791421e-02
-1.884394695184798962e-02
-1.922323698835803896e-02
-1.955370386707810937e-02
-1.992932022740800946e-02
-2.026459044267792109e-02
-2.064457866135804842e-02
-2.098604825993799494e-02
-2.138304523818801428e-02
-2.172640280909798882e-02
-2.212425602362810828e-02
-2.248350369484808375e-02
-2.287623021584805905e-02
-2.322709465550798491e-02
-2.364271685160801439e-02
-2.400614205721796068e-02
-2.442647113845808349e-02
-2.479422686717791535e-02
-2.520913534674806833e-02
-2.563514137140798788e-02
-2.601969041158791462e-02
-2.646202775610806412e-02
-2.685445580697809476e-02
-2.730725688506807636e-02
-2.770197389740802763e-02
-2.815875847772808527e-02
-2.856454641194794419e-02
-2.903718132667809648e-02
-2.944875676128799746e-02
-2.993144913592793444e-02
-3.034424410153802043e-02
-3.082993757434793203e-02
-3.126334254793805556e-02
-3.175663843433795819e-02
-3.219154145948799339e-02
-3.269918763947798901e-02
-3.314905430028791677e-02
-3.367992786745799272e-02
-3.415065690426799527e-02
-3.467461295506790719e-02
-3.513938744965794392e-02
-3.566398773881807038e-02
-3.612778347420797509e-02
-3.667829568976799237e-02
-3.716053402225805158e-02
-3.771258358678797329e-02
-3.827227846398795208e-02
-3.877254977778799017e-02
-3.934636617691800176e-02
-3.991739244705794221e-02
-4.042606511598800800e-02
-4.102639647335792894e-02
-4.161869172403798167e-02
-4.223207339133794314e-02
-4.283263553912797228e-02
-4.345491613023799715e-02
-4.408208330666796293e-02
-4.470854227488807453e-02
-4.534942340645797820e-02
-4.601076730351794097e-02
-4.666633112026796759e-02
-4.732472181117808319e-02
-4.800883266924804715e-02
-4.870165231797796146e-02
-4.941140003713795359e-02
-5.010076349762804249e-02
-5.082520364291798209e-02
-5.156275191235804023e-02
-5.227791821782790116e-02
-5.300605944051794971e-02
-5.366183803526802798e-02
-5.440223798521803822e-02
-5.516291247653803964e-02
-5.595492649073796620e-02
-5.674429575152806215e-02
-5.755164137254809020e-02
-5.835497014836810159e-02
-5.920397026856805134e-02
-6.005208754126800663e-02
-6.089712033626804022e-02
-6.176416909594806270e-02
-6.264620392206809996e-02
-6.355655828102801941e-02
-6.446751241039794245e-02
-6.538515775492803606e-02
-6.634443831826808413e-02
-6.729540455424798395e-02
-6.826826585078804577e-02
-6.923480932715797564e-02
-7.022825582590797033e-02
-7.124071232204798321e-02
-7.228333060600800053e-02
-7.335346218201799218e-02
-7.444128231590796396e-02
-7.553861830612795814e-02
-7.668335583898810981e-02
-7.783806146584804075e-02
-7.901237866588806114e-02
-8.022458899084794481e-02
-8.148277867741793301e-02
-8.272338322167804847e-02
-8.402622565624806583e-02
-8.535279427284803155e-02
-8.670734468616791979e-02
-8.806454559424792272e-02
-8.949396239190798852e-02
-9.094636439500791703e-02
-9.240599928437798205e-02
-9.392884574134807707e-02
-9.547552435070794097e-02
-9.700383696815806367e-02
-9.861860635113806062e-02
-1.002853724666878943e-01
-1.020024495916280749e-01
-1.037542538139679671e-01
-1.055672592648180252e-01
-1.074357136986681116e-01
-1.093642969988679603e-01
-1.113778119777979470e-01
-1.134231970345880303e-01
-1.155717252556480723e-01
-1.177155279777679642e-01
-1.200146745562580275e-01
-1.223574146617381064e-01
-1.247762261702280995e-01
-1.272720626783780951e-01
-1.299124175210379928e-01
-1.326124645243880185e-01
-1.354331999817179888e-01
-1.383598409115780470e-01
-1.414161409009979664e-01
-1.446943674581879780e-01
-1.481161249816480563e-01
-1.517564327157179260e-01
-1.554578504323080868e-01
-1.594631938931880821e-01
-1.636475230667979730e-01
-1.682155390311979026e-01
-1.730193164437479059e-01
-1.781443955064880846e-01
-1.836716245510681134e-01
-1.896897885932380401e-01
-1.963020195884879193e-01
-2.034525613422779600e-01
-2.114531664475580719e-01
-2.204286847157479468e-01
-2.309157851700280872e-01
-2.425816151061779280e-01
-2.542143763573079251e-01
-2.658044892868680620e-01
-2.775843372823680877e-01
-2.897653003138280781e-01
-3.013581732087879939e-01
-3.118141971956280845e-01
-3.218134619694279497e-01
-3.313680190294179262e-01
-3.405731169663979152e-01
-3.496265020458080297e-01
-3.586665448738179940e-01
-3.675039192254681009e-01
-3.764239537543279113e-01
-3.852569694614380591e-01
-3.939243658513080781e-01
-4.023369689460079002e-01
-4.104676679991379196e-01
-4.189054242191079247e-01
-4.268329504556180876e-01
-4.349318147125280642e-01
-4.430813884025579519e-01
-4.508355528489580433e-01
-4.586894727038579589e-01
-4.658792799044080279e-01
-4.731430503630280615e-01
-4.801274498416079339e-01
-4.875317584017480055e-01
-4.951253395665280443e-01
-5.024338813588880015e-01
-5.093859671632279262e-01
-5.161956866675980748e-01
-5.227132433902779152e-01
-5.291440521798280727e-01
-5.356330371109581101e-01
-5.419172026580278967e-01
-5.480301036368779855e-01
-5.542731782480780911e-01
-5.600821769125479133e-01
-5.667095793140979332e-01
-5.719334066290280294e-01
-5.774485353922480524e-01
-5.837493783260478963e-01
-5.865807833859379983e-01
-5.930625095548780479e-01
-5.997293936770680123e-01
-6.045422622281679814e-01
-6.096698884055280487e-01
-6.155781683486380995e-01
-6.213756181434979542e-01
-6.265159027552180682e-01
-6.315592262502180976e-01
-6.366438901647979431e-01
-6.418814048760079771e-01
-6.468637525034979241e-01
-6.518351838881679683e-01
-6.565763609226280551e-01
-6.613863383172580157e-01
-6.661331897250479805e-01
-6.707154687019780681e-01
-6.753491688991579700e-01
-6.798370479552080514e-01
-6.842913572706179615e-01
-6.887214424368679477e-01
-6.930537102153779827e-01
-6.972843171310780797e-01
-7.014342935202080298e-01
-7.055241964517280362e-01
-7.095740093217979272e-01
-7.136737930233580940e-01
-7.177503796798179181e-01
-7.218258179315679701e-01
-7.258159188360280289e-01
-7.296067229222080730e-01
-7.333744204484680118e-01
-7.371106607383179909e-01
-7.406958534241279146e-01
-7.442931757440980345e-01
-7.478330494909579684e-01
-7.513737269728779644e-01
-7.548405846006080999e-01
-7.581588264724881121e-01
-7.615118533828579839e-01
-7.649075576949480038e-01
-7.682022529033680769e-01
-7.714553149139780075e-01
-7.745971580661679123e-01
-7.777339317402180985e-01
-7.807981157080980950e-01
-7.838265325087880875e-01
-7.867996641276580050e-01
-7.898091333432479821e-01
-7.927117729799180168e-01
-7.956052994315079285e-01
-7.985007610034879910e-01
-8.013803477625380811e-01
-8.042409850682379346e-01
-8.070772554049279179e-01
-8.097299246112878990e-01
-8.123704780186180585e-01
-8.150177298912080204e-01
-8.176869603905980721e-01
-8.204005782019379023e-01
-8.230428143907879690e-01
-8.254547498144779727e-01
-8.279079243389779741e-01
-8.302933565222379020e-01
-8.326925537790179632e-01
-8.350953614010379056e-01
-8.375118904882479232e-01
-8.399182795057880124e-01
-8.422696028436980065e-01
-8.444496046854279570e-01
-8.466338040677179322e-01
-8.487601099670178950e-01
-8.509140147994080916e-01
-8.530966143378180266e-01
-8.551725968497179142e-01
-8.572643618341879712e-01
-8.593869691295878965e-01
-8.614338743809479837e-01
-8.633586230235679171e-01
-8.652707164171780096e-01
-8.671996037402980306e-01
-8.690030404571580380e-01
-8.708080767918180420e-01
-8.726420440796280875e-01
-8.743829186285780874e-01
-8.761782942200779800e-01
-8.779561687347579024e-01
-8.797038872878679694e-01
-8.814743479790378977e-01
-8.831557427062679544e-01
-8.848404379371779260e-01
-8.865065939172480647e-01
-8.881790808309579788e-01
-8.897844738667279874e-01
-8.914036820658080007e-01
-8.930240228578680828e-01
-8.945778014464980110e-01
-8.961317879814980625e-01
-8.976509061809079260e-01
-8.991956177025479668e-01
-9.007212527060579621e-01
-9.022215914297679884e-01
-9.036279966032780830e-01
-9.050218602608979257e-01
-9.063887440603679568e-01
-9.078047630982279959e-01
-9.092110371749879683e-01
-9.105650809191379036e-01
-9.119081674060380838e-01
-9.131650182019579454e-01
-9.144314653791880687e-01
-9.157341679495880626e-01
-9.170111541345880024e-01
-9.182332565526980517e-01
-9.194363704956380889e-01
-9.206383526572980980e-01
-9.218889175545679215e-01
-9.231254116575380309e-01
-9.243661966053480228e-01
-9.255168041176680127e-01
-9.266441548910779868e-01
-9.277146134710378966e-01
-9.287883607719780166e-01
-9.299176435864779933e-01
-9.309128085818278997e-01
-9.319204255860880082e-01
-9.329636016455380432e-01
-9.340067829322280524e-01
-9.350842491190380912e-01
-9.360240460982081068e-01
-9.369848072850079923e-01
-9.379271748351580840e-01
-9.389214477004379500e-01
-9.399422457768780159e-01
-9.408261573915479570e-01
-9.416953407599579773e-01
-9.425577776898079740e-01
-9.434542180479079665e-01
-9.442748198087180800e-01
-9.451339833178180605e-01
-9.459838677593679357e-01
-9.468328016104881062e-01
-9.477061766874479432e-01
-9.484887630678080495e-01
-9.492610277950179754e-01
-9.500332532065580704e-01
-9.507966193210379835e-01
-9.516512323445780464e-01
-9.524248454260380026e-01
-9.532627909832180890e-01
-9.540927419066880244e-01
-9.548109670217279632e-01
-9.555235799003078956e-01
-9.562492486518379131e-01
-9.569529115943580244e-01
-9.576689234105919546e-01
-9.583228535274550541e-01
-9.589832656478760597e-01
-9.595733485677360175e-01
-9.601988007127689739e-01
-9.608985968759089502e-01
-9.615369627455000456e-01
-9.621979628362700154e-01
-9.628364908706440461e-01
-9.634310166480010151e-01
-9.641061256835280480e-01
-9.647856736187899740e-01
-9.653426398234049577e-01
-9.658426482724490336e-01
-9.663627675284629515e-01
-9.669318897907249744e-01
-9.675456921470000360e-01
-9.680817967840890104e-01
-9.686496254768359737e-01
-9.692259374549400119e-01
-9.697302534946410368e-01
-9.702233598072049769e-01
-9.707520954368460409e-01
-9.713001369698630594e-01
-9.719080235638779541e-01
-9.724534373225389716e-01
-9.729041961354950585e-01
-9.733406024093319564e-01
-9.738023115844589572e-01
-9.742470758020049804e-01
-9.747521960788240181e-01
-9.751972920567709702e-01
-9.756749710315419932e-01
-9.761038931518619677e-01
-9.765716129660629852e-01
-9.770881181239020608e-01
-9.775220630466729954e-01
-9.779586768199800551e-01
-9.782594469626579858e-01
-9.786660182096870164e-01
-9.790652316155830093e-01
-9.794541684036770501e-01
-9.798563203686350143e-01
-9.802544647933150168e-01
-9.806765420276439826e-01
-9.810809317822070108e-01
-9.815355083860840546e-01
-9.819640395355050400e-01
-9.823895058873499675e-01
-9.827510500350710165e-01
-9.831240955851020535e-01
-9.835037794225259811e-01
-9.837645736218429970e-01
-9.840632912758060513e-01
-9.843782287836879696e-01
-9.846767326106280471e-01
-9.849869217369759955e-01
-9.852928381951600034e-01
-9.856364851127530358e-01
-9.860474215310589541e-01
-9.863794875904500215e-01
-9.867891093505190003e-01
-9.871059177724139655e-01
-9.873503203254480054e-01
-9.876169938019020433e-01
-9.878681063949650287e-01
-9.880848991631160372e-01
-9.883626636375689722e-01
-9.886945927456920469e-01
-9.889719217233350346e-01
-9.892637800644630275e-01
-9.895782980016030184e-01
-9.898035421900680531e-01
-9.900835212423280129e-01
-9.903664119984929570e-01
-9.906744478026640044e-01
-9.909327967313690255e-01
-9.911931513398359872e-01
-9.914578112068790361e-01
-9.915866704394099562e-01
-9.918120248964240604e-01
-9.920936543572069777e-01
-9.922702523454099977e-01
-9.925528869783090125e-01
-9.926900049242010082e-01
-9.929140811802290578e-01
-9.931294686366589630e-01
-9.933508695264759991e-01
-9.935924130897320072e-01
-9.938084425193770555e-01
-9.940289351460790401e-01
-9.942601230755959696e-01
-9.944023340042610348e-01
-9.946181377245839617e-01
-9.947650603325970398e-01
-9.949491115365810545e-01
-9.951461010541150509e-01
-9.953848520342659656e-01
-9.955700435245470326e-01
-9.957884606615610146e-01
-9.960063026613109605e-01
-9.961102218851130008e-01
-9.962275671962950163e-01
-9.964439305631750399e-01
-9.967253547376739853e-01
-9.969420187681510281e-01
-9.971191881476919594e-01
-9.972590924979609639e-01
-9.974166335793529514e-01
-9.975093488353540261e-01
-9.976722079295680112e-01
-9.978770663945509822e-01
-9.981124921690740504e-01
-9.983423093046630559e-01
-9.985333432787310004e-01
-9.986036799337419945e-01
-9.986968741695799734e-01
-9.988300108463039617e-01
-9.990163679797989804e-01
-9.992247198847330480e-01
-9.994497639355039986e-01
-9.995213761149459586e-01
-9.996058123466959877e-01
-9.997127014875130113e-01
-9.998333043970839551e-01
-1.000051007559400018e+00
-1.000280771486353970e+00
-1.000355898414670097e+00
-1.000466798516973954e+00
-1.000573794736808964e+00
-1.000675844784314039e+00
-1.000779944091160889e+00
-1.000883391525679844e+00
-1.001013172314352051e+00
-1.001109630725367072e+00
-1.001224415441372084e+00
-1.001334375665638099e+00
-1.001493207708676003e+00
-1.001684284184042983e+00
-1.001885709513244960e+00
-1.001961084729003026e+00
-1.002077862771649119e+00
-1.002160704137700975e+00
-1.002249662916259165e+00
-1.002354232626121000e+00
-1.002487720032094964e+00
-1.002629877029228123e+00
-1.002711166322724168e+00
-1.002838919128097972e+00
-1.002976107266394967e+00
-1.003118191734850839e+00
-1.003283751307137095e+00
-1.003429606362195026e+00
-1.003453648391491981e+00
-1.003517474222046957e+00
-1.003555033358364934e+00
-1.003636612151469043e+00
-1.003722554490714902e+00
-1.003806119052626844e+00
-1.003959433426771852e+00
-1.004132278354193053e+00
-1.004316401952804139e+00
-1.004336305413092045e+00
-1.004358847505085972e+00
-1.004391458826583872e+00
-1.004463104003757046e+00
-1.004571573672425000e+00
-1.004675828848533126e+00
-1.004689447182373963e+00
-1.004707857612475941e+00
-1.004763896397042000e+00
-1.004818746486126901e+00
-1.004856555439640031e+00
-1.004926180171164862e+00
-1.004942202604350854e+00
-1.005036228654946129e+00
-1.005163658785485969e+00
-1.005305785301588095e+00
-1.005384663518532840e+00
-1.005445475681074896e+00
-1.005511876352060074e+00
-1.005609770261151947e+00
-1.005645822853189042e+00
-1.005736431010411991e+00
-1.005833782036722912e+00
-1.005977660947733998e+00
-1.005978945925916967e+00
-1.005986006591151005e+00
-1.005979995889957124e+00
-1.006035964935624083e+00
-1.006115203892159027e+00
-1.006234182505814978e+00
-1.006302731232092906e+00
-1.006310316451083153e+00
-1.006342808068715122e+00
-1.006344575154658916e+00
-1.006390576653028113e+00
-1.006461237385980922e+00
-1.006552238927549858e+00
-1.006556844151496932e+00
-1.006613390340970859e+00
-1.006604849497436005e+00
-1.006622478452660951e+00
-1.006670221062182957e+00
-1.006777496366126901e+00
-1.006862544664953951e+00
-1.006961296084726953e+00
-1.007000147587100880e+00
-1.006961535778946981e+00
-1.006965425108141021e+00
-1.007052094264015984e+00
-1.007046001506214150e+00
-1.007029751684479058e+00
-1.007076741008929854e+00
-1.007179473288707161e+00
-1.007218411142173142e+00
-1.007262659510236080e+00
-1.007236793774938910e+00
-1.007264697820112964e+00
-1.007244845095718988e+00
-1.007301172685352020e+00
-1.007399575372611045e+00
-1.007543103131463003e+00
-1.007670531454298857e+00
-1.007694389614189001e+00
-1.007693488089919986e+00
-1.007669304555905976e+00
-1.007648098220178978e+00
-1.007666207503246980e+00
-1.007724105080317845e+00
-1.007724730011287040e+00
-1.007730427337798051e+00
-1.007763205102041981e+00
-1.007873755086929890e+00
-1.007967870992978021e+00
-1.007917345961280908e+00
-1.007904470943889130e+00
-1.007918573440840015e+00
-1.007989870681480049e+00
-1.008021404249555886e+00
-1.008059570887792855e+00
-1.008088486751252955e+00
-1.008153346223327862e+00
-1.008259357884258023e+00
-1.008281562902065165e+00
-1.008215126010755025e+00
-1.008167582591438016e+00
-1.008216956919734120e+00
-1.008277276160034930e+00
-1.008324525906246993e+00
-1.008311700046226056e+00
-1.008296142539153895e+00
-1.008337447251203001e+00
-1.008416909379278970e+00
-1.008534974135882001e+00
-1.008515925985105088e+00
-1.008514576553751985e+00
-1.008489665626743914e+00
-1.008512188475878091e+00
-1.008507070328644950e+00
-1.008510227685572858e+00
-1.008491831558623986e+00
-1.008588836258041077e+00
-1.008670930890343875e+00
-1.008586605422906013e+00
-1.008590123419224938e+00
-1.008554692866924007e+00
-1.008581714011866026e+00
-1.008564383430037958e+00
-1.008598942816910871e+00
-1.008666643192536849e+00
-1.008656074317506146e+00
-1.008645062477766974e+00
-1.008634404568463871e+00
-1.008662647900238074e+00
-1.008672543151074130e+00
-1.008724558289776141e+00
-1.008780509246544055e+00
-1.008847509778164842e+00
-1.008950219033776019e+00
-1.008946804304591049e+00
-1.008902722135109009e+00
-1.008868230099096985e+00
-1.008870528144445000e+00
-1.008874453194001042e+00
-1.008889325676730842e+00
-1.008933511909098968e+00
-1.009004745030937844e+00
-1.009128298286014136e+00
-1.009223001255971974e+00
-1.009301020607463073e+00
-1.009209336544389934e+00
-1.009147188447693022e+00
-1.009123581887376053e+00
-1.009221749146659075e+00
-1.009205247368858860e+00
-1.009226506647435961e+00
-1.009240503833666924e+00
-1.009334064524428864e+00
-1.009285564521745115e+00
-1.009228747035872065e+00
-1.009186789725180056e+00
-1.009228040924952108e+00
-1.009295954912267979e+00
