1.387778780781445676e-17
-3.534245074883479720e-06
-4.886700430480062085e-06
-4.191650369682331512e-06
-3.070608672481323076e-06
4.928577450186155673e-07
6.070265439216127046e-06
1.201462383741691564e-05
2.019621920121977832e-05
3.050097270461404886e-05
4.108923937691522088e-05
5.417556098061965253e-05
6.919604259731509943e-05
8.470939289801499017e-05
1.028244483253157315e-04
1.227839795681154311e-04
1.429537486845183780e-04
1.656998923348154684e-04
1.905378806683136195e-04
2.156058976321151288e-04
2.432352802285153714e-04
2.729359800697148120e-04
3.027518194241157756e-04
3.351057230492199279e-04
3.684923883093202401e-04
4.043728760388179411e-04
4.424117269463193058e-04
4.805633746558166108e-04
5.212616109231196782e-04
5.639935125978171038e-04
6.068520882630198954e-04
6.524164461683135130e-04
7.000665704957192981e-04
7.478748388857134333e-04
7.982061958981198635e-04
8.505742941445140759e-04
9.031099557876148820e-04
9.582407151428190550e-04
1.014207560621413484e-03
1.072807888340819582e-03
1.132416727083813968e-03
1.194539814563418123e-03
1.257669540230918481e-03
1.323368639231013721e-03
1.390084613328713969e-03
1.459503570932017824e-03
1.529928184923014245e-03
1.603135234015617971e-03
1.677262962338318952e-03
1.754064335323816948e-03
1.831643744145614039e-03
1.912178387450613748e-03
1.993749717278017752e-03
2.078284986443718063e-03
2.163744216562416001e-03
2.251938866556016383e-03
2.340976127439914345e-03
2.432987820875913421e-03
2.525850261010716136e-03
2.621638708801617146e-03
2.718233131165315175e-03
2.817821063920415703e-03
2.918361580226819241e-03
3.021934669933813711e-03
3.126612490341018624e-03
3.234533848263117239e-03
3.343332543004819135e-03
3.455123005909915834e-03
3.567962367859514594e-03
3.684028901643619791e-03
3.801055733671218628e-03
3.921150387294618234e-03
4.042422062140019201e-03
4.166782301095815766e-03
4.292060610517213493e-03
4.420771317618213403e-03
4.550602033250618350e-03
4.683627797563219564e-03
4.817793942545119112e-03
4.955142750921716355e-03
5.093476351585114748e-03
5.235452628888116744e-03
5.378399850924517334e-03
5.524697430849719038e-03
5.672502932152018174e-03
5.823596353708014595e-03
5.975469405401917511e-03
6.131103771572818384e-03
6.287777461474318430e-03
6.448243571232720184e-03
6.609921864414419757e-03
6.774134120885913490e-03
6.941953274707417243e-03
7.110948062749214427e-03
7.283900982600219343e-03
7.458034197608015559e-03
7.636383816724219564e-03
7.815845461756516788e-03
7.999407540824718388e-03
8.184095640782020065e-03
8.373266053981517909e-03
8.563498034933718361e-03
8.758482260190915414e-03
8.954432155544818361e-03
9.154807351365118473e-03
9.356643618386319139e-03
9.563084347175919431e-03
9.770687530548917421e-03
9.983066692114718477e-03
1.019661761173141362e-02
1.041532340949831437e-02
1.063598120754781495e-02
1.086158617639871454e-02
1.108881864329791522e-02
1.132097323099941905e-02
1.155413163279291749e-02
1.179275264276991725e-02
1.203292436525411901e-02
1.227706418418881423e-02
1.252654772490301854e-02
1.277766811744381753e-02
1.303322520072991431e-02
1.329426564183651405e-02
1.355656344270531749e-02
1.382376657135811482e-02
1.409509168486301756e-02
1.437155539485051453e-02
1.465216491230201395e-02
1.493762216892821626e-02
1.522807171133711696e-02
1.552313350830771682e-02
1.582291508050461676e-02
1.612829369495411697e-02
1.643890491229251655e-02
1.675427456908771401e-02
1.707521826498631379e-02
1.740167739709921890e-02
1.773469747651301720e-02
1.807261766561691491e-02
1.841657990547241469e-02
1.876751939281411791e-02
1.912411250917941952e-02
1.948833989303901809e-02
1.985518311705591898e-02
2.022786748408571950e-02
2.060653824247631744e-02
2.099255262257521820e-02
2.138530347928451619e-02
2.178558512609091863e-02
2.219212449681901705e-02
2.260693344231252261e-02
2.302991432764762286e-02
2.346032109838012275e-02
2.389874195754191494e-02
2.434513962362992029e-02
2.480072402781541979e-02
2.526523171911961713e-02
2.573792010861471885e-02
2.622087501589052266e-02
2.671303099526232266e-02
2.721546506274342275e-02
2.772707966718061107e-02
2.824864577937871019e-02
2.878027433680551556e-02
2.932271505376762150e-02
2.987680554643502157e-02
3.044305261473192331e-02
3.102064519956201222e-02
3.161168856537221322e-02
3.221602355657971622e-02
3.283358885750991413e-02
3.346514897158712337e-02
3.411343645118441320e-02
3.477566286527591227e-02
3.545454789991801109e-02
3.615047436489601113e-02
3.686468637052121161e-02
3.759522536822502287e-02
3.834552262182271826e-02
3.911640145774091665e-02
3.990632686889591246e-02
4.071823322819671104e-02
4.155361592716621394e-02
4.240863243410451094e-02
4.328710490820612128e-02
4.419064258612661472e-02
4.512114019599942211e-02
4.607876234338421223e-02
4.706563675908841810e-02
4.808337517985841053e-02
4.913328531029432372e-02
5.021983897054501517e-02
5.134179036322791129e-02
5.250598762233681799e-02
5.370695924593622134e-02
5.495444360979161863e-02
5.624862848638181173e-02
5.759224283033071573e-02
5.898631780557501286e-02
6.043972335221601405e-02
6.195259229880101942e-02
6.353068595875302482e-02
6.517786021490101778e-02
6.689770777778300537e-02
6.870446957920600672e-02
7.060319087881603006e-02
7.261031210790602763e-02
7.472045579000102800e-02
7.695620121611601583e-02
7.932218809034502494e-02
8.184910929998601148e-02
8.454951591600801120e-02
8.744426304492200486e-02
9.056240321197300824e-02
9.394297580935401237e-02
9.764106063498401156e-02
1.017002077571880214e-01
1.062094528501770219e-01
1.112758170016870107e-01
1.171056873482630156e-01
1.238581214260620067e-01
1.314547479138760133e-01
1.397985701031460026e-01
1.488331137670910187e-01
1.585394060654090054e-01
1.686760147806520005e-01
1.789092635984740054e-01
1.891190986083770009e-01
1.992115074600949998e-01
2.091312686238399887e-01
2.188787962834040368e-01
2.284948091938429904e-01
2.379518073160480085e-01
2.473100404943050223e-01
2.565755540996290107e-01
2.657368039477520649e-01
2.747621070315650615e-01
2.835779273371280551e-01
2.923598805494830311e-01
3.009465078135820648e-01
3.094292660598520484e-01
3.178834629346170559e-01
3.261779439727740537e-01
3.344504564934910329e-01
3.424763531679070327e-01
3.503688698023230130e-01
3.580096683697450155e-01
3.655773600428570136e-01
3.731938909759340284e-01
3.807937169266020216e-01
3.882693815282010630e-01
3.956396372968290498e-01
4.028310573420850194e-01
4.098412990931090127e-01
4.167685450301820138e-01
4.235799087362780435e-01
4.302092017543860392e-01
4.368310080110320293e-01
4.431112848612180355e-01
4.497447044599870436e-01
4.559976926013280529e-01
4.619187823511300417e-01
4.686660710377610339e-01
4.737341138321919942e-01
4.790725904784800537e-01
4.851309649452359984e-01
4.908299630035990457e-01
4.962104160083959936e-01
5.017351402795540150e-01
5.074805274546310141e-01
5.131065622292030337e-01
5.185835239658310725e-01
5.239258969288180801e-01
5.293073506451599908e-01
5.345946449795040412e-01
5.398672136918409858e-01
5.449922578237190729e-01
5.500570502942140338e-01
5.550903710475240116e-01
5.599982744578060334e-01
5.648804683166360752e-01
5.696753723560410432e-01
5.743925888375920330e-01
5.790675432022290847e-01
5.836887855842880501e-01
5.882387152901870087e-01
5.927087358151840180e-01
5.970970340619030647e-01
6.013830502756730700e-01
6.056268255327400540e-01
6.098251033243889951e-01
6.140174577297060621e-01
6.182256674028250298e-01
6.223369718247990789e-01
6.263718104126720920e-01
6.303846854272440181e-01
6.342854248344060863e-01
6.381292353150840313e-01
6.418940492111000484e-01
6.456271233105320695e-01
6.493478360319600018e-01
6.529529385311350076e-01
6.564743992997260635e-01
6.599990584852389874e-01
6.634787239017390092e-01
6.669426645785910823e-01
6.703251321601180202e-01
6.736721840150949880e-01
6.769598961539420312e-01
6.802022174918320729e-01
6.833578544595870774e-01
6.865172595055220039e-01
6.896122742641750403e-01
6.926510657929270121e-01
6.956551231315490913e-01
6.986302278526120846e-01
7.015811446981760069e-01
7.045798083534650091e-01
7.074940254739280343e-01
7.103324195421489851e-01
7.131074174693640133e-01
7.158286549481069905e-01
7.185734879520589979e-01
7.213945696484860282e-01
7.240907357199810601e-01
7.267537499767680043e-01
7.293363599675460884e-01
7.318658275974410099e-01
7.343506233839720565e-01
7.368162633002610651e-01
7.392871034178820633e-01
7.418068725593740531e-01
7.442357243725690186e-01
7.466278453478409904e-01
7.489350487904710141e-01
7.511834700342570059e-01
7.534633963448750249e-01
7.556789720776569963e-01
7.578414002093429858e-01
7.600262698663320382e-01
7.622348151063750299e-01
7.643748751901610072e-01
7.664442840171380444e-01
7.685399728763180338e-01
7.705580619857560487e-01
7.725027427592869866e-01
7.744646090831049934e-01
7.763371908741300009e-01
7.781940158641250660e-01
7.800416668232720285e-01
7.818459359061690206e-01
7.836846363647650415e-01
7.854770163814340789e-01
7.872471767213929938e-01
7.889820450111070249e-01
7.907330620075230243e-01
7.924345968645920557e-01
7.941089855395100372e-01
7.958017359968120319e-01
7.974543462297369878e-01
7.990967570199750680e-01
8.006881456912150474e-01
8.022727827880310469e-01
8.038513784064920120e-01
8.054596174284049948e-01
8.070203199281900108e-01
8.085505860100190567e-01
8.100062670725790559e-01
8.114519507492150563e-01
8.129130762911400687e-01
8.143488207203510854e-01
8.158080013753270521e-01
8.172068052596720422e-01
8.185459435381240434e-01
8.198860072764170281e-01
8.212384503260310442e-01
8.225653671839000536e-01
8.238574950266180918e-01
8.250923528279150432e-01
8.263339030419190046e-01
8.275657848118610493e-01
8.288499373767870271e-01
8.301106427693160095e-01
8.313691297398669855e-01
8.325748365564960007e-01
8.337085229456450142e-01
8.349202831982370787e-01
8.360668987792689855e-01
8.371524763483410014e-01
8.382227676077630418e-01
8.392595938697929858e-01
8.403889655400120784e-01
8.414542995545730708e-01
8.425013854958510739e-01
8.434850326651840424e-01
8.444492424661630414e-01
8.455106327295510704e-01
8.465340327293140454e-01
8.475200622709759823e-01
8.484496593204859938e-01
8.494162808307690327e-01
8.503181450275650866e-01
8.512114364344269823e-01
8.520905378079950410e-01
8.529419075543600570e-01
8.538540862200110215e-01
8.547376101635580925e-01
8.555902046696299834e-01
8.564252310587869843e-01
8.571782009847320749e-01
8.580054422001960335e-01
8.587726226566420040e-01
8.595579732031040088e-01
8.604246244639079944e-01
8.612550043236690822e-01
8.620441075401560349e-01
8.628287324367700517e-01
8.635815493289270561e-01
8.643635943469890615e-01
8.651065739041949865e-01
8.658737495300290465e-01
8.665707081696560898e-01
8.671963068495260885e-01
8.678781663091530429e-01
8.685305405023620029e-01
8.691968341896429973e-01
8.698830770673540158e-01
8.704883989574260239e-01
8.711039950551510147e-01
8.718158445870770601e-01
8.725261234519470221e-01
8.731685772862950445e-01
8.737445345711090106e-01
8.742847639368049872e-01
8.748934802500740737e-01
8.754594965328320599e-01
8.760169063921620092e-01
8.766258789869880719e-01
8.772143459658819920e-01
8.777519378046710896e-01
8.782709215224010491e-01
8.787520113252510479e-01
8.793044254598449960e-01
8.799184121580380102e-01
8.805000199405280670e-01
8.810259148460920509e-01
8.815455200029280736e-01
8.820017778813100673e-01
8.825095293180760248e-01
8.829764203881590445e-01
8.834777647197260553e-01
8.839314819723080863e-01
8.843513265281400804e-01
8.848504561749490627e-01
8.853292127434100323e-01
8.858918706820050337e-01
8.863134670431680462e-01
8.867343668485709873e-01
8.871550682692790346e-01
8.875563641569490514e-01
8.879584452661309912e-01
8.883401284028740186e-01
8.887419148574470240e-01
8.891059558985540123e-01
8.895081722377410349e-01
8.899164680658020465e-01
8.903723730956630833e-01
8.907946757790480286e-01
8.911978840220510234e-01
8.916788566209400413e-01
8.920770572296899958e-01
8.924375230693449845e-01
8.927969912741710035e-01
8.931314264496860167e-01
8.934612894211190204e-01
8.937561738965110747e-01
8.940121102330730318e-01
8.943608329531800294e-01
8.946470980043970123e-01
8.950286115458060410e-01
8.954449995686940555e-01
8.958015483494530251e-01
8.961458918474410895e-01
8.964910726390120654e-01
8.967591100920110359e-01
8.969883093961140696e-01
8.972806264263319953e-01
8.975569918364910693e-01
8.978188019127110175e-01
8.981570504082659889e-01
8.984261259808540290e-01
8.986940495688600095e-01
8.989454569900660053e-01
8.992453594205550571e-01
8.995320033505880275e-01
8.998074322835249994e-01
9.001786076539370907e-01
9.004186273786910499e-01
9.006122401357979923e-01
9.009032219478579906e-01
9.010868859994209945e-01
9.014005853216769948e-01
9.016060262438920780e-01
9.018211408332940104e-01
9.020306009902749889e-01
9.022267465173750001e-01
9.024514353824190094e-01
9.026693744565150723e-01
9.028786538283940510e-01
9.031578675802350853e-01
9.033480572442710299e-01
9.035943705453309827e-01
9.037879132883910316e-01
9.039684249617500056e-01
9.041207252997590649e-01
9.043325674151030391e-01
9.045120004740470065e-01
9.047000470231350011e-01
9.049788661305580018e-01
9.052042189263390659e-01
9.053286104323070571e-01
9.054256781943970100e-01
9.056144966141790320e-01
9.058382002542340050e-01
9.060771321364240460e-01
9.062776935710620263e-01
9.065151902386200389e-01
9.066642168611500630e-01
9.067842250073110399e-01
9.069008918069780822e-01
9.070494116371240478e-01
9.072454291748300870e-01
9.075293171063210096e-01
9.077432000274060497e-01
9.078969984697740081e-01
9.080050083975820252e-01
9.081145758615190022e-01
9.082345512795910736e-01
9.084940327639190460e-01
9.086972844350840184e-01
9.088540331793980576e-01
9.089876351640250318e-01
9.090442976266290831e-01
9.091300517901890199e-01
9.093660004011689946e-01
9.095350137127190537e-01
9.096920097959780849e-01
9.098398161842220500e-01
9.099742528547970499e-01
9.101011336352390346e-01
9.102018017151590756e-01
9.103339615196530676e-01
9.104429676329650611e-01
9.105563392158440017e-01
9.106313067370960246e-01
9.107015092867219996e-01
9.107923625890920194e-01
9.110042013392920524e-01
9.111506536171990467e-01
9.113146751050570371e-01
9.114535925512839976e-01
9.115678811026159956e-01
9.116572527660200542e-01
9.117500480731790535e-01
9.119001067677160455e-01
9.119975642455470100e-01
9.120944940559750913e-01
9.121967101004639922e-01
9.122900089150890457e-01
9.124148999193300025e-01
9.126362158859759877e-01
9.127786577618129948e-01
9.129213308619270606e-01
9.130046111673590925e-01
9.130836987064320232e-01
9.131657751427330050e-01
9.131947561725630713e-01
9.132384932846719927e-01
9.133043119337840299e-01
9.135226569782440853e-01
9.136899620381880860e-01
9.138139162357100664e-01
9.138856085478850311e-01
9.139288721387049952e-01
9.139906897220970716e-01
9.141312347910680591e-01
9.142369409854600448e-01
9.142925488193340833e-01
9.143488864830170426e-01
9.144175638645600790e-01
9.144542653901780449e-01
9.145395011977370814e-01
9.145482926295960269e-01
9.145519692617120056e-01
9.145740239924879944e-01
9.146728123131570021e-01
9.147798922888900064e-01
9.148708974365170610e-01
9.149313895514560313e-01
9.150475514083920014e-01
9.151021657809140786e-01
9.151598824400770660e-01
9.151912114780860197e-01
9.153579887141530813e-01
9.154796044946170719e-01
9.155830469622170398e-01
9.156123965536280274e-01
9.156301959687320746e-01
9.156322487403730781e-01
9.157007694771490680e-01
9.158153869457180685e-01
9.158846364093800041e-01
9.159681671302020156e-01
9.159978621658669828e-01
9.160124545266190577e-01
9.160248291718590119e-01
9.161219713619560556e-01
9.161566544550640012e-01
9.162461359302470632e-01
9.162916476479130434e-01
9.163072189080759822e-01
9.162848636636200528e-01
9.163106510618730383e-01
9.163399447180160529e-01
9.164314306530790821e-01
9.165689271873530553e-01
9.166309047658310893e-01
9.166152626358630151e-01
9.166952105452280675e-01
9.167618999541130576e-01
9.167599740335050651e-01
9.167270884197070702e-01
9.167756851539730079e-01
9.168175723937100896e-01
9.169134420800310048e-01
9.169384288739730327e-01
9.170005855480490853e-01
9.169844250550500675e-01
9.169534682508330148e-01
9.169190847896659946e-01
9.169398317359660489e-01
9.170651978713389996e-01
9.171842408667260083e-01
9.172915634510820926e-01
9.173644622783559965e-01
9.173842985639439895e-01
9.173731221866310293e-01
9.174224775287820322e-01
9.174560124587179955e-01
9.174619457166810488e-01
9.174146274542900326e-01
9.174179790005930757e-01
9.175538837322350094e-01
9.176154077516660568e-01
9.176380803919490514e-01
9.176146965129979849e-01
9.176446147037260470e-01
9.176696253686510429e-01
9.177047045592340302e-01
9.177104858477140858e-01
9.176987762087460698e-01
9.177795709466500806e-01
9.179137599932120084e-01
9.179846155827210419e-01
9.179523551805420789e-01
9.179314397808450154e-01
9.179401268829719962e-01
9.180040983777429942e-01
9.180514019504650847e-01
9.180397296608210356e-01
9.180115069735780287e-01
9.179795906240160175e-01
9.180889970419779944e-01
9.181532761200070780e-01
9.182195217002450116e-01
9.182271169156009938e-01
9.182594973044230224e-01
9.182763804766310711e-01
9.183064845567910917e-01
9.182361519133600547e-01
9.182177534018540754e-01
9.183513415498970600e-01
9.183644548176110867e-01
9.184051783152230586e-01
9.183794909494660264e-01
9.184007025667120239e-01
9.183727194333940469e-01
9.183344026171860186e-01
9.183818267311690819e-01
9.184154147220849884e-01
9.184378727249380425e-01
9.184223874148030875e-01
9.184315692547420085e-01
9.184084834438290823e-01
9.184004633663500616e-01
9.183992720076350480e-01
9.183869288314930879e-01
9.184836731756580441e-01
9.185869442422220921e-01
9.186468873625069920e-01
9.186555951762650496e-01
9.186614960131820329e-01
9.186584946372400307e-01
9.186372552817629877e-01
9.186109983450599925e-01
9.185680093309740446e-01
9.185873405645350598e-01
9.186373401066380007e-01
9.188239980836980791e-01
9.189199569884229923e-01
9.189478557277390713e-01
9.188695912482330863e-01
9.189222827176150021e-01
9.189290235553020381e-01
9.189447903098990622e-01
9.188988162374099877e-01
9.189958203459170916e-01
9.190637774564320850e-01
9.190900989103499841e-01
9.190359425690940443e-01
9.189844500809219996e-01
