4.163336342344337027e-17
-3.131119340055166234e-06
-4.312167322655102719e-06
-3.589929615556430864e-06
-2.397035336561270658e-06
7.591956302441249527e-07
5.696195775443946285e-06
1.101597948274107841e-05
1.841609002563998621e-05
2.756589263644415588e-05
3.692795017034428140e-05
4.834601422284284800e-05
6.180333929624304279e-05
7.553516430144208149e-05
9.152555184464145066e-05
1.092311407163426562e-04
1.271924538505386781e-04
1.470715719735435356e-04
1.687785049539411442e-04
1.907204444249396835e-04
2.146515946448435130e-04
2.403464847113429004e-04
2.664135333967435071e-04
2.944213956639421537e-04
3.233596557253443082e-04
3.543343125811393435e-04
3.869806904478398368e-04
4.199024058221395572e-04
4.549131689794427835e-04
4.916675677330423211e-04
5.287062888902419044e-04
5.678747089135419146e-04
6.088715282096396342e-04
6.498625373585406595e-04
6.931141166192436587e-04
7.382391851709427244e-04
7.832661183324388099e-04
8.306175413510391570e-04
8.788160802457381515e-04
9.291218302718423638e-04
9.803246988650399230e-04
1.033743865851338706e-03
1.088127036102039258e-03
1.144654712679042674e-03
1.201914811730341037e-03
1.261353023818440056e-03
1.321495332094142772e-03
1.384050921204339757e-03
1.447495563097943305e-03
1.512944774615838928e-03
1.579386671308642687e-03
1.648047801941839030e-03
1.717485224981538106e-03
1.789314000578440256e-03
1.861744699929342162e-03
1.936545444089540768e-03
2.012291479835039143e-03
2.090449558371038075e-03
2.169162473185541617e-03
2.250284617483243321e-03
2.332205573374337981e-03
2.416755829641042963e-03
2.501979949498238376e-03
2.589651957755338685e-03
2.678115834784743077e-03
2.769164635402242280e-03
2.861031827317041254e-03
2.955216783523138824e-03
3.050297203240640020e-03
3.148067256642940459e-03
3.246489977164541962e-03
3.347566647140240437e-03
3.449370289801141631e-03
3.553820743063242082e-03
3.659072411304344075e-03
3.766868534009142067e-03
3.875450776652238083e-03
3.986819464152940862e-03
4.098939667411739818e-03
4.213592497290738481e-03
4.329205439813341161e-03
4.447643343082438583e-03
4.566625916495238580e-03
4.688582634519544712e-03
4.811166010103340440e-03
4.936509827144740237e-03
5.062699146326739286e-03
5.191886807197738929e-03
5.321758552175842594e-03
5.454479513431038928e-03
5.588365343083143144e-03
5.723957577531642305e-03
5.862616267490738942e-03
6.002357996968341047e-03
6.144984637225542334e-03
6.288405518967643548e-03
6.435163415294140044e-03
6.582767978951541143e-03
6.733683349491141612e-03
6.885379614726142017e-03
7.040388661080039523e-03
7.196055313166943579e-03
7.355239960977241753e-03
7.515407826889038134e-03
7.678808443164444886e-03
7.843328035818844524e-03
8.011433034611041559e-03
8.180527787473440560e-03
8.352910058102444579e-03
8.525900643810438440e-03
8.702639017704939806e-03
8.880292766754539768e-03
9.061751584442341578e-03
9.244413190060842000e-03
9.430625013928543854e-03
9.617657379688539232e-03
9.808955279732640975e-03
1.000151931654494342e-02
1.019695574944034372e-02
1.039646139551664294e-02
1.059687872005104364e-02
1.080045921441503964e-02
1.100833334499973920e-02
1.121730295888354045e-02
1.142946109314654096e-02
1.164497972597604292e-02
1.186339159906134311e-02
1.208498921057904463e-02
1.231024270953744171e-02
1.253903898387744020e-02
1.277135302576633963e-02
1.300707308432604015e-02
1.324654961150743826e-02
1.348910765919254101e-02
1.373612494051024147e-02
1.398664879647124049e-02
1.424120332720494458e-02
1.449969419874624216e-02
1.476159420040294018e-02
1.502749160074483975e-02
1.529681338408973856e-02
1.557058604502874199e-02
1.585027871109514347e-02
1.613170913840814014e-02
1.641760996840744419e-02
1.670837018236904364e-02
1.700368556620283911e-02
1.730383614428104150e-02
1.760829383210243959e-02
1.791735710343404092e-02
1.823187721405573891e-02
1.855060960145794163e-02
1.887419491077264172e-02
1.920335505191304165e-02
1.953828441345954042e-02
1.987827847065534032e-02
2.022367658570014409e-02
2.057524944676784179e-02
2.093236293118243968e-02
2.129633949573254276e-02
2.166585854883014417e-02
2.204151459361913812e-02
2.242365984416024027e-02
2.281269607536064170e-02
2.320843035007224414e-02
2.361044228443674037e-02
2.401967223771944021e-02
2.443663964259184390e-02
2.486121708474944153e-02
2.529368112821853837e-02
2.573498075502313881e-02
2.618422285153344103e-02
2.664141853262314702e-02
2.710765590578833456e-02
2.758240472606184740e-02
2.806656540956904006e-02
2.856069040635184769e-02
2.906435989157924588e-02
2.957892284707314828e-02
3.010375579310694411e-02
3.063914492570123799e-02
3.118633076428404399e-02
3.174674008575333745e-02
3.231765840330604739e-02
3.290114144375484023e-02
3.349672450514683958e-02
3.410586719013983942e-02
3.473038930304964828e-02
3.536932067198813451e-02
3.602328160299363841e-02
3.669208542204734774e-02
3.737930462596793929e-02
3.808455245476283918e-02
3.880556640519514794e-02
3.954750573396594721e-02
4.030918344208613696e-02
4.109038528524664585e-02
4.189340868613234542e-02
4.272184100348113550e-02
4.357487610556364660e-02
4.445475205417654535e-02
4.536316439652724603e-02
4.629855981296734230e-02
4.726465410157393993e-02
4.826388067751633676e-02
4.929408961770093828e-02
5.036034471014754627e-02
5.146518154126534378e-02
5.261070841695914685e-02
5.379724356827674664e-02
5.503200884411634658e-02
5.631799961490193546e-02
5.765665639279774629e-02
5.905311465510643815e-02
6.051472314849584005e-02
6.203664147425814318e-02
6.363665944241314598e-02
6.531561070156413629e-02
6.708799450913713325e-02
6.896926594644015029e-02
7.097165817363915163e-02
7.309214401272215444e-02
7.531107782606114021e-02
7.766021924027713408e-02
8.016337151527014315e-02
8.281654360026613482e-02
8.563276282529214134e-02
8.859454063850114025e-02
9.168979542360713997e-02
9.496734659572114712e-02
9.842332119672714263e-02
1.020730313650311250e-01
1.059664983176421271e-01
1.100647159311841372e-01
1.143486292112921299e-01
1.187573779285391318e-01
1.234946714200421403e-01
1.285496737397271438e-01
1.338091057627421310e-01
1.396065171415961370e-01
1.458050662171381240e-01
1.524349353001781260e-01
1.600766816002611448e-01
1.688079922998491356e-01
1.788580853751711441e-01
1.901939141237891373e-01
2.030319658054521303e-01
2.179206789181321324e-01
2.352405469764411172e-01
2.552909014386861575e-01
2.790168980369031604e-01
3.074097736439961870e-01
3.418920305003131377e-01
3.845971848714381802e-01
4.389048762754821364e-01
5.105525029855731978e-01
6.080557577882121922e-01
7.378045518610512055e-01
9.060915697240691236e-01
1.114597595129830143e+00
1.327440929933380254e+00
1.469171701241070105e+00
1.554845903684370256e+00
1.583382034360370172e+00
1.605918939688350200e+00
1.624110812443050111e+00
1.638194452869260243e+00
1.650489887847590209e+00
1.659154425425320101e+00
1.666988222961320210e+00
1.671870135219380105e+00
1.674398004254310068e+00
1.674248747158480155e+00
1.671768306135610116e+00
1.667326327678080089e+00
1.661953921718500204e+00
1.655781465560570265e+00
1.649046588896040166e+00
1.642402070771960210e+00
1.635689745814230101e+00
1.629787444978640254e+00
1.624570837464320183e+00
1.619973986251810105e+00
1.616204159548050079e+00
1.612974654286020160e+00
1.610093395276340100e+00
1.607559552606810271e+00
1.605351184280830124e+00
1.603515064394130052e+00
1.601819941911400091e+00
1.600382974645710110e+00
1.599180358842240190e+00
1.598306447664050056e+00
1.597583834686310267e+00
1.597024534869640133e+00
1.596594143007780131e+00
1.596034632799820052e+00
1.595539058093640161e+00
1.595100401490800124e+00
1.594882661117640099e+00
1.594847264543070242e+00
1.594703289348580189e+00
1.594464852460450111e+00
1.594330966295150143e+00
1.594235381762820092e+00
1.594305365968900157e+00
1.594288672876970070e+00
1.594460972411430255e+00
1.594556825691790136e+00
1.594642845376420093e+00
1.594566624458290116e+00
1.594539082695410226e+00
1.594449814124720088e+00
1.594425947952170075e+00
1.594461346064870222e+00
1.594568245171510190e+00
1.594841411326830105e+00
1.595289544176890173e+00
1.595634948687720156e+00
1.596017119287070241e+00
1.596154126458430245e+00
1.596221422979000160e+00
1.596302912408970265e+00
1.596617241175900093e+00
1.596763068120170104e+00
1.596960535343580068e+00
1.597062448524650069e+00
1.596954915432680089e+00
1.596898027662900121e+00
1.596859482585960111e+00
1.597016374479840239e+00
1.597432137556320075e+00
1.597786914624710120e+00
1.598125752748040140e+00
1.598296966170460243e+00
1.598345254113000102e+00
1.598461282574450193e+00
1.598460159360820088e+00
1.598400948433970070e+00
1.598557601949900153e+00
1.598821804317510198e+00
1.598937365274820221e+00
1.599015744204620226e+00
1.599221068121080114e+00
1.599363363322690246e+00
1.599394377489080199e+00
1.599339241186750193e+00
1.599240842076040225e+00
1.599193587544300188e+00
1.599371792176430107e+00
1.599347329242160054e+00
1.599511733480160069e+00
1.599584368809180202e+00
1.599553210966480066e+00
1.599541931161090114e+00
1.599634744511930107e+00
1.599688661877650242e+00
1.599785294941300062e+00
1.599977719281400201e+00
1.600197412996480217e+00
1.600195793802960065e+00
1.600256711656650177e+00
1.600312747153770143e+00
1.600391565769440083e+00
1.600782491437200195e+00
1.601079361840950233e+00
1.601274889074910224e+00
1.601318174245200066e+00
1.601231424843370110e+00
1.601375212027730255e+00
1.601524543885860075e+00
1.601669302620730262e+00
1.601593120450590213e+00
1.601464302680770224e+00
1.601480629969660230e+00
1.601677514222740184e+00
1.601861294875980057e+00
1.601950143816540217e+00
1.601967950444050270e+00
1.601929696960810112e+00
1.601889863697620209e+00
1.602034248399330174e+00
1.602268060324760102e+00
1.602539512010530132e+00
1.602727298698310099e+00
1.602748874705820059e+00
1.602933715020040228e+00
1.602992432451300076e+00
1.602978621321720087e+00
1.602875317975180236e+00
1.602781574422400102e+00
1.602872255940530177e+00
1.602903144833450089e+00
1.602951514046360160e+00
1.602979153301660187e+00
1.602948265376360260e+00
1.603187131032350221e+00
1.603296025953840243e+00
1.603401624324390262e+00
1.603384338004280263e+00
1.603438831160120204e+00
1.603334152054610273e+00
1.603315432825970221e+00
1.603283825353370107e+00
1.603226365441380086e+00
1.603423764810580243e+00
1.603528257877470109e+00
1.603533052747310172e+00
1.603457483671310246e+00
1.603313873122110156e+00
1.603338489505890196e+00
1.603363304869910078e+00
1.603467887557280092e+00
1.603652088712350210e+00
1.603715524559350181e+00
1.603742425427710172e+00
1.603925314220930209e+00
1.604024598038690241e+00
1.604141574375140156e+00
1.604268078405050257e+00
1.604381134629180083e+00
1.604426454742770236e+00
1.604403974881850159e+00
1.604366767267870086e+00
1.604215275754880210e+00
1.604308608368050226e+00
1.604352869169400231e+00
1.604302599773990146e+00
1.604263232978440090e+00
1.604423091826560066e+00
1.604571908659400137e+00
1.604774428812360210e+00
1.604884301250840251e+00
1.604855167159970231e+00
1.604791939077840235e+00
1.604796036871040110e+00
1.604735510520380215e+00
1.604869277257680249e+00
1.604942441338790271e+00
1.604878367568320252e+00
1.604736157326690060e+00
1.604590085332250116e+00
1.604511653291300188e+00
1.604648121050420206e+00
1.604958934738590193e+00
1.605144432456530268e+00
1.605337662510560204e+00
1.605321077729010115e+00
1.605349161545860159e+00
1.605270192177680189e+00
1.605378932938470227e+00
1.605322279790040163e+00
1.605235230833350180e+00
1.605374295064020185e+00
1.605428980175610087e+00
1.605536054291740067e+00
1.605554331042140070e+00
1.605462839587620261e+00
1.605617332403130204e+00
1.605630995486450052e+00
1.605674376163470196e+00
1.605608714430770245e+00
1.605540914587670231e+00
1.605400703900200066e+00
1.605310976252490196e+00
1.605229562218320138e+00
1.605415650451020193e+00
1.605566186031680109e+00
1.605694668058500252e+00
1.606060128292150058e+00
1.606185682826600125e+00
1.606197244171400085e+00
1.606211513598770235e+00
1.606264164281410167e+00
1.606148417826510189e+00
1.605864158466590252e+00
1.605698697251080054e+00
1.605576844684060145e+00
1.605560755247750215e+00
1.605582346419560213e+00
1.605914981524660057e+00
1.606108820176750163e+00
1.606145993990950149e+00
1.606336760340680181e+00
1.606322868797970260e+00
1.606203731161810255e+00
1.606189872591780254e+00
1.606098275934120245e+00
1.605986216047810222e+00
1.606050680633790195e+00
1.606072282915050220e+00
1.606096723052400144e+00
1.606069428487280071e+00
1.606204330976560124e+00
1.606270707644090079e+00
1.606275185795470239e+00
1.606472441127920092e+00
1.606535518289610165e+00
1.606474925452270108e+00
1.606346416688030132e+00
1.606465761684050086e+00
1.606620583848350270e+00
1.606704100789350109e+00
1.606667291846950230e+00
1.606560956301510190e+00
1.606416658602550118e+00
1.606269469214010259e+00
1.606239988280780073e+00
1.606243880111210220e+00
1.606497428736380240e+00
1.606544209812990065e+00
1.606614555280290180e+00
1.606502840865990267e+00
1.606539519588130238e+00
1.606554470559710124e+00
1.606590258892730105e+00
1.606677500837950134e+00
1.606716976151970178e+00
1.606648577519860233e+00
1.606526204326870211e+00
1.606418339265400119e+00
1.606335198056150215e+00
1.606201792519800220e+00
1.606133641535240075e+00
1.606445634681340273e+00
1.606586352975710064e+00
1.606792322928450201e+00
1.606799507681040184e+00
1.606681776979250076e+00
1.606502257699920166e+00
1.606381165014870271e+00
1.606390735991810148e+00
1.606788520208880078e+00
1.607008649848660209e+00
1.607055927331900058e+00
1.606978206465870196e+00
1.606732461471840123e+00
1.606630241298800055e+00
1.606973355086110056e+00
1.607187720486160210e+00
1.607290702671570148e+00
1.607250708579360143e+00
1.606981619197770161e+00
1.606808554658740062e+00
1.606920588329970201e+00
1.607051091153390177e+00
1.607132550738670229e+00
1.607157751985160088e+00
1.607308166594520138e+00
1.607261579113980154e+00
1.607128065358330193e+00
1.607165665687370071e+00
1.607172941134180189e+00
1.607079556237690054e+00
1.606973001216420061e+00
1.606837670711130261e+00
1.606738351662980069e+00
1.606815006738470109e+00
1.606945542832200147e+00
1.607097281551920220e+00
1.607186065713570144e+00
1.607250006418580179e+00
1.607236462565650115e+00
1.607143648775880118e+00
1.607392197643850107e+00
1.607345951962460218e+00
1.607322535825510101e+00
1.607134689585780096e+00
1.606957735291610234e+00
1.606923639485620114e+00
1.607104153391900159e+00
1.607244288619690264e+00
1.607347559313290208e+00
1.607311553003740068e+00
1.607446534398150106e+00
1.607449375693180249e+00
1.607248439148960095e+00
1.607052920130220164e+00
1.606894308615560263e+00
1.606994858416190164e+00
1.607237697814000166e+00
1.607327522728270175e+00
1.607435226879640133e+00
1.607290897560680110e+00
1.607295583989960086e+00
1.607328967600490266e+00
1.607361248535970066e+00
1.607352583455880168e+00
1.607318690955440221e+00
1.607258620755560141e+00
1.607075559267110210e+00
1.607179454407910102e+00
1.607129986520810183e+00
1.606987302211120072e+00
1.606866926141850227e+00
1.606805794448610269e+00
1.606916749438620062e+00
1.606981426858540063e+00
1.606977317810670103e+00
1.607127246994700220e+00
1.607158631802750204e+00
1.607153491693300129e+00
1.607111257869170196e+00
1.607097359701310069e+00
1.607392510376260075e+00
1.607583549962010139e+00
1.607587985161800237e+00
1.607474683287720252e+00
1.607272404325250204e+00
1.607347891692540109e+00
1.607425027212690205e+00
1.607449931365490192e+00
1.607479749539100222e+00
1.607350738359260234e+00
1.607213281293210061e+00
1.607056354131630060e+00
1.607131545893510260e+00
1.607214301504180209e+00
1.607375144395090105e+00
1.607387795882050163e+00
1.607331512736930090e+00
1.607183468146710092e+00
1.607076233526770093e+00
1.606944808559530147e+00
1.607028050485240112e+00
1.607226552092290150e+00
1.607274906944870185e+00
1.607207559322490154e+00
1.607440529102110105e+00
1.607449505071110174e+00
1.607354754955410137e+00
1.607258749787150220e+00
1.607266867005440192e+00
1.607104909809730087e+00
1.607051934044720243e+00
1.607003917839230134e+00
1.607164297562620137e+00
1.607166819745120101e+00
1.607017364806900162e+00
1.606950631270960272e+00
1.606836888713830236e+00
1.606919283347940208e+00
1.607080351865670220e+00
1.607182233867000098e+00
1.607400987463690090e+00
1.607482131157090155e+00
1.607485178058640107e+00
1.607493420398420136e+00
1.607558937959000067e+00
1.607537598992470063e+00
1.607392342913370076e+00
1.607165559809460076e+00
1.607303663348680134e+00
1.607442363356260229e+00
1.607459631457770266e+00
1.607352768815440092e+00
1.607392092282310170e+00
1.607320681945730190e+00
1.607357816540540218e+00
1.607314648245070199e+00
1.607255668822960226e+00
1.607320732942470132e+00
1.607525522214780178e+00
1.607725172773860178e+00
1.607624424021070197e+00
1.607448382606540216e+00
1.607279570995710172e+00
1.607392567176970211e+00
1.607495722886690181e+00
1.607519383559940174e+00
1.607420524070310108e+00
1.607183291000400249e+00
1.607272792432420161e+00
1.607360029898720066e+00
1.607443852252830263e+00
1.607450634528890143e+00
1.607540771529650137e+00
1.607418420479220122e+00
1.607403890285520109e+00
1.607381832938620247e+00
1.607203195468600132e+00
1.607361737994660089e+00
1.607582174017840204e+00
1.607665832062040057e+00
1.607735507023160260e+00
1.607710513504050143e+00
1.607474614976030169e+00
1.607357826755580144e+00
1.607374863446040081e+00
1.607491663379390090e+00
1.607533637430730078e+00
1.607538759793770256e+00
1.607504879026080191e+00
1.607405536549320058e+00
1.607251594570770159e+00
1.607188695642360221e+00
1.607137278114400214e+00
1.607262926935200120e+00
1.607484761513520155e+00
1.607627631902430076e+00
1.607626110130500052e+00
1.607561542084650075e+00
1.607517023364320119e+00
1.607423860515160063e+00
1.607329163230450053e+00
1.607223668868870137e+00
1.607185307157540155e+00
1.607246081118910208e+00
1.607622782265000216e+00
1.607788061850380146e+00
1.607872730606880074e+00
1.607732641610730262e+00
1.607683261786430062e+00
1.607582465040620079e+00
1.607549704165670112e+00
1.607453171700770067e+00
1.607571627211540122e+00
1.607712254520080153e+00
1.607710389774750226e+00
1.607584655843740107e+00
1.607355502829490135e+00
