-8.107280887593072416e-01
-1.621542577803544605e+00
-2.432490314048922908e+00
-3.243199101980401622e+00
-4.054128615400458990e+00
-4.865273087298064070e+00
-5.676253663699813323e+00
-6.487533577859633027e+00
-7.299129579017036740e+00
-8.110593784100347037e+00
-8.922473594215967196e+00
-9.734770267599182958e+00
-1.054705462864108689e+01
-1.135990699958756878e+01
-1.217323533621227050e+01
-1.298661913713303306e+01
-1.380060577141064115e+01
-1.461519693092549055e+01
-1.542992808896355328e+01
-1.624536206245105063e+01
-1.706148330707614491e+01
-1.787783353234705785e+01
-1.869496645407666335e+01
-1.951253121837875781e+01
-2.033095211126560997e+01
-2.115021765137986165e+01
-2.196983837392969363e+01
-2.279041852256360201e+01
-2.361192511215847034e+01
-2.443385908335830337e+01
-2.525687290309068445e+01
-2.608092802455364634e+01
-2.690547908907871744e+01
-2.773119253862265765e+01
-2.855803784826092695e+01
-2.938544728718104793e+01
-3.021412938020402450e+01
-3.104360169203329889e+01
-3.187438126708539343e+01
-3.270604149609465594e+01
-3.353907396265682905e+01
-3.437306500252055486e+01
-3.520849602792709021e+01
-3.604490861308983796e+01
-3.688284860302117352e+01
-3.772181256871893140e+01
-3.856242169919890728e+01
-3.940416125793213808e+01
-4.024753040573566665e+01
-4.109204974973354041e+01
-4.193833875720333992e+01
-4.278585502601026747e+01
-4.363524804789523159e+01
-4.448590780593281835e+01
-4.533846415812242014e+01
-4.619237664379387809e+01
-4.704830787294933003e+01
-4.790560554266901505e+01
-4.876496961578128975e+01
-4.962576639537222434e+01
-5.048874234584395282e+01
-5.135322129738243291e+01
-5.221991684173263337e+01
-5.308821026847656555e+01
-5.395886269206492614e+01
-5.483118281228248492e+01
-5.570583536359291799e+01
-5.658222640880447329e+01
-5.746113254757676714e+01
-5.834181477553205042e+01
-5.922504329334778816e+01
-6.011016008589140824e+01
-6.099790112176379608e+01
-6.188755213809932343e+01
-6.277993584715059683e+01
-6.367433689096456817e+01
-6.457154881569250904e+01
-6.547086193021881684e+01
-6.637300667076414129e+01
-6.727728917906068773e+01
-6.818461812154299651e+01
-6.909410561118130545e+01
-7.000667296539337769e+01
-7.092159299251736115e+01
-7.183963638300502907e+01
-7.275997356479422251e+01
-7.368362275729379007e+01
-7.460966128189114954e+01
-7.553906251960194140e+01
-7.647108037885205079e+01
-7.740595250774866543e+01
-7.834429864938414312e+01
-7.928528330885860953e+01
-8.022985580463617339e+01
-8.117705899346393039e+01
-8.212805997660638013e+01
-8.308179212021427418e+01
-8.403937948874903441e+01
-8.499974544575685798e+01
-8.596412131544521174e+01
-8.693129792212245377e+01
-8.790265569603178619e+01
-8.887696820730350566e+01
-8.985541291896848293e+01
-9.083697764040645950e+01
-9.182288483610389562e+01
-9.281195252681850150e+01
-9.380542541725810679e+01
-9.480198248466274435e+01
-9.580314176474456644e+01
-9.680769319308502929e+01
-9.781694170988713211e+01
-9.882972793989749505e+01
-9.984728020030750884e+01
-1.008681773099152394e+02
-1.018941307632266700e+02
-1.029237534484873038e+02
-1.039577175331803289e+02
-1.049968481731363141e+02
-1.060397120374477851e+02
-1.070872060213645938e+02
-1.081401078884584592e+02
-1.091968380126882607e+02
-1.102584377504032034e+02
-1.113248183635241020e+02
-1.123961860553885543e+02
-1.134723806748705925e+02
-1.145537007438285997e+02
-1.156402541642812878e+02
-1.167320054093759865e+02
-1.178289482906266699e+02
-1.189314504708264195e+02
-1.200393279082007041e+02
-1.211528015796194069e+02
-1.222718953788240270e+02
-1.233967463965717144e+02
-1.245277609598156658e+02
-1.256644432944189731e+02
-1.268071710515853852e+02
-1.279561476270403517e+02
-1.291113559238911250e+02
-1.302740158488877569e+02
-1.314421111433705960e+02
-1.326166314471941519e+02
-1.337976788393283414e+02
-1.349856029479287258e+02
-1.361804098251059258e+02
-1.373822755391340706e+02
-1.385908725349601411e+02
-1.398069815925053661e+02
-1.410304413465201492e+02
-1.422611879257138980e+02
-1.434995550619262872e+02
-1.447456216170277798e+02
-1.459996164855884899e+02
-1.472616209790970458e+02
-1.485315946382829111e+02
-1.498100031014758429e+02
-1.510970278420549846e+02
-1.523927963683364908e+02
-1.536971866085503109e+02
-1.550104787653261269e+02
-1.563328136035515854e+02
-1.576643453212164161e+02
-1.590051710066853161e+02
-1.603556950666433352e+02
-1.617157673477295248e+02
-1.630859563692193888e+02
-1.644663534272124252e+02
-1.658572126169252385e+02
-1.672584332366117508e+02
-1.686709573179722383e+02
-1.700942184666243975e+02
-1.715287479077824457e+02
-1.729748693093826830e+02
-1.744332979269032649e+02
-1.759031530969419634e+02
-1.773857122864650364e+02
-1.788812843259049430e+02
-1.803892745891035077e+02
-1.819107782735751471e+02
-1.834472223894709373e+02
-1.849966491648901865e+02
-1.865602774182010251e+02
-1.881381903324962366e+02
-1.897311709951646890e+02
-1.913396689400636319e+02
-1.929639082036801767e+02
-1.946042777311521377e+02
-1.962603992514717390e+02
-1.979346372430534871e+02
-1.996261676342916758e+02
-2.013365848718739244e+02
-2.030646168764453705e+02
-2.048127679244416868e+02
-2.065805604811472733e+02
-2.083687644415558964e+02
-2.101775316748494902e+02
-2.120090982610200854e+02
-2.138633037680597511e+02
-2.157418846092812714e+02
-2.176443877023557150e+02
-2.195701407405897783e+02
-2.215231182797626843e+02
-2.235012734526301301e+02
-2.255115130609351297e+02
-2.275483979240948145e+02
-2.296178427577054038e+02
-2.317139000920725493e+02
-2.338454716325092306e+02
-2.360124035417178447e+02
-2.382141302671793710e+02
-2.404508712638388204e+02
-2.427241539436446374e+02
-2.450383250597480185e+02
-2.473871835169147460e+02
-2.497693742031751469e+02
-2.521610151717843848e+02
-2.546105119489681385e+02
-2.572294834655756404e+02
-2.600046468786921423e+02
-2.629080091677112705e+02
-2.659359941424295926e+02
-2.691161534578047281e+02
-2.724055356164974455e+02
-2.758077241874053129e+02
-2.793296193449406246e+02
-2.829714420278000375e+02
-2.867501057435202938e+02
-2.906611734062848313e+02
-2.946975550288857448e+02
-2.988820731333034360e+02
-3.032029437265704814e+02
-3.076589571169582769e+02
-3.122096087675837452e+02
-3.169107348241658997e+02
-3.217718864108988441e+02
-3.266923880909134823e+02
-3.318094378982517014e+02
-3.370524032666502308e+02
-3.422626371725569925e+02
-3.476593476726975496e+02
-3.532013457005491546e+02
-3.590095446762073834e+02
-3.650097111515173083e+02
-3.711501647021427743e+02
-3.775099799952445210e+02
-3.841593436668379695e+02
-3.910242430391227231e+02
-3.982041899879921516e+02
-4.057455168973722266e+02
-4.137124126850044377e+02
-4.221826482313998099e+02
-4.312664737855013755e+02
-4.411392917812086125e+02
-4.522054715362341426e+02
-4.635918597149590710e+02
-4.752149493508735532e+02
-4.869360980395118190e+02
-4.993170583497444568e+02
-5.123282211884410344e+02
-5.191870805576453449e+02
-5.344008763324148958e+02
-5.498190583944376613e+02
-5.659903322033958375e+02
-5.831935214361516273e+02
-6.010635537417238083e+02
-6.198985242972415790e+02
-6.392391923383806898e+02
-6.594135876335532203e+02
-6.802693003666979621e+02
-7.017590113175305078e+02
-7.237358717816838407e+02
-7.460572306944369529e+02
-7.685789395166984832e+02
-7.912330311822670410e+02
-8.139474436446213303e+02
-8.366805136085928325e+02
-8.593977801331283217e+02
-8.821003651878007759e+02
-9.047933663254399335e+02
-9.274785479131511465e+02
-9.501696493400079362e+02
-9.728754617998501999e+02
-9.955987093928653167e+02
-1.018340562910253766e+03
-1.041101934449801320e+03
-1.063884590966318910e+03
-1.086685540924356246e+03
-1.109504702638000936e+03
-1.132345160684217944e+03
-1.155216583829210094e+03
-1.178125247466683277e+03
-1.201071861333052084e+03
-1.224060249687165879e+03
-1.247087362774596841e+03
-1.270146681128391492e+03
-1.293235671979166909e+03
-1.316357104554476336e+03
-1.339519429023728662e+03
-1.362722714484126300e+03
-1.385956491467117075e+03
-1.409219575165073365e+03
-1.432513911223076093e+03
-1.455843959813565789e+03
-1.479209852943783517e+03
-1.502613088927625995e+03
-1.526055714622653340e+03
-1.549535806693526638e+03
-1.573046795166326319e+03
-1.596585668813841949e+03
-1.620150054395422785e+03
-1.643736562352879673e+03
-1.667344406058977484e+03
-1.690974052779091153e+03
-1.714629638348407525e+03
-1.738321761209969509e+03
-1.762054823751249160e+03
-1.785826588110980083e+03
-1.809631119047596030e+03
-1.833459246947074689e+03
-1.857310361984937572e+03
-1.881195881266942479e+03
-1.905118527948432074e+03
-1.929074635304267986e+03
-1.953062089152942463e+03
-1.977070602425591460e+03
-2.001094435054765427e+03
-2.025131648225399204e+03
-2.049187189669807140e+03
-2.073274170680878797e+03
-2.097398401791439937e+03
-2.121558965068646557e+03
-2.145751645228046982e+03
-2.169967698371779534e+03
-2.194208203505596430e+03
-2.218471114632649460e+03
-2.242749164867724630e+03
-2.267047269931710616e+03
-2.291375095810434686e+03
-2.315732695826029158e+03
-2.340114260629495675e+03
-2.364523997468078505e+03
-2.388964004098706937e+03
-2.413428038818700770e+03
-2.437912435247464600e+03
-2.462411992651698256e+03
-2.486924372364749615e+03
-2.511455996177950965e+03
-2.536004030640155634e+03
-2.560571697132008921e+03
-2.585160196151699438e+03
-2.609764171680068102e+03
-2.634380594844987172e+03
-2.659012833709149618e+03
-2.683660321261929312e+03
-2.708321739439033536e+03
-2.733001443653547085e+03
-2.757702197832631100e+03
-2.782418809828902795e+03
-2.807147472698117781e+03
-2.831887475525341415e+03
-2.856638971538667647e+03
-2.881412878369922055e+03
-2.906214386909094628e+03
-2.931040507893118956e+03
-2.955883876147826413e+03
-2.980736583980534760e+03
-3.005603827295118208e+03
-3.030489794066561444e+03
-3.055397147899362608e+03
-3.080319850069161475e+03
-3.105248692056811706e+03
-3.130185238775909966e+03
-3.155137341329425908e+03
-3.180108461266135237e+03
-3.205095772623159519e+03
-3.230093212362935901e+03
-3.255096924629278419e+03
-3.280104694451105843e+03
-3.305123677888876955e+03
-3.330160182796965728e+03
-3.355218570659842044e+03
-3.380298323936926408e+03
-3.405391182237877274e+03
-3.430502266470320137e+03
-3.455632445339563674e+03
-3.480775030610714111e+03
-3.505924565980850730e+03
-3.531077283640641326e+03
-3.556241995695588685e+03
-3.581419965288494041e+03
-3.606609585030498693e+03
-3.631807817903253635e+03
-3.657010166206564918e+03
-3.682227753798045342e+03
-3.707464066646473839e+03
-3.732716713898718353e+03
-3.757980509350629745e+03
-3.783257051783553834e+03
-3.808541630139257904e+03
-3.833832646337205006e+03
-3.859129949924205448e+03
-3.884430527020231693e+03
-3.909743679989394423e+03
-3.935072564171783597e+03
-3.960412608788174566e+03
-3.985759067905819393e+03
-4.011103394897745147e+03
-4.036450740549334114e+03
-4.061800839686641666e+03
-4.087155321360949529e+03
-4.112522128762957436e+03
-4.137900663168766187e+03
-4.163286297927088526e+03
-4.188682614414887212e+03
-4.214089351375602746e+03
-4.239507716212674495e+03
-4.264938676622874482e+03
-4.290384181226585497e+03
-4.315841538663367828e+03
-4.341303603218596436e+03
-4.366770311473301263e+03
-4.392236813600147798e+03
-4.417708394004614092e+03
-4.443188500955808195e+03
-4.468670283595802175e+03
-4.494150768351465558e+03
-4.519640255840748068e+03
-4.545144569558185140e+03
-4.570664595093385287e+03
-4.596196509047587824e+03
-4.621732837295859099e+03
-4.647273108959595447e+03
-4.672817844754363250e+03
-4.698364597288338700e+03
-4.723920447944819898e+03
-4.749488004201948570e+03
-4.775060671549615108e+03
-4.800631598480629691e+03
-4.826195387337821558e+03
-4.851754901880917714e+03
-4.877320529404509216e+03
-4.902901035771386887e+03
-4.928495397482732187e+03
-4.954102639701955923e+03
-4.979715484542171907e+03
-5.005333749751416690e+03
-5.030953867505972994e+03
-5.056580785094131897e+03
-5.082211193721237578e+03
-5.107838464263203605e+03
-5.133471606510105630e+03
-5.159112505321671961e+03
-5.184766023059092731e+03
-5.210427937068832762e+03
-5.236091008025230622e+03
-5.261760925810731351e+03
-5.287437247213412775e+03
-5.313118980285041289e+03
-5.338802577833901523e+03
-5.364486563592874518e+03
-5.390165860074695956e+03
-5.415840685738417960e+03
-5.441510965628833219e+03
-5.467186558372643049e+03
-5.492870180130673361e+03
-5.518560307309615382e+03
-5.544267808364877055e+03
-5.569992255963697062e+03
-5.595725166092891413e+03
-5.621465199240034053e+03
-5.647213307202918259e+03
-5.672965446659499321e+03
-5.698711081346311403e+03
-5.724446915538119356e+03
-5.750177379386737812e+03
-5.775902688085372574e+03
-5.801627818880907398e+03
-5.827365688336360108e+03
-5.853118206500130327e+03
-5.878879224704672197e+03
-5.904652070780103713e+03
-5.930431827801910913e+03
-5.956208807573421836e+03
-5.981986509979741641e+03
-6.007763620157021251e+03
-6.033536390965702594e+03
-6.059312617658128147e+03
-6.085091692407886512e+03
-6.110871829785743103e+03
-6.136650199981898368e+03
-6.162432775791366112e+03
-6.188220675910151840e+03
-6.214010803329370901e+03
-6.239812741072919380e+03
-6.265624029780036835e+03
-6.291434676187741388e+03
-6.317244143374336090e+03
-6.343055053979929653e+03
-6.368876893891953841e+03
-6.394707571490781447e+03
-6.420542109408766009e+03
-6.446376522263592960e+03
-6.472207015000899446e+03
-6.498032719303507292e+03
-6.523856145730499520e+03
-6.549678406931992868e+03
-6.575510563919005108e+03
-6.601349618682366781e+03
-6.627195181758648687e+03
-6.653041280171024482e+03
-6.678888084590471408e+03
-6.704735059258920046e+03
-6.730585038639443155e+03
-6.756439574743715639e+03
-6.782298707006241784e+03
-6.808163643922192023e+03
-6.834030995595221611e+03
-6.859894039396448534e+03
-6.885748841792475105e+03
-6.911596454949451982e+03
-6.937439506114104915e+03
-6.963291071427920542e+03
-6.989152327980116752e+03
-7.015025394195399713e+03
-7.040904463687286807e+03
-7.066779687057666706e+03
-7.092644965676816355e+03
-7.118500545301960301e+03
-7.144352099637057108e+03
-7.170217081748653072e+03
-7.196098938953010475e+03
-7.221988408319892187e+03
-7.247876293348486797e+03
-7.273753154310023092e+03
-7.299619707809214560e+03
-7.325496462786425582e+03
-7.351389114091511146e+03
-7.377292120510985114e+03
-7.403199182389218549e+03
-7.429095786500255599e+03
-7.454979912551439156e+03
-7.480867427027978010e+03
-7.506762761285129272e+03
-7.532664405052732036e+03
-7.558570424500190711e+03
-7.584483752276119958e+03
-7.610401398424518447e+03
-7.636316330161854239e+03
-7.662233216057043137e+03
-7.688153154081453977e+03
-7.714072648474192647e+03
-7.739987262419630497e+03
-7.765893343662257394e+03
-7.791790497148536815e+03
-7.817689482075703381e+03
-7.843593595348734198e+03
-7.869505031382464040e+03
-7.895422986830649279e+03
-7.921345326953232870e+03
-7.947268270264471539e+03
-7.973187604591007585e+03
-7.999114881456344847e+03
-8.025046902708927519e+03
-8.050979124431009950e+03
-8.076906278618057513e+03
-8.102824348608787659e+03
-8.128737585843421584e+03
-8.154658648836592874e+03
-8.180589604657181553e+03
-8.206529207643436166e+03
-8.232471401394637724e+03
-8.258418420603162303e+03
-8.284370162664150484e+03
-8.310315545762585316e+03
-8.336249879993054492e+03
-8.362172955526308215e+03
-8.388099389672153848e+03
-8.414038088527040600e+03
-8.439986622480262668e+03
-8.465941557128215209e+03
-8.491893947807333461e+03
-8.517844655941309611e+03
-8.543800463346799006e+03
-8.569762616118710866e+03
-8.595727881305414485e+03
-8.621694469289912377e+03
-8.647661927275847120e+03
-8.673624111205701411e+03
-8.699589453160870107e+03
-8.725554688536876711e+03
-8.751512345899292995e+03
-8.777460834305446042e+03
-8.803404575667822428e+03
-8.829350423388659692e+03
-8.855299143441026899e+03
-8.881246464820642359e+03
-8.907198364989921174e+03
-8.933152354951693269e+03
-8.959104808070476793e+03
-8.985051996912608956e+03
-9.010999666062560209e+03
-9.036958144897658713e+03
-9.062930309574487183e+03
-9.088907794777687741e+03
-9.114882615186015755e+03
-9.140847866623640584e+03
-9.166812823145686707e+03
-9.192784532910638518e+03
-9.218761547812358913e+03
-9.244744143277106559e+03
-9.270725904986762544e+03
-9.296701859989831064e+03
-9.322669166843794301e+03
-9.348637765685964041e+03
-9.374609586488430068e+03
-9.400589577113360065e+03
-9.426575350540986619e+03
-9.452561016024050332e+03
-9.478539519122005004e+03
-9.504511251958354478e+03
-9.530474876991824203e+03
-9.556438749283017387e+03
-9.582412638741485353e+03
-9.608393692766907407e+03
-9.634371466094940843e+03
-9.660356633187489933e+03
-9.686350218922898421e+03
-9.712342954945861493e+03
-9.738329819162618151e+03
-9.764316775771478206e+03
-9.790300354034614429e+03
-9.816283497489315778e+03
-9.842265005591119916e+03
-9.868251771626595655e+03
-9.894239980048934740e+03
-9.920219906051157523e+03
-9.946189817536120245e+03
-9.972149701633734367e+03
-9.998109566460152564e+03
-1.002407595409944406e+04
-1.005004916173557649e+04
-1.007603164173819096e+04
-1.010202015389662665e+04
-1.012800866525152196e+04
-1.015399884906653278e+04
-1.017999315292179563e+04
-1.020598894188457416e+04
-1.023197738506674432e+04
-1.025795390246861461e+04
-1.028393456741963382e+04
-1.030992417104862034e+04
-1.033591753993357452e+04
-1.036190614806793747e+04
-1.038789409164397875e+04
-1.041388012028627236e+04
-1.043986615590463589e+04
-1.046584963471122683e+04
-1.049182665171842018e+04
-1.051780432886441486e+04
-1.054379289607536339e+04
-1.056979540574436396e+04
-1.059579919939273168e+04
-1.062179552155573765e+04
-1.064778338433230965e+04
-1.067377361095463129e+04
-1.069977054593686989e+04
-1.072576977681530479e+04
-1.075176450082082556e+04
-1.077774614916372047e+04
-1.080372877888530093e+04
-1.082971683233489966e+04
-1.085571066459832400e+04
-1.088170621226960066e+04
-1.090770555435444476e+04
-1.093370358010285963e+04
-1.095970079828443522e+04
-1.098569288432365101e+04
-1.101167436573758278e+04
-1.103766064772035134e+04
-1.106365641571813103e+04
-1.108965997703848734e+04
-1.111566748940644356e+04
-1.114167805992885769e+04
-1.116768167355880178e+04
-1.119367639803068232e+04
-1.121967050664973794e+04
-1.124566952279004363e+04
-1.127167309998958626e+04
-1.129767772149565280e+04
-1.132368244094845977e+04
-1.134968303624145119e+04
-1.137567580633476973e+04
-1.140166182888114236e+04
-1.142764037996586376e+04
-1.145362140994725451e+04
-1.147961313812649678e+04
-1.150561563604339972e+04
-1.153162218005807699e+04
-1.155762811587786382e+04
-1.158363241451639988e+04
-1.160963207331450940e+04
-1.163562454654393514e+04
-1.166160650444587918e+04
-1.168758094912893284e+04
-1.171355276607123960e+04
-1.173953924289343740e+04
-1.176554256575899853e+04
-1.179155484278372933e+04
-1.181756226653321755e+04
-1.184356878390840757e+04
-1.186957313266718120e+04
-1.189557586559981792e+04
-1.192157198110068566e+04
-1.194757270867785337e+04
-1.197358402806010417e+04
-1.199960189623815313e+04
-1.202561617797518738e+04
-1.205161906125522000e+04
