2.074659076210196247e+02
1.861093746140128076e+02
1.609332219257533438e+02
2.175125361395739105e+02
1.845523995604604863e+02
1.587990345421131906e+02
2.160509356318358414e+02
1.930254689361496503e+02
1.637443751589591727e+02
2.269635217767055053e+02
1.930978860737596676e+02
1.734750087748800809e+02
2.280291194043947200e+02
1.873193782874799354e+02
1.682306770063123054e+02
2.350689686405113719e+02
1.986823456465414779e+02
1.698269120342247618e+02
2.347829471704212381e+02
1.980028644296387199e+02
1.685317268202622927e+02
2.379724844986018297e+02
2.033953020803266440e+02
2.376701544846795855e+02
2.047670148809832256e+02
1.716911712394411893e+02
2.403183520028388784e+02
2.048771711513819014e+02
1.779933122732078630e+02
2.480181135660480436e+02
2.068689445034836467e+02
1.767768297499293624e+02
2.425248777579955117e+02
2.079666794435406132e+02
1.802290467222249504e+02
2.459621363040837139e+02
2.084161774445425408e+02
2.512544780838406098e+02
2.141775338882489734e+02
2.494793234503902681e+02
2.177144034806541981e+02
2.544831198833674648e+02
2.220996750175889929e+02
2.602036154124706968e+02
2.230832535964966610e+02
2.615534058443866456e+02
2.200663943159934774e+02
2.605758571525690286e+02
2.243507597519033823e+02
2.752682193130292490e+02
2.319603648196028018e+02
2.718332584633739657e+02
2.251763544785222280e+02
2.660123125637718431e+02
2.283219672321411906e+02
2.752064951816143434e+02
2.295203602428749150e+02
2.757883099949609687e+02
2.329841552215824549e+02
2.833837322066295883e+02
2.417521442628168131e+02
2.889509811607869096e+02
2.487689790262602969e+02
2.912843711308638035e+02
2.402233500581618273e+02
2.887002767298852746e+02
2.501149906717423619e+02
2.950766656904069691e+02
2.473780100754329965e+02
2.944580301141109544e+02
2.552992484312688362e+02
2.949898461963416025e+02
2.548209631966374502e+02
3.081323951880538630e+02
2.582454539934406625e+02
3.016947176710498866e+02
2.602643035796427284e+02
3.032442063163263128e+02
2.636176897363367289e+02
3.172048409480985924e+02
2.625313540329590296e+02
3.150835995739510622e+02
2.752745492772288571e+02
3.069471412655867084e+02
2.640320367665859180e+02
3.266197579767189723e+02
2.733236010959839177e+02
3.280408058051888815e+02
2.743765022551806396e+02
3.194568656727045095e+02
3.285349694957479869e+02
2.858236533273918099e+02
3.411832050588971015e+02
2.900261520248354827e+02
3.478392044995947003e+02
2.885866276214998152e+02
3.480443449626546339e+02
2.957631683670190910e+02
3.597821806176617656e+02
2.974937497467428784e+02
3.656353182060022959e+02
2.946230842793223701e+02
3.645035045902516799e+02
3.107786548852195097e+02
3.676559041415069373e+02
3.079213023142796146e+02
3.773761270989816126e+02
3.181197300862489783e+02
3.954656345557219197e+02
3.336505889965304164e+02
3.835571767839765585e+02
3.228622698861564686e+02
3.793282618352503732e+02
3.171184150030089768e+02
3.998803276443521213e+02
3.300800686576511112e+02
3.960874933062002015e+02
4.004089689549105628e+02
3.392448866685627422e+02
4.086626541138232938e+02
4.025565102096962846e+02
3.385081241888971704e+02
4.254830340896746179e+02
4.139365757929663232e+02
4.309005655336928271e+02
4.145671464090691529e+02
4.320752542702794017e+02
4.328891179517618184e+02
4.282243486635028376e+02
4.383106238050441448e+02
4.540479952001040829e+02
4.439940574310804209e+02
4.424432942332360881e+02
4.630896942397649241e+02
4.668136851648350216e+02
4.783890632024201182e+02
4.535585161402274821e+02
4.828712089479811880e+02
4.902913793547832597e+02
4.631844242856454912e+02
4.707764413306168763e+02
3.956909971560057784e+02
4.738206530914802670e+02
4.881055539827107168e+02
5.127115123741027674e+02
5.039280953126164491e+02
5.151666051442283560e+02
5.048873041225538714e+02
5.426557001283614454e+02
5.346395367188913497e+02
5.246152935013848264e+02
5.389057424399884439e+02
5.460116803385681123e+02
5.656749102586582012e+02
5.581246719641731033e+02
5.565188689932605257e+02
5.883954278559141358e+02
5.714221968172851120e+02
5.837497522765911526e+02
5.686008041815841807e+02
5.855684195981081075e+02
5.943964871216878691e+02
6.135201725576902163e+02
6.294287888414575036e+02
6.353362706452661541e+02
6.331031450727468837e+02
6.669297441735567418e+02
6.638371006007147344e+02
6.698354982996194167e+02
6.928563703113819656e+02
7.226135050143454919e+02
6.906787152875236870e+02
7.354383089705834209e+02
7.418263139924642928e+02
7.517345318802099428e+02
7.369519574992617663e+02
7.883179236531964307e+02
7.908249228075617339e+02
7.779427188526246937e+02
8.180899784623501318e+02
8.190469680736134706e+02
7.796724427664859149e+02
8.403174476975964353e+02
8.655033354906098566e+02
8.874821999939780426e+02
8.932426518781052209e+02
9.229745117312936600e+02
9.452542678066106419e+02
9.701110281897545065e+02
1.016165275935790078e+03
1.009366683013702755e+03
1.068478062812380585e+03
1.022729465949986775e+03
1.127418738167902575e+03
1.121057433358356775e+03
1.143729884863889083e+03
1.164378642544512786e+03
1.244623636137502672e+03
1.239457701806505611e+03
1.288754869260488476e+03
1.318784673993390925e+03
1.365959696661693897e+03
1.491613370447448460e+03
1.532643959917792472e+03
1.634938188843300395e+03
1.580537828605862160e+03
1.746243709187988088e+03
1.778172567934448807e+03
1.985171910878784502e+03
2.030302256517536762e+03
2.137032643756339439e+03
2.292380460745795517e+03
2.494511733648284462e+03
2.745089544815723912e+03
2.890038429635031207e+03
3.257411580956514626e+03
3.638616870863070744e+03
4.364612393909925231e+03
4.594111680717029230e+03
3.642379930961020364e+03
2.766544227759677597e+03
2.184454118912346530e+03
1.835341370194905494e+03
6.862686916918220277e+02
-6.789652486145084822e+02
-1.158137311331641968e+03
-1.511673632467017796e+03
-1.696253414580743311e+03
-1.664334930787302710e+03
-1.518252378668553774e+03
-1.567643044160138970e+03
-1.354649370911548431e+03
-1.339526518983925143e+03
-1.395096768906016678e+03
-1.513300208212575626e+03
-1.623588918032409538e+03
-1.176651826555152411e+03
-1.572853378114957877e+03
-1.251607026061132956e+03
-1.117227503806881259e+03
-1.423138228086973641e+03
-1.195006254844532350e+03
-1.728872645204533910e+03
-1.439293543503176124e+03
-1.549221914570838180e+03
-9.688221671652644318e+02
-7.490160798324976668e+02
-1.036641312962755819e+03
-1.320831121215572466e+03
-1.326381676867081524e+03
-1.473415780278297461e+03
-1.381271129672600409e+03
-1.167120745953246114e+03
-1.263267717835981557e+03
-1.300577550136589934e+03
-1.025889218790253153e+03
-1.383247469496529220e+03
-3.879766389859155424e+02
-1.889258458044459076e+03
-1.293277565823100304e+03
-3.329705344626592591e+02
-4.000000000000000000e+03
6.188774443775577083e+02
5.094621208725268389e+02
-1.716583534573966745e+03
-1.119727914051143898e+03
-1.740023264152095237e+02
-4.079489588171142032e+02
-1.167692324715725135e+03
-1.139932043813038717e+03
-9.689157385839677090e+02
-7.187501447189687269e+02
-9.726984214852736841e+02
-8.969899365666832409e+02
-1.079261694262595711e+03
-8.863375336981742976e+02
-8.861096826568566485e+02
-9.978003770446147200e+02
-8.399965088506106667e+02
-9.415074409196880652e+02
-8.907228274650304911e+02
-8.411786438312710743e+02
-8.868039351413146960e+02
-9.247419358711084669e+02
-9.283069632983366546e+02
-9.064228155879433189e+02
-8.659964340167945238e+02
-7.303745798808402014e+02
-7.132518017142554072e+02
-6.744821752471760874e+02
-7.440762118039664301e+02
-9.301609654181056612e+02
-8.606816561157610295e+02
-8.176315405330093427e+02
-9.271728495061961439e+02
-8.132521321257861473e+02
-8.105553580611368716e+02
-7.376282410569248214e+02
-7.727166924376742827e+02
-8.894306086638151783e+02
-7.525976019321982449e+02
-6.395570434772943145e+02
-7.309413743587956560e+02
-7.260145655958684756e+02
-8.079270332077860530e+02
-7.370552579203922505e+02
-7.673933555870169130e+02
-7.435942492359201879e+02
-7.496572730311011128e+02
-6.384047889926386006e+02
-7.352625389997012917e+02
-6.838204010299641595e+02
-6.307793761556723666e+02
-6.134428921746962260e+02
-6.042383750706958381e+02
-6.041858519178620099e+02
-8.085650174592423127e+02
-7.401533506957908912e+02
-6.639414002617688766e+02
-5.866056894859502790e+02
-4.994164406160633689e+02
-5.851808608944583057e+02
-8.569891842165772005e+02
-7.038806536083856145e+02
-7.319180605518948823e+02
-6.448960746670713888e+02
-5.927283921888697478e+02
-5.400489597936993960e+02
-5.322999098265617022e+02
-5.863725320433164825e+02
-7.819253362917967252e+02
-6.926747387874823971e+02
-7.087052289481084699e+02
-6.050756029924682480e+02
-5.256596904979137435e+02
-6.491760303158270062e+02
-5.753601141808125021e+02
-4.994155385241116960e+02
-5.877174937651952860e+02
-7.170392778993864340e+02
-6.634631070924203868e+02
-5.824726828199920874e+02
-7.171856868159150054e+02
-6.424303203467529784e+02
-5.481865997957160062e+02
-6.463469009777448946e+02
-5.146707150057271747e+02
-5.159780431280752282e+02
-5.345210943747252941e+02
-4.744493957072450030e+02
-5.858553783388489364e+02
-5.396100701855592661e+02
-5.354692772983618170e+02
-4.972399997719007274e+02
-5.720403116143161242e+02
-5.135692538257798105e+02
-4.876392145620683323e+02
-5.641213951863385319e+02
-5.263531147562991919e+02
-5.478225687424929902e+02
-4.775660908326673848e+02
-4.887384583876972783e+02
-5.059534545320855159e+02
-6.169884846305766359e+02
-5.829196294661351203e+02
-5.778753559213201925e+02
-4.642357913904197630e+02
-4.641064633463308837e+02
-5.253582374278477118e+02
-5.113155700615047294e+02
-6.097129131721961812e+02
-5.438814911409992874e+02
-4.556523458986268906e+02
-4.798506315759575500e+02
-5.403972356289308436e+02
-5.330552464945548081e+02
-5.012404532150279692e+02
-4.045297528556832845e+02
-4.242120207364973794e+02
-4.120918276278924850e+02
-5.419617865374738130e+02
-5.402728013705674357e+02
-5.883472889097232610e+02
-5.350977691882417275e+02
-4.178243402686696299e+02
-6.109235684204611516e+02
-5.376315635316022963e+02
-4.482563542992321004e+02
-4.342226307038546906e+02
-3.727565098936064487e+02
-5.831056046224315423e+02
-5.033984904287747213e+02
-5.023992462851622349e+02
-3.963589522883289646e+02
-3.551952713328498135e+02
-5.694641357254869263e+02
-5.460257894977487467e+02
-5.162332086297953992e+02
-4.324426678290414543e+02
-5.351383034407448349e+02
-4.392268424947380367e+02
-4.396334614008681001e+02
-4.273176744161813190e+02
-3.797213878294796814e+02
-5.186165406007710317e+02
-5.003252034033675386e+02
-4.708544082716076673e+02
-4.620697356108022404e+02
-3.032931601667947348e+02
-4.468390210815941259e+02
-3.329178827850553262e+02
-3.582361949429811716e+02
-5.353813653093334324e+02
-5.055042085496860977e+02
-4.544736645148943239e+02
-4.698532704629980685e+02
-4.286456243102225017e+02
-5.118023808299423081e+02
-4.685940724416591365e+02
-5.540291606451041844e+02
-4.552041082638668286e+02
-3.212750561006822636e+02
-4.302589831276430345e+02
-3.822622541414320381e+02
-4.159529401196817844e+02
-4.742945664583401708e+02
-3.255284939677462148e+02
-3.322032002836153879e+02
-5.335642762762241773e+02
-5.821962008311553518e+02
-4.988860712863232152e+02
-3.916332318512988309e+02
-3.182039829450821458e+02
-4.533488745078340685e+02
-3.843967466350781024e+02
-3.690295260156919994e+02
-4.826717509508474109e+02
-4.728485540700922911e+02
-3.924524544765054088e+02
-3.578323582750936680e+02
-2.689913296552976476e+02
-3.936550052331226652e+02
-5.368720837952693046e+02
-5.181695519138194186e+02
-4.420090147533181266e+02
-4.510399972363110805e+02
-3.367683607843782170e+02
-4.399140105362423014e+02
-3.718709727589874774e+02
-4.485146300596721858e+02
-3.684084927429627783e+02
-2.930318383367504680e+02
-4.430512238322224334e+02
-4.211538105719979512e+02
-6.222642812479141412e+02
-3.921634642992013369e+02
-3.982345563347563484e+02
-4.073410403294009825e+02
-3.771184002265659387e+02
-3.817020494019893704e+02
-3.411353877196543749e+02
-3.765800370637595620e+02
-2.960945023471525701e+02
-3.565359442815160378e+02
-3.654846108483549187e+02
-4.682612717292740854e+02
-4.256393501150888596e+02
-4.014550150099543657e+02
-5.818152979813238517e+02
-4.679365429180197111e+02
-4.170847473639695977e+02
-4.307464849056666480e+02
-3.962732394126646795e+02
-3.957857171692731981e+02
-3.287767164166498333e+02
-2.320350383675006469e+02
-3.921367759928469923e+02
-2.634142899192222558e+02
-4.381188258958132451e+02
-5.358745110658974227e+02
-4.580595868567198181e+02
-4.599685730095263239e+02
-4.910624074921178703e+02
-3.623598871359733380e+02
-2.771256972093185027e+02
-3.869560007917054918e+02
-3.588350884413114841e+02
-3.249665943152199930e+02
-4.781974708796029176e+02
-3.627471510681359632e+02
-3.592818969779731901e+02
-3.213062669449830082e+02
-4.125184512427887853e+02
-3.979886584166363264e+02
-3.834428140179498428e+02
-5.963553362050079159e+02
-3.835609169432989347e+02
-2.889911793990975752e+02
-4.765595405976979464e+02
-2.787216319484549558e+02
-5.337661773917808432e+02
-3.516929070255521310e+02
-3.689504927174712634e+02
-3.583084816380819575e+02
-3.277837064298269638e+02
-3.782740416633317864e+02
-3.679188804778531789e+02
-3.502321813565658317e+02
-4.968844791036362381e+02
-3.453243554535920339e+02
-4.608387044762768028e+02
-3.767361844220810667e+02
-3.527720974564690550e+02
-2.886754224137857818e+02
-3.941175350374022628e+02
-3.333906658669982903e+02
-3.424911325928848100e+02
-5.314446702790169184e+02
-4.674280433096124625e+02
-2.818020926874783072e+02
-1.981480619495823419e+02
-3.449892365110272863e+02
-4.139434650883333688e+02
-4.616790841439959081e+02
-4.087550971073709434e+02
-5.019238167223947471e+02
-3.538317565193468681e+02
-2.886888151619313589e+02
-2.587559529046110356e+02
-2.950433873279263821e+02
-3.757382171093427701e+02
-5.678092129398121415e+02
-4.792931784212975117e+02
-3.854850671174726244e+02
-2.940414909281815881e+02
-2.764081161447412569e+02
-2.721132885232415788e+02
-5.435102006732499831e+02
-4.772759007323338096e+02
-4.121046226838040525e+02
-3.774836477217593256e+02
-2.169961469704145998e+02
-2.350763021163860174e+02
-5.180317390638734878e+02
-4.211577803114146832e+02
-4.129045564629688556e+02
-4.083321539668527294e+02
-3.935202067887515227e+02
-3.867739886587158935e+02
-3.380599593859011520e+02
-3.982596731490230582e+02
-3.595659626629598620e+02
-3.681653074067924081e+02
-2.877232627080115321e+02
-2.548719511642057398e+02
-2.661624186991953707e+02
-4.954421209429511919e+02
-3.951231989584213125e+02
-4.422155318078585537e+02
-4.123246532490019263e+02
-3.745633165958136601e+02
-3.248446870010348562e+02
-3.206864815516800036e+02
-4.303245235748285609e+02
-3.380673620011642129e+02
-3.293615629299598027e+02
-3.303428244949670898e+02
-3.011055356971244237e+02
-3.494694847040224772e+02
-5.509699859294822772e+02
-4.388186469732473824e+02
-4.621715320351438550e+02
-3.653626510647048917e+02
-3.574855859392673096e+02
-3.625680294530735637e+02
-2.493575972994330243e+02
-2.467850811692956654e+02
-2.586491969118395104e+02
-5.523751447153155141e+02
-5.001044775067979344e+02
-4.488258777817023315e+02
-3.633674986936432560e+02
-3.032231534939879225e+02
-3.251849642494530599e+02
-4.820096468871926731e+02
-4.436923404821031340e+02
-3.615667352074445944e+02
-3.633704795332177468e+02
-3.904782567135649174e+02
-3.312225174265750525e+02
-4.259328259357058641e+02
-2.825006836844004852e+02
-2.482157617814200989e+02
-2.534153990369341898e+02
-3.842589530888744207e+02
-4.083113640287129442e+02
-3.876993510479078964e+02
-3.301869799520059701e+02
-4.391302150383263552e+02
-3.309274502735367491e+02
-3.281109740615798387e+02
-2.614608549151133161e+02
-5.195277473219366584e+02
-4.702257500147771907e+02
-4.639241187861470621e+02
-3.368563114591373733e+02
-3.051330734302080714e+02
-2.548483598238702257e+02
-3.643746308322676555e+02
-4.631599545505630999e+02
-3.968325056871537981e+02
-4.378567864804248870e+02
-3.462312637706673399e+02
-3.097956341494113985e+02
-2.898025713462175759e+02
-4.488570420478084202e+02
-3.420126985305300309e+02
-4.529581656402799581e+02
-3.868682691141352166e+02
-3.310730912562400476e+02
-2.416221442173162757e+02
-3.084176114720704618e+02
-2.998771056312812675e+02
-4.135229679340399116e+02
-5.267198956226364999e+02
-4.153467316645356391e+02
-2.665257055241017952e+02
-4.417986900358233129e+02
-4.377376069625735227e+02
-3.148921204114854504e+02
-2.355933018347985524e+02
-3.715942356996474700e+02
-3.603805765722522665e+02
-4.749454452893824055e+02
-3.582002644000322675e+02
-4.366342269856855864e+02
-2.928946480580244156e+02
-2.414564832211733005e+02
-1.985280404987728389e+02
-2.668188896509980168e+02
-4.604249777236290697e+02
-4.760114025188091205e+02
-4.849999975541397248e+02
-4.486426184721332220e+02
-3.620658226397537192e+02
-2.967091571248615764e+02
-4.064238576979529398e+02
-3.864631961394827044e+02
-3.356098928773932926e+02
-2.150835473945790284e+02
-2.792780453206035531e+02
-5.363746656821653005e+02
-4.303629876050318899e+02
-3.685629807191937175e+02
-2.731554343222780972e+02
-3.604038198415404963e+02
-3.497868413450224807e+02
-3.678143232279131780e+02
-3.075279122837938530e+02
-2.542692615838736288e+02
-4.186549372085987670e+02
-5.489219702349078034e+02
-4.702162085874280137e+02
-2.839059068004831374e+02
-2.854444986929943866e+02
-3.259939104499196674e+02
-4.330233758458429065e+02
-4.190847212984590442e+02
-3.112787619282264018e+02
-2.615472782955772573e+02
-2.240659084494334365e+02
-4.831638338172850808e+02
-4.233740305798700092e+02
-4.460189419312500263e+02
-3.468175349518591588e+02
-3.954294995362249097e+02
-3.729623088678380327e+02
-4.048766226890550115e+02
-2.049576923129567660e+02
-2.690517869477920954e+02
-5.643733885410678113e+02
-3.690113967266953523e+02
-4.303269501734192204e+02
-3.102920105347673712e+02
-3.952831598269251572e+02
-3.014227791731943853e+02
-2.621849059278304708e+02
-4.150892648428745133e+02
-4.019120864030874714e+02
-3.906855705591629544e+02
-3.192805111387849024e+02
-3.596136989869931426e+02
-2.909597619101439250e+02
-3.023075913472443403e+02
-2.993303404979605489e+02
-2.570669002705917592e+02
-4.573292914996147829e+02
-4.994820551980359369e+02
-4.485643590868577348e+02
-3.659750315057307262e+02
-3.617957047473793750e+02
-3.434474802502363104e+02
-2.998087078747008718e+02
-2.711484037250534129e+02
-2.088216494101851595e+02
-2.953560389444486418e+02
-3.401416779299721611e+02
-6.232763627215711040e+02
-5.083936269772101468e+02
-4.077629818104758783e+02
-1.966203480676311699e+02
-4.258670175660409996e+02
-3.476192036927085383e+02
-3.628667507833483228e+02
-2.324179027002701048e+02
-4.975090882625227096e+02
-4.763326165786967863e+02
-4.224228573405274574e+02
-2.703337361219346917e+02
-2.495389573943828623e+02
