-2.646977960169688560e-23
-2.467103797226160515e-12
-3.104320182322116696e-12
-2.029179686626253586e-12
-4.024545795234105046e-13
3.274580331975974940e-12
8.660822195076971883e-12
1.457763629357655355e-11
2.242438941937538025e-11
3.209321486287371106e-11
4.226727235247616237e-11
5.459672501247759352e-11
6.864265949397364872e-11
8.338184564457472723e-11
1.003781944938745933e-10
1.190450790601763311e-10
1.382276021898753764e-10
1.596916280387794964e-10
1.830451960714779657e-10
2.069596181786738568e-10
2.331756884860736182e-10
2.612944779045775270e-10
2.899217614380735027e-10
3.208732000542755964e-10
3.530565629442786647e-10
3.875575867568792493e-10
4.240874209783747686e-10
4.611841240133781794e-10
5.006751491466776642e-10
5.421421129608744344e-10
5.842323089938753124e-10
6.288801467466780229e-10
6.755781097265770150e-10
7.229520031656769562e-10
7.727841026873794849e-10
8.246703817528753796e-10
8.772823819272741114e-10
9.324497510895771340e-10
9.888960670896777550e-10
1.047967938412975801e-09
1.108480335263673979e-09
1.171564250755175931e-09
1.236127814721878962e-09
1.303347240376677538e-09
1.372098167096378670e-09
1.443646689831277916e-09
1.516755811160278998e-09
1.592756149561575045e-09
1.670284709083479578e-09
1.750665089522775889e-09
1.832527374140976314e-09
1.917518292579278030e-09
2.004228131427573488e-09
2.094102310504177945e-09
2.185634731430777002e-09
2.280199477356473662e-09
2.376418364187978305e-09
2.475905731954377346e-09
2.577097792974177939e-09
2.681573460705173935e-09
2.787779933962076394e-09
2.897392892222474568e-09
3.008914949763375918e-09
3.123943994920876845e-09
3.241061287167176612e-09
3.361888941343975858e-09
3.484666745560174155e-09
3.611032123457978943e-09
3.739556787524074956e-09
3.871911112700775620e-09
4.006406892331779572e-09
4.144684432363276400e-09
4.285339926867874312e-09
4.429855399202476320e-09
4.576635029112775189e-09
4.727633951721077640e-09
4.881108172693173751e-09
5.038680533536577518e-09
5.198815064276773948e-09
5.363118503429278567e-09
5.529967797819773801e-09
5.701441907237975423e-09
5.875515347776276462e-09
6.054090426618379136e-09
6.235764081270873634e-09
6.421927758512375557e-09
6.610719829083377966e-09
6.804521463762976005e-09
7.001259496855177723e-09
7.203128530322778271e-09
7.408134025603674114e-09
7.617495276732576066e-09
7.832019003982374723e-09
8.049874790154375966e-09
8.273318603559275141e-09
8.500226661733176783e-09
8.733053129720875588e-09
8.969389520873574395e-09
9.211689519242975878e-09
9.457674164916275589e-09
9.710091820682279826e-09
9.966281600686177888e-09
1.022926257031387696e-08
1.049604579866657975e-08
1.076954229080737758e-08
1.104743207182037854e-08
1.133232745092777684e-08
1.162153184689457896e-08
1.191810497379597530e-08
1.221924008911847597e-08
1.252834735477077622e-08
1.284283364854887573e-08
1.316521759231167614e-08
1.349281849616397688e-08
1.382843622250467930e-08
1.416897383496317842e-08
1.451830511537517763e-08
1.487322985023287935e-08
1.523618310450887752e-08
1.560819681032067930e-08
1.598627198321697755e-08
1.637318804395087615e-08
1.676964192372427512e-08
1.717223449600307667e-08
1.758458776512737490e-08
1.800620145375617564e-08
1.843811248861227782e-08
1.887962069863387897e-08
1.933159599780577530e-08
1.979431484591367852e-08
2.026764555009257995e-08
2.075200761678547514e-08
2.124840520789167647e-08
2.175664482889037491e-08
2.227661629243297492e-08
2.280941568488938002e-08
2.335531525092237761e-08
2.391541814316387454e-08
2.448848096628177411e-08
2.507604617861197853e-08
2.567911020153857570e-08
2.629657957720337760e-08
2.693006674259407417e-08
2.757514054309457521e-08
2.823576718156647932e-08
2.891268464000838128e-08
2.960763607850987511e-08
3.032041167143547159e-08
3.105214013182997520e-08
3.180220000139647945e-08
3.257320220948417316e-08
3.336532058307917448e-08
3.417829301955828273e-08
3.501334800311877102e-08
3.587118472751167815e-08
3.675364382371358240e-08
3.766090330966107862e-08
3.859307663871847968e-08
3.955303697016528152e-08
4.054026289168277551e-08
4.155646812143167760e-08
4.260118674192417074e-08
4.367621066518838133e-08
4.478272847250587884e-08
4.592276366027028303e-08
4.709834716615787139e-08
4.831097951990557870e-08
4.956116583981167296e-08
5.085266769302797298e-08
5.218645363628987650e-08
5.356404687940997815e-08
5.498837439925137774e-08
5.646385204970738177e-08
5.798894783208307081e-08
5.956917787773078024e-08
6.120694192503168286e-08
6.290536475200777855e-08
6.466467925248218192e-08
6.649203730747606937e-08
6.839041407048466738e-08
7.036081837124438176e-08
7.241021688053237298e-08
7.454224213353136702e-08
7.675530821878737314e-08
7.905928278592837156e-08
8.146075291251438205e-08
8.396654669634138627e-08
8.658180689828136385e-08
8.931514620118438334e-08
9.217488673106137825e-08
9.517027587739136530e-08
9.831457844259236537e-08
1.016143042883533783e-07
1.050866059913923652e-07
1.087336024511533703e-07
1.125818021347773596e-07
1.166418563586783782e-07
1.209302551130643766e-07
1.254649671507893660e-07
1.302766119061633785e-07
1.353827471044223780e-07
1.408135972366873694e-07
1.465988669410063740e-07
1.527769769092343728e-07
1.594086362833033757e-07
1.665434421309583608e-07
1.742493334200093645e-07
1.825669332679633642e-07
1.916023089372503765e-07
2.014452966051353756e-07
2.122516049278813486e-07
2.241507620803893726e-07
2.373236140548783556e-07
2.520124267342923893e-07
2.685421883585493548e-07
2.873288162074263639e-07
3.088723496826513643e-07
3.339617834670343960e-07
3.637515144822763644e-07
3.999744641799053455e-07
4.440487573342173899e-07
4.963703344865564617e-07
5.572807525054573816e-07
6.274072158183904622e-07
7.070083297096164656e-07
7.943900923162784210e-07
8.872948501077274672e-07
9.846351957125664087e-07
1.085454993071286215e-06
1.189176331047746390e-06
1.295748863218086258e-06
1.405279939495396416e-06
1.517613389607986333e-06
1.633165865115126218e-06
1.751824348739396363e-06
1.873214690111146230e-06
1.996734557294096377e-06
2.122089229577726208e-06
2.250339422975486275e-06
2.380167470385566478e-06
2.512591680454436334e-06
2.647870302296106350e-06
2.784830195639726241e-06
2.924006138003206346e-06
3.063155834396556517e-06
3.203178168204906262e-06
3.343500121070046406e-06
3.486524786760626175e-06
3.633226204963696467e-06
3.782262353988846486e-06
3.932173942075366389e-06
4.082768338322616456e-06
4.233104318912846521e-06
4.383391283342596101e-06
4.534600957094616695e-06
4.686092595105096717e-06
4.837382735427695943e-06
4.990027467983616460e-06
5.141323330199516009e-06
5.297868593522435969e-06
5.450354245573546640e-06
5.601308037491826598e-06
5.759743026231976175e-06
5.898384720611916701e-06
6.045629626361706658e-06
6.203729356757866396e-06
6.357631071476556480e-06
6.509904089645846565e-06
6.667233638233275978e-06
6.829176922526016475e-06
6.990366459247555973e-06
7.150611609851336574e-06
7.310648662484836216e-06
7.472671491568736533e-06
7.634617851613806014e-06
7.797304077937346293e-06
7.958886594541496741e-06
8.120769644306657085e-06
8.283114109519507101e-06
8.444618196340966280e-06
8.606700996623336544e-06
8.768348370514686329e-06
8.929789409334155820e-06
9.091486735061985830e-06
9.253083118515455479e-06
9.414185617925545520e-06
9.574623415735936645e-06
9.734398397001005782e-06
9.893414889142745507e-06
1.005279567397628551e-05
1.021255366404258618e-05
1.037323821700148579e-05
1.053475406050948622e-05
1.069506054946608606e-05
1.085460194891018612e-05
1.101409996509268649e-05
1.117202351110318575e-05
1.132940973889278614e-05
1.148596247975928601e-05
1.164249236027188672e-05
1.179904264577508642e-05
1.195382990169018590e-05
1.210775199936678685e-05
1.226231877296668589e-05
1.241652237477778683e-05
1.257071722911298605e-05
1.272367687735448638e-05
1.287624359217298637e-05
1.302793530340928555e-05
1.317899078608918556e-05
1.332878472118278561e-05
1.347896947919018681e-05
1.362818176871888550e-05
1.377670616192908711e-05
1.392503273086888599e-05
1.407329417458898589e-05
1.422157926410188672e-05
1.437091793350618653e-05
1.451851469776968555e-05
1.466472181601188632e-05
1.480999245985798714e-05
1.495475788608258599e-05
1.510053971912528578e-05
1.524780182968688581e-05
1.539230167523238967e-05
1.553603455236708965e-05
1.567810267918838855e-05
1.581924780433608771e-05
1.595978767011178677e-05
1.610032967445628786e-05
1.624129564924308960e-05
1.638318540577518719e-05
1.652287747644768894e-05
1.666158569112308801e-05
1.679839554703868655e-05
1.693412042080088845e-05
1.707060319113138912e-05
1.720569225174138869e-05
1.733984148995758729e-05
1.747465895332698884e-05
1.760982001477708953e-05
1.774316234137758726e-05
1.787481394044728730e-05
1.800681024859728785e-05
1.813672514539298896e-05
1.826487966042368899e-05
1.839327814312628642e-05
1.851955375946678903e-05
1.864554976356188928e-05
1.877137627121068883e-05
1.889630501878278722e-05
1.902203401603888886e-05
1.914659336054338714e-05
1.927060067465568937e-05
1.939380372283478854e-05
1.951733732122278963e-05
1.963962685487738910e-05
1.976131141873328884e-05
1.988338204257958817e-05
2.000438130295528841e-05
2.012503278022018656e-05
2.024442017525188950e-05
2.036368517052158822e-05
2.048279655565098643e-05
2.060241869739508734e-05
2.072054535609448638e-05
2.083763080977308658e-05
2.095275052740618634e-05
2.106764870964598807e-05
2.118285888758718921e-05
2.129729235732008815e-05
2.141202785246478811e-05
2.152491021503808921e-05
2.163616353479498670e-05
2.174739477324078683e-05
2.185876454837018683e-05
2.196922586751568932e-05
2.207858642119268688e-05
2.218644715288708896e-05
2.229455172943478676e-05
2.240247088140218898e-05
2.251163090451368910e-05
2.261988422852008671e-05
2.272770093654918747e-05
2.283375651741808651e-05
2.293777471217578958e-05
2.304357156769848772e-05
2.314720442101148736e-05
2.324899257732208698e-05
2.335028178066358959e-05
2.345069290747708664e-05
2.355337108711248802e-05
2.365394813834808876e-05
2.375374772967128877e-05
2.385169490265338701e-05
2.394917455637068766e-05
2.404910109531598660e-05
2.414754356445558651e-05
2.424457640776418762e-05
2.433982260018038765e-05
2.443580326194208843e-05
2.452971148448908668e-05
2.462321241854658691e-05
2.471616383953628663e-05
2.480826963936808813e-05
2.490186079500668960e-05
2.499428403072038925e-05
2.508552922723178891e-05
2.517601242012498794e-05
2.526414379679958906e-05
2.535433763586218881e-05
2.544277426579158859e-05
2.553178299834448959e-05
2.562288813539748692e-05
2.571255188646558802e-05
2.580072708246938662e-05
2.588850293344178690e-05
2.597512545196668717e-05
2.606228532186418697e-05
2.614795994727498910e-05
2.623390906775048691e-05
2.631741139250058677e-05
2.639872366534558770e-05
2.648158418690848930e-05
2.656342158913278844e-05
2.664551965618768920e-05
2.672793660435518945e-05
2.680782725276188705e-05
2.688805230844878888e-05
2.697088465422818645e-05
2.705311579878288898e-05
2.713281543505618947e-05
2.721024953163648868e-05
2.728655444004278924e-05
2.736476003047008909e-05
2.744146620949568824e-05
2.751779588220738869e-05
2.759543165722208786e-05
2.767207661241688930e-05
2.774692066838538925e-05
2.782107586328288668e-05
2.789411405568028958e-05
2.796930792188348952e-05
2.804603658316188653e-05
2.812128240353848873e-05
2.819443839855918950e-05
2.826708817484358853e-05
2.833760829777168797e-05
2.840953401687728664e-05
2.847998530252398761e-05
2.855126936058458947e-05
2.862085649108808856e-05
2.868935748464778926e-05
2.876019300598768645e-05
2.883011913053988868e-05
2.890216010657848956e-05
2.896933192271608859e-05
2.903626992225078791e-05
2.910297126496428922e-05
2.916885799768668828e-05
2.923459358720588929e-05
2.929955527670948898e-05
2.936502725791048857e-05
2.942924013075168743e-05
2.949462223652548763e-05
2.956008217880988763e-05
2.962680937683018965e-05
2.969215067416708877e-05
2.975664054757578723e-05
2.982318492162898635e-05
2.988657076775888712e-05
2.994841658142858868e-05
3.000993758794698844e-05
3.007038260459238871e-05
3.013044691425888726e-05
3.018922656006688886e-05
3.024678091085278878e-05
3.030730548966058938e-05
3.036574681880338774e-05
3.042717151248378946e-05
3.048931483468829035e-05
3.054906562805378799e-05
3.060805165033068232e-05
3.066665599997788426e-05
3.072243086519208465e-05
3.077686242988108200e-05
3.083327145492438320e-05
3.088897680535868524e-05
3.094409369818798257e-05
3.100149115168878788e-05
3.105632436479078672e-05
3.111096682251008417e-05
3.116495768430678433e-05
3.122039632434158628e-05
3.127515235143488160e-05
3.132932351388628456e-05
3.138625370873228697e-05
3.143837487299138588e-05
3.148883503455918636e-05
3.154234241640488606e-05
3.159205980115868618e-05
3.164587897323808610e-05
3.169572609113668606e-05
3.174573234225668380e-05
3.179537694918088372e-05
3.184444679449928157e-05
3.189433610292928453e-05
3.194381317569988795e-05
3.199284360886738156e-05
3.204395610725688167e-05
3.209176236398908450e-05
3.214122491941218585e-05
3.218860756703128309e-05
3.223537150955228711e-05
3.228109147818688742e-05
3.232872459557118621e-05
3.237508644982738657e-05
3.242163497635288364e-05
3.247098506963618485e-05
3.251805847170408451e-05
3.256146866941518213e-05
3.260402100809108131e-05
3.264976221745888687e-05
3.269652268339408427e-05
3.274350611926058445e-05
3.278886193212698208e-05
3.283515007577178312e-05
3.287807768991168634e-05
3.291991464957208583e-05
3.296165196906968584e-05
3.300451537728728551e-05
3.304894096182988338e-05
3.309606629540888317e-05
3.314027813305878443e-05
3.318209211704228770e-05
3.322218571272548627e-05
3.326232547178118690e-05
3.330285101110618272e-05
3.334803397926468721e-05
3.339080263572198214e-05
3.343161720771538250e-05
3.347139086948638671e-05
3.350841737652638481e-05
3.354657840781048527e-05
3.358986722368258177e-05
3.363043619041758143e-05
3.367032131680548681e-05
3.370963210727638478e-05
3.374823659849058525e-05
3.378635976719378340e-05
3.382339113365428503e-05
3.386137125947118404e-05
3.389833706331188580e-05
3.393529654131968400e-05
3.397079441845288390e-05
3.400614149780528656e-05
3.404227464945938154e-05
3.408256201035938301e-05
3.412021491083988225e-05
3.415824881941128313e-05
3.419511524154508720e-05
3.423089055783108149e-05
3.426564449318098270e-05
3.430044782975338332e-05
3.433714388182738486e-05
3.437176088485848326e-05
3.440626829090988315e-05
3.444088644753698553e-05
3.447513250304168537e-05
3.451045772021318561e-05
3.454898105377428519e-05
3.458426945986878525e-05
3.461926199010328578e-05
3.465185775134168542e-05
3.468415213457138143e-05
3.471640965577248405e-05
3.474669003931078200e-05
3.477757248477528613e-05
3.480932621426998432e-05
3.484643912575618205e-05
3.488126577226388381e-05
3.491416956102018419e-05
3.494493973769998574e-05
3.497457493323388202e-05
3.500483179116748431e-05
3.503776053720148424e-05
3.506909163633318459e-05
3.509836501080348530e-05
3.512751514083188527e-05
3.515694422634548161e-05
3.518505059869468410e-05
3.521476708514198673e-05
3.524153310947978252e-05
3.526813333894268578e-05
3.529546834638868269e-05
3.532558333845168511e-05
3.535581971953288241e-05
3.538527227652138484e-05
3.541347288855228555e-05
3.544356876966858288e-05
3.547121605424318754e-05
3.549890636477198383e-05
3.552560900936588262e-05
3.555717386338358183e-05
3.558671070806628586e-05
3.561526240703268432e-05
3.564085506451918718e-05
3.566594959825698628e-05
3.569046310481898418e-05
3.571741780503828474e-05
3.574588233054788240e-05
3.577241186235388269e-05
3.579925219877258134e-05
3.582389612356188331e-05
3.584789806372728338e-05
3.587179081697638663e-05
3.589872205019438222e-05
3.592313034546408540e-05
3.594940857353388290e-05
3.597381121652038595e-05
3.599696226912738240e-05
3.601868231814198221e-05
3.604223288409148519e-05
3.606589405490538713e-05
3.609179358965888248e-05
3.611913642392128386e-05
3.614333364004448202e-05
3.616451145417608394e-05
3.618918747986128162e-05
3.621311357397498636e-05
3.623429611059388207e-05
3.625432190117258301e-05
3.627740590764888789e-05
3.630011402551738245e-05
3.632466194460578411e-05
3.634631640971488326e-05
3.636920215992218145e-05
3.638898810555998408e-05
3.640824194160688663e-05
3.642747936450488658e-05
3.644891754096498716e-05
3.647423804302738431e-05
3.649905262143598740e-05
3.652312994444448262e-05
3.654561999307378374e-05
3.656590328029078139e-05
3.658493795471908227e-05
3.660618439185358739e-05
3.662665906162218294e-05
3.664596580293748139e-05
3.666325971877288698e-05
3.668256526070298300e-05
3.670677101734138648e-05
3.672783700596318529e-05
3.674724698102168610e-05
3.676484515705078486e-05
3.678444964497388185e-05
3.680377263238048522e-05
3.682338404991088794e-05
3.684180645482788673e-05
3.685958390775868616e-05
3.688086314429608767e-05
3.690391499968068742e-05
3.692420320518498619e-05
3.694039076163978372e-05
3.695702494175218740e-05
3.697478301115828751e-05
3.699454627818108207e-05
3.701346918547708379e-05
3.703000872375428616e-05
3.704592214812998648e-05
3.706177867891268706e-05
3.708301958669208797e-05
3.710228969829998792e-05
3.712143234282738415e-05
3.713815657267058247e-05
3.715572703522008520e-05
3.717256463171348443e-05
3.718977343866318496e-05
3.720307439962648380e-05
3.721848011758828651e-05
3.723961024782508508e-05
3.725581706848348434e-05
3.727294127772738436e-05
3.728737382165078264e-05
3.730354177435958547e-05
3.731771872024388482e-05
3.733151531262598403e-05
3.734858999322688346e-05
3.736496737838948751e-05
3.738076812945638765e-05
3.739500707092698425e-05
3.741014682621458706e-05
3.742399158679108142e-05
3.743843182950838650e-05
3.745314545865658279e-05
3.746746945656358792e-05
3.748598681390078759e-05
3.750451550523838264e-05
3.752110765738238702e-05
3.753554469004738485e-05
3.754978007250248594e-05
3.756359206726128587e-05
3.757666147663908229e-05
3.758956150087778506e-05
3.760190606292488469e-05
3.761678332242398133e-05
3.763286600199798517e-05
3.765407223356338491e-05
3.767135891363338434e-05
3.768575725229258511e-05
3.769599016456858686e-05
3.771135593387028699e-05
3.772480426551198373e-05
3.773853836506498157e-05
3.774986138046708373e-05
3.776672796122538162e-05
3.778220039107348430e-05
3.779582949718298415e-05
3.780622762114848229e-05
3.781679104417508795e-05
