-1.985233470127266420e-23
-2.176724709318265862e-12
-2.735822561018926867e-12
-1.729158225720058765e-12
-1.825096898189616876e-13
3.011049560579631473e-12
7.700878363180045117e-12
1.289173341347949533e-11
1.983991143988116909e-11
2.828324401338002450e-11
3.713122739658028955e-11
4.775648440597948004e-11
6.012108837008122917e-11
7.296092521568032352e-11
8.774091688738088955e-11
1.040352252873812726e-10
1.208062858817815787e-10
1.392934922014815169e-10
1.594072692275816484e-10
1.800120252587800488e-10
2.024153223337797184e-10
2.264285016708824521e-10
2.510611993135820869e-10
2.774839671403810578e-10
3.049727288024798678e-10
3.343442211524794039e-10
3.653067477994824884e-10
3.968744295856794807e-10
4.304010337269792133e-10
4.656052237827815352e-10
5.014537189057816910e-10
5.393240586789814429e-10
5.789587018092820556e-10
6.190558997338795221e-10
6.613104088692801168e-10
7.053939971554799507e-10
7.499060031713806024e-10
7.966606784561800352e-10
8.445842443691823269e-10
8.946171799158821514e-10
9.458892272235811062e-10
9.993806974283799846e-10
1.054180669776180705e-09
1.111163820371981234e-09
1.169310860741581557e-09
1.229703103532280996e-09
1.291280646659479809e-09
1.355316715750880001e-09
1.420693060676280086e-09
1.488253881687881914e-09
1.557274224260982409e-09
1.628669435177977822e-09
1.701395714870383255e-09
1.776659034200778802e-09
1.853159372737779359e-09
1.932233520544182294e-09
2.012839336540878543e-09
2.096069165373077981e-09
2.180571710428678510e-09
2.267755791748478762e-09
2.356449977372278369e-09
2.448027047918382787e-09
2.541047980577982657e-09
2.636862636897878424e-09
2.734262048280077947e-09
2.834602744992182564e-09
2.936578859308783577e-09
3.041343716023281840e-09
3.147866497600582234e-09
3.257502639454780179e-09
3.368746790343381640e-09
3.483129785493783729e-09
3.599226652667682245e-09
3.718509297173483313e-09
3.839607478633678866e-09
3.963867176814483758e-09
4.089994835084677640e-09
4.219525237611983441e-09
4.350935837247578792e-09
4.485620769340579869e-09
4.622418453969677986e-09
4.762757614159078704e-09
4.904937827374179119e-09
5.050846218563578016e-09
5.198713537953679016e-09
5.350222594672182365e-09
5.503943955072581231e-09
5.661553924215880928e-09
5.821303238598080760e-09
5.984914210576979263e-09
6.151096830422178643e-09
6.320406441506781819e-09
6.493884735330882187e-09
6.670012596928777863e-09
6.850226561012881223e-09
7.032966049959078491e-09
7.220258683099180599e-09
7.410189277254677841e-09
7.604727383675878532e-09
7.801925964045379267e-09
8.003825847540482651e-09
8.208397716778179990e-09
8.417968332023878358e-09
8.630558670515679380e-09
8.848022023375582754e-09
9.068735504445083393e-09
9.294692529660679537e-09
9.523834775819082156e-09
9.758051949341881484e-09
9.995292402695283721e-09
1.023817509343468401e-08
1.048447578016277879e-08
1.073660882816348137e-08
1.099249421084528294e-08
1.125410859892377939e-08
1.151935425789658381e-08
1.179114028527867943e-08
1.206702461922878216e-08
1.234857523108208296e-08
1.263668098437867774e-08
1.292881809049078404e-08
1.322716064632728070e-08
1.353252632299828027e-08
1.384231215231918139e-08
1.415857910161407862e-08
1.448154574553248043e-08
1.481093910424778240e-08
1.514719765398128403e-08
1.549085267297278065e-08
1.584189527977438041e-08
1.620040848537528034e-08
1.656643540858757809e-08
1.694040063388807774e-08
1.732192817657067971e-08
1.771236398490798081e-08
1.811096004838398076e-08
1.851832280694708410e-08
1.893444029974348375e-08
1.935901366987917842e-08
1.979276640996897785e-08
2.023546179198728059e-08
2.068831533140538363e-08
2.115245145263678269e-08
2.162425050236288217e-08
2.210675671834447798e-08
2.260050009280078191e-08
2.310536657008498188e-08
2.362177374390977806e-08
2.414945313490588090e-08
2.468901253973437770e-08
2.524140452199017876e-08
2.580570248997678027e-08
2.638297449442188327e-08
2.697423985912847910e-08
2.757986159185168369e-08
2.819945403527768385e-08
2.883380218008578404e-08
2.948398837513588132e-08
3.014978619962738160e-08
3.083276534880707919e-08
3.153191324300167849e-08
3.224834632041867700e-08
3.298288197578848341e-08
3.373629435760868074e-08
3.450874422749718692e-08
3.530041751483568697e-08
3.611298346775007439e-08
3.694751889264547915e-08
3.780446274678407730e-08
3.868478399774688172e-08
3.958993822415477499e-08
4.051945203462758589e-08
4.147416776746798101e-08
4.245599853158747424e-08
4.346519774020208049e-08
4.450372110698038671e-08
4.557297217848847492e-08
4.667346964521738606e-08
4.780765577027567478e-08
4.897576762843248727e-08
5.017949037017328294e-08
5.142159229972527964e-08
5.270433127869218613e-08
5.402563861275338212e-08
5.538953023687667865e-08
5.679718193033017764e-08
5.825240380989918549e-08
5.975886374571688000e-08
6.131687731551117968e-08
6.292920451940907961e-08
6.459837513017908174e-08
6.633119553185817436e-08
6.812870885303898030e-08
6.999128391192517573e-08
7.192866092848328397e-08
7.394172690605327655e-08
7.603412534638927443e-08
7.821379968782227890e-08
8.048963311443627562e-08
8.286475863791028338e-08
8.534710864201228632e-08
8.794329028138528661e-08
9.065678645310728545e-08
9.349964896925028939e-08
9.648107263274227908e-08
9.960576162700729029e-08
1.028908312536222847e-07
1.063492372257682885e-07
1.099941406974852740e-07
1.138394308180472706e-07
1.179116938067102767e-07
1.222298307974313021e-07
1.268128629111132804e-07
1.316899409589122658e-07
1.368931410587782787e-07
1.424436915259742595e-07
1.484073436327752620e-07
1.548265520086232753e-07
1.617809895122702776e-07
1.693569636274462968e-07
1.776309023812572846e-07
1.866443369815442557e-07
1.964415774856192689e-07
2.071990380424762739e-07
2.190629569391623189e-07
2.321157271905903022e-07
2.464570301758043063e-07
2.621097130475692913e-07
2.791647287079882717e-07
2.978644196380742974e-07
3.183175829051772834e-07
3.407319897014392827e-07
3.653507593760262740e-07
3.921171654392613135e-07
4.210492727983152992e-07
4.523196411358523167e-07
4.869487347462852764e-07
5.250245777822762780e-07
5.668024583507492918e-07
6.140717460982062436e-07
6.667817890252982506e-07
7.268849140157373355e-07
7.990643053193482647e-07
8.860090888971802669e-07
9.913740843211573668e-07
1.118213913720097343e-06
1.273508619223407262e-06
1.468813366548447285e-06
1.716612307534937379e-06
2.034924454186797205e-06
2.456496001263067158e-06
3.028915347481856929e-06
3.830544386334366967e-06
4.998254867839186814e-06
6.789963527409297057e-06
9.743192943984497578e-06
1.489468011471421771e-05
2.401572932789771650e-05
4.051594961513252125e-05
7.021331624380761679e-05
1.147178994938172187e-04
1.538931226491042231e-04
1.744869866932102190e-04
1.826740391111142153e-04
1.884505038686832136e-04
1.929103731474942078e-04
1.964255870934812154e-04
1.993869456772612086e-04
2.016418242638082117e-04
2.035574835845322165e-04
2.049078100302172134e-04
2.058051911842162301e-04
2.062474096097862265e-04
2.063126080807502216e-04
2.060769996804252152e-04
2.056869969419732112e-04
2.051734867701672060e-04
2.045799618038142257e-04
2.039962609735792166e-04
2.034123379089412082e-04
2.029393652114552240e-04
2.025605835531132058e-04
2.022669565773862219e-04
2.020803024409692310e-04
2.019614099451842303e-04
2.018858460945842153e-04
2.018536809079342234e-04
2.018620030735502301e-04
2.019151663120982286e-04
2.019845011343392085e-04
2.020851230716392112e-04
2.022135637911082239e-04
2.023798405395122141e-04
2.025602770262252138e-04
2.027551784317432231e-04
2.029590014810782057e-04
2.031412749260052186e-04
2.033283117834402270e-04
2.035200076513882066e-04
2.037356996058892254e-04
2.039677576131952090e-04
2.041796585584982053e-04
2.043755964653572155e-04
2.045814509218662103e-04
2.047887830924992303e-04
2.050124090082232266e-04
2.052204430050822066e-04
2.054466874358042150e-04
2.056565949227892251e-04
2.058592616985572155e-04
2.060372850886942216e-04
2.062190352012662170e-04
2.063918626134752209e-04
2.065728927246922113e-04
2.067612535754342180e-04
2.069582361774622236e-04
2.071741215759362136e-04
2.074067495566892178e-04
2.076196700961002229e-04
2.078300507748482141e-04
2.080030573414192179e-04
2.081636483020722151e-04
2.083233005081982180e-04
2.085080681743002064e-04
2.086661081617142153e-04
2.088260533413592254e-04
2.089692265308402128e-04
2.090840462180472176e-04
2.092060917044232188e-04
2.093317107071252230e-04
2.094825991235482287e-04
2.096630370179072280e-04
2.098296306482432081e-04
2.099877088289392230e-04
2.101185639070352127e-04
2.102300006330222243e-04
2.103470402383442292e-04
2.104466667132322136e-04
2.105383878553562262e-04
2.106564508375492154e-04
2.107841046348572225e-04
2.108884845525402132e-04
2.109852662413982179e-04
2.110945937515572204e-04
2.111910660283282089e-04
2.112694123173362111e-04
2.113347400562602305e-04
2.113943142283802163e-04
2.114607360663712230e-04
2.115543367655072188e-04
2.116196083850282225e-04
2.117073799203992288e-04
2.117805506511462169e-04
2.118394121179482091e-04
2.119011890953902144e-04
2.119761627300212217e-04
2.120456199335032205e-04
2.121202272309122229e-04
2.122057252965092180e-04
2.122919138502022210e-04
2.123482125897012212e-04
2.124131453340952094e-04
2.124777797896882303e-04
2.125460450818682050e-04
2.126524927369372129e-04
2.127417321398252079e-04
2.128136154215982143e-04
2.128631923815522151e-04
2.128958707240002262e-04
2.129579698672072171e-04
2.130180692627852172e-04
2.130745502109252149e-04
2.131013615755382191e-04
2.131231918956352181e-04
2.131655836942452232e-04
2.132306017245752126e-04
2.132913492543142184e-04
2.133377495006012249e-04
2.133741554936602184e-04
2.134038329644032117e-04
2.134350535713192205e-04
2.134910194397362311e-04
2.135570954445092180e-04
2.136248632769122081e-04
2.136781969369672184e-04
2.137078575970422281e-04
2.137565380674442289e-04
2.137860879776562093e-04
2.138047868805182110e-04
2.138118939645192217e-04
2.138214609643672068e-04
2.138551452300862220e-04
2.138804089614312128e-04
2.139075964152302152e-04
2.139316697308992063e-04
2.139483452478562289e-04
2.139987297208512291e-04
2.140293886537462237e-04
2.140574711635912159e-04
2.140680822625052227e-04
2.140869723881222214e-04
2.140849786463842191e-04
2.140948614742492094e-04
2.141033902276302044e-04
2.141095066866182057e-04
2.141479856609082068e-04
2.141718789382122306e-04
2.141816474300332245e-04
2.141814981578002224e-04
2.141746994360072128e-04
2.141917643565392131e-04
2.142097921478452115e-04
2.142384227100862311e-04
2.142763914967192184e-04
2.142980167273972184e-04
2.143156193405382161e-04
2.143531607253792125e-04
2.143784076751182048e-04
2.144049373191632196e-04
2.144312229405972243e-04
2.144539487560612103e-04
2.144664350701442073e-04
2.144693369488202275e-04
2.144703209260202131e-04
2.144581440623122086e-04
2.144789268801252117e-04
2.144927682045532117e-04
2.144950245351892138e-04
2.145003327791182091e-04
2.145319636502992155e-04
2.145610409244792132e-04
2.145950808120032085e-04
2.146143259754082217e-04
2.146140694220952311e-04
2.146096999709832121e-04
2.146145657682252265e-04
2.146114699506482162e-04
2.146332676013882224e-04
2.146453980043982264e-04
2.146393171761452141e-04
2.146248186187272049e-04
2.146129241758092153e-04
2.146133639153422238e-04
2.146439304121052275e-04
2.146958629585992090e-04
2.147286421921912108e-04
2.147597752278942161e-04
2.147619835184962176e-04
2.147698073708192241e-04
2.147642300483362213e-04
2.147831302946362118e-04
2.147801967562742238e-04
2.147748286083332205e-04
2.147990881256292182e-04
2.148112331515272192e-04
2.148294367326482139e-04
2.148354059262682107e-04
2.148277924687152238e-04
2.148519478055832110e-04
2.148560850617672045e-04
2.148631854328592050e-04
2.148557146880922242e-04
2.148488188822932055e-04
2.148344199833772145e-04
2.148294221565822195e-04
2.148287245518592083e-04
2.148643416881702113e-04
2.148945523441302108e-04
2.149211658125072227e-04
2.149756371497152114e-04
2.149947915314622091e-04
2.149972599977542306e-04
2.149989246242082163e-04
2.150037562884342098e-04
2.149856109701262191e-04
2.149478182830962306e-04
2.149290685779582145e-04
2.149190997893712311e-04
2.149255607249992079e-04
2.149387647589642120e-04
2.149916937123082076e-04
2.150232587964302268e-04
2.150329616264492160e-04
2.150609773454002121e-04
2.150602821644202105e-04
2.150461781912942267e-04
2.150464384057092107e-04
2.150373322349602271e-04
2.150275742901042273e-04
2.150421056050582052e-04
2.150512746907542311e-04
2.150612087331842267e-04
2.150652918649692200e-04
2.150906300585952243e-04
2.151061695451862233e-04
2.151137745768122076e-04
2.151456897558522076e-04
2.151582586064452204e-04
2.151543386729482270e-04
2.151433399979382202e-04
2.151653061351302301e-04
2.151895893524192051e-04
2.152021436721892212e-04
2.151975018686132159e-04
2.151840164178492223e-04
2.151670864499512237e-04
2.151523329257392259e-04
2.151552399909132057e-04
2.151637695985632217e-04
2.152037224130892213e-04
2.152145039533342259e-04
2.152273481562992185e-04
2.152168321134002187e-04
2.152264573249222104e-04
2.152326933692842313e-04
2.152410285046252227e-04
2.152546833289972099e-04
2.152601340287582210e-04
2.152510107670352292e-04
2.152363124633002126e-04
2.152254149288882184e-04
2.152192991889572196e-04
2.152090427404822204e-04
2.152108083100412093e-04
2.152622134804232262e-04
2.152886274365802064e-04
2.153212265705042275e-04
2.153260079243382195e-04
2.153150530111362193e-04
2.152986641662922194e-04
2.152934893789282234e-04
2.153082632321332132e-04
2.153723865568292137e-04
2.154091273320142194e-04
2.154210442635372084e-04
2.154164882068362169e-04
2.153927288790742167e-04
2.153917036370072194e-04
2.154483006795062240e-04
2.154841166755782148e-04
2.155023877327402130e-04
2.155005570143962300e-04
2.154705871536842293e-04
2.154568522177702217e-04
2.154818235860452068e-04
2.155081729692262060e-04
2.155267070462012192e-04
2.155370873378452282e-04
2.155620624186842151e-04
2.155596137224552217e-04
2.155466329197022160e-04
2.155563820328182162e-04
2.155612193947072271e-04
2.155530140458752225e-04
2.155444279710882235e-04
2.155341130633132150e-04
2.155311179641792305e-04
2.155527469643932106e-04
2.155812495229192079e-04
2.156111676594402247e-04
2.156314252551112180e-04
2.156472998744362267e-04
2.156524385034042297e-04
2.156479975632682273e-04
2.156867991633192147e-04
2.156846292022182175e-04
2.156851060828312054e-04
2.156651745164242095e-04
2.156498422115752148e-04
2.156558252555122095e-04
2.156899429308712160e-04
2.157170342283302208e-04
2.157374977499222234e-04
2.157390452540462267e-04
2.157615886339472183e-04
2.157646012269852061e-04
2.157414703669752209e-04
2.157217831996962221e-04
2.157102218608322297e-04
2.157343731501672104e-04
2.157756295645932201e-04
2.157945186077292173e-04
2.158138167940352146e-04
2.157997204166692165e-04
2.158057853899512197e-04
2.158149568001882230e-04
2.158231436730212308e-04
2.158250852633822119e-04
2.158231487945972186e-04
2.158177213368072181e-04
2.157977016269932067e-04
2.158157034283202103e-04
2.158126879225832234e-04
2.157985273495612185e-04
2.157894837977912203e-04
2.157905117017372084e-04
2.158149568623672176e-04
2.158329882297202267e-04
2.158424870305832054e-04
2.158718904594192204e-04
2.158849215182122240e-04
2.158934005719502177e-04
2.158979527171302269e-04
2.159078123737592097e-04
2.159571070233182058e-04
2.159888369682652219e-04
2.159937463833222168e-04
2.159830709187272120e-04
2.159626887258052179e-04
2.159795482703282129e-04
2.159951848054342152e-04
2.160027234421932189e-04
2.160097245627242161e-04
2.159959375658952220e-04
2.159826858941682102e-04
2.159693009612512194e-04
2.159875865828192140e-04
2.160060374576172268e-04
2.160326462501052224e-04
2.160379178700972075e-04
2.160337328507822257e-04
2.160184603425432232e-04
2.160103643956962213e-04
2.160015119587112178e-04
2.160221710505672238e-04
2.160565762934782224e-04
2.160697405330772090e-04
2.160679163645652190e-04
2.161038262394392130e-04
2.161077086465122081e-04
2.160977921252262262e-04
2.160882641444082186e-04
2.160922546533112186e-04
2.160747915623352283e-04
2.160736503265092267e-04
2.160746265885492127e-04
2.161024521646992091e-04
2.161082038346222073e-04
2.160950749105532078e-04
2.160948185159762243e-04
2.160907079818312276e-04
2.161142706674122279e-04
2.161480518419132133e-04
2.161735150853392139e-04
2.162127579438732146e-04
2.162317029623882204e-04
2.162393984851952136e-04
2.162473278995962064e-04
2.162617919866262188e-04
2.162637622646502306e-04
2.162500031794192096e-04
2.162283830058592097e-04
2.162561289435012055e-04
2.162822827823372197e-04
2.162911223349072256e-04
2.162841406324862248e-04
2.162967695873452300e-04
2.162952056651462108e-04
2.163084115388052208e-04
2.163113503444822217e-04
2.163133676602842302e-04
2.163322319420592156e-04
2.163679290534162270e-04
2.163995795388332229e-04
2.163899913011242129e-04
2.163718255960012105e-04
2.163572690077302104e-04
2.163805498236562070e-04
2.164008981118942091e-04
2.164093362980372230e-04
2.164015893904962240e-04
2.163782131597882222e-04
2.163996245759842064e-04
2.164201391085162284e-04
2.164392731921452220e-04
2.164477063408182288e-04
2.164661286329412236e-04
2.164567622744112245e-04
2.164628943755282295e-04
2.164684332148092286e-04
2.164553085844442119e-04
2.164878266842402304e-04
2.165261766000242162e-04
2.165438541413702118e-04
2.165576919587902140e-04
2.165575476071942163e-04
2.165309907631172070e-04
2.165226536324402174e-04
2.165328771225292234e-04
2.165553437230592138e-04
2.165664654318882204e-04
2.165718031801642065e-04
2.165715480426412271e-04
2.165632206536552255e-04
2.165496239665492086e-04
2.165502156344022123e-04
2.165540579934262103e-04
2.165816993457892110e-04
2.166201710280112210e-04
2.166455375271962125e-04
2.166503635470162293e-04
2.166468810001102115e-04
2.166464971694782198e-04
2.166405585298502310e-04
2.166359675781032125e-04
2.166319936169042290e-04
2.166389682937002207e-04
2.166602303264182053e-04
2.167207829695102161e-04
2.167496345793222166e-04
2.167653309219402162e-04
2.167507357143082247e-04
2.167486394255482146e-04
2.167405914423792181e-04
2.167423155105892188e-04
2.167365249709172212e-04
2.167588359185652165e-04
2.167818633146302164e-04
2.167843318496132218e-04
2.167705770087592133e-04
2.167454353355052060e-04
