1.977968461762712593e+02
1.781400927491343964e+02
1.503035210856472474e+02
1.977711150782151890e+02
1.754438471616162190e+02
1.519671916509074094e+02
2.039517370695638476e+02
1.757694757073792289e+02
1.525442305704985984e+02
2.138464355942399493e+02
1.910966830558014635e+02
1.560251397342427708e+02
2.133612289547970420e+02
1.758444634425765400e+02
1.511429242541159681e+02
2.051696059577993196e+02
1.835072944031910538e+02
1.545557437580337421e+02
2.102733045683698663e+02
1.857434316062609980e+02
1.607157775110112823e+02
2.095726180947818023e+02
1.864741813672910666e+02
2.138886573422209096e+02
1.863896046294653104e+02
1.652225839930405016e+02
2.202640628982761939e+02
1.920631700200206637e+02
1.682607777598843484e+02
2.229160180547455070e+02
1.926290850941947781e+02
1.623861983453062976e+02
2.303792865694712475e+02
1.952960731772505198e+02
1.624518326564086976e+02
2.346625463667001554e+02
1.972140277019105099e+02
2.299102103691145658e+02
2.025701825457588541e+02
2.344970445296365256e+02
2.023536524586189955e+02
2.288473029158060115e+02
1.969517245421273230e+02
2.338436098113828052e+02
2.025597326769691335e+02
2.440608495342524122e+02
2.039597818272040968e+02
2.335898777319850410e+02
2.118731547328116278e+02
2.393583620278496937e+02
2.073691096725650596e+02
2.447485133770455263e+02
2.050574436021915119e+02
2.509541642217303945e+02
2.163242963834073294e+02
2.472424232525177104e+02
2.068372685194654821e+02
2.548686630708024268e+02
2.195480068385917889e+02
2.601483038054484496e+02
2.142376976377854021e+02
2.579990062344551234e+02
2.216596833794931740e+02
2.625293600292572478e+02
2.205610281200707448e+02
2.580547051077707579e+02
2.291452144650421872e+02
2.672590147327209706e+02
2.216087192160289021e+02
2.683524154105162438e+02
2.254801996975545251e+02
2.696137702019744893e+02
2.278974697520561392e+02
2.683821201916720725e+02
2.319251430497822639e+02
2.756022889023061566e+02
2.295386726077576043e+02
2.726454928031338341e+02
2.397070748868191288e+02
2.770442862797384578e+02
2.295898300458619303e+02
2.836200851858084206e+02
2.322473588620184159e+02
2.825882002735574474e+02
2.433070057447434920e+02
2.881342535325580343e+02
2.388731874071592074e+02
2.891310421889168083e+02
2.496940913656803787e+02
2.790521910780598773e+02
2.994770477902449670e+02
2.553886923459884031e+02
2.930594833139201683e+02
2.547228955636655030e+02
3.082892638326754877e+02
2.559363624378135853e+02
3.066148842103694392e+02
2.547358976712512515e+02
3.076065476674216939e+02
2.569461362135282911e+02
3.181802047313803428e+02
2.648908892169032470e+02
3.131596329606568929e+02
2.725229535237874643e+02
3.188537072178159519e+02
2.633080890725101995e+02
3.087653142799744046e+02
2.624780990559629572e+02
3.286287233941469026e+02
2.742112687276128327e+02
3.327308943116842102e+02
2.794601727832379652e+02
3.258210118224390612e+02
2.814967169249900962e+02
3.502608553160681595e+02
2.882001874230433032e+02
3.375525440065828775e+02
3.419299933101439706e+02
2.849077464798097594e+02
3.502152932548658555e+02
3.508769632575154560e+02
2.911269678012727695e+02
3.511701266585937447e+02
3.525035035287239111e+02
3.462614849836219264e+02
3.599575302485227439e+02
3.707429293729326787e+02
3.668298605209562311e+02
3.658638218625824834e+02
3.658513129594048223e+02
3.723579753512799471e+02
3.672860196164177751e+02
3.932730197441473479e+02
3.724542381919723653e+02
3.824350924697840242e+02
3.757106384835813628e+02
3.685780810329876545e+02
3.825193288274655856e+02
3.808822085001317532e+02
4.077443199130067910e+02
4.091075775843323754e+02
3.388294331374904118e+02
4.104681781514599379e+02
4.160088869261993523e+02
4.088144615951642891e+02
4.110701675329536329e+02
4.031484409348416875e+02
4.147440066103664549e+02
4.246148040258727292e+02
4.048867202849932596e+02
4.272968054313926700e+02
4.427725348734302315e+02
4.409813138937401504e+02
4.301019254417751085e+02
4.437337929870018911e+02
4.571172459244285733e+02
4.501325742328488673e+02
4.679528995937400850e+02
4.450397377240053061e+02
4.618075759025097113e+02
4.708679902298699744e+02
4.757824870830943382e+02
4.703324577234827757e+02
4.709476721502462055e+02
4.942837411642091752e+02
5.035673773825427588e+02
5.030999895205704888e+02
5.116480499370815096e+02
5.210720317181276187e+02
5.033986179245036396e+02
5.099465817692428686e+02
5.279524281728580490e+02
5.236712292523940278e+02
5.426349913996230043e+02
5.499920999445231473e+02
5.479146533823591199e+02
5.668765218080196746e+02
5.577702774690338856e+02
5.707428192733676724e+02
5.935121111543326151e+02
5.993352137124419414e+02
5.614190503519484992e+02
5.961259367121648438e+02
5.976880204440752777e+02
6.287539183887045056e+02
6.487172109298790019e+02
6.313958013898721902e+02
6.422176066274332698e+02
6.539349313003997395e+02
7.000377293774695318e+02
6.804237784855998825e+02
6.656793569459101718e+02
7.333240353377249221e+02
7.093884735116764659e+02
7.176363193457556235e+02
7.632692687230897945e+02
8.046099821201136137e+02
7.924394145200491266e+02
8.183047827230017219e+02
8.246984111530933887e+02
8.076314218912481238e+02
8.522333469263315919e+02
8.622654482167504284e+02
8.396701963802181581e+02
9.003090241363728410e+02
9.200479099863692909e+02
9.303472975727705716e+02
9.396500233442570789e+02
1.013343227960248896e+03
1.031015907564087684e+03
1.040018073417808637e+03
1.081511767701489589e+03
1.114349945832103685e+03
1.067665048529713886e+03
1.219723748839849350e+03
1.208283163176069593e+03
1.319733412085809050e+03
1.383570371345678723e+03
1.343587820573317231e+03
1.149896354804903012e+03
9.552833554984060811e+02
1.225567635322427805e+03
1.341804294760502444e+03
1.244703763559587514e+03
1.268238761497226733e+03
1.090569902795055668e+03
1.085000937142523071e+03
1.465921679675572932e+03
1.449842216560426778e+03
1.595857542910619031e+03
1.824423235250946391e+03
1.448621869483459250e+03
1.248282222736876065e+03
1.109449025117454994e+03
2.304167299305457163e+03
2.052526882679746905e+03
1.642872662832756532e+03
3.220959588887169957e+03
2.371171878668647878e+03
2.719777300060486596e+03
5.041511666595067254e+03
4.786259014891527841e+03
4.997306929333857624e+03
4.211875537156177415e+03
4.274673413114761388e+03
5.056212052162389227e+03
5.007449218902949724e+03
4.455790378020196840e+03
5.056212052162389227e+03
5.056212052162389227e+03
5.056212052162389227e+03
5.056212052162389227e+03
5.056211582308920697e+03
5.056212052162389227e+03
5.055181140605979635e+03
9.090853479512918511e+02
-3.984775417687559639e+03
-7.434857638401433178e+03
-1.110315278952193330e+04
-1.168233334558565184e+04
-1.207777279644482041e+04
-3.000000000000000000e+04
-1.222956326677905417e+04
-1.426968075751931792e+04
-1.423396225304486870e+04
-1.302851803512365586e+04
-1.304757728461370425e+04
-1.141815262492546572e+04
-1.175520961378320135e+04
-1.032721108426919454e+04
-9.130823033185250097e+03
-7.423266023066454181e+03
-5.706501000776810542e+03
-4.016685201990501355e+03
-3.009311850486498315e+03
-1.979636876355318464e+03
-1.024904965403439746e+03
-5.576993693072898850e+02
1.183950255311992805e+02
1.762562062542725627e+01
-3.225561342927099417e+01
-7.569643075203207161e+01
-3.859286616511309944e+02
-5.177404762916759182e+02
-5.148576187057170728e+02
-5.368657944199596841e+02
-5.674259243014787444e+02
-6.818650358161213489e+02
-6.073759463768963087e+02
-6.513578679294568019e+02
-6.971272022841926628e+02
-8.642674660932374309e+02
-9.015463565683571687e+02
-9.753570166037592344e+02
-1.041231264828022631e+03
-8.565524556933395388e+02
-8.304923304100605037e+02
-7.977674724900936098e+02
-9.389960274377999667e+02
-1.085269813954178517e+03
-9.681395536705593940e+02
-8.379007538750959156e+02
-8.851895559263130053e+02
-8.780980750918653257e+02
-1.007864178071593415e+03
-9.096874447848305181e+02
-1.080500668938656872e+03
-1.020890644126591042e+03
-1.014852156062092149e+03
-8.461143849566686868e+02
-8.540087855393869631e+02
-7.478104955407021635e+02
-7.517059727288468594e+02
-7.566428109673170184e+02
-7.810439425477259192e+02
-9.187104233284087513e+02
-1.106586651398621370e+03
-1.050840880677819086e+03
-1.128918548046838396e+03
-9.299374631455552844e+02
-8.593090387438629705e+02
-8.577012769769581837e+02
-1.083909659614866996e+03
-9.468769549533668624e+02
-1.006465744949071905e+03
-9.279798369398607747e+02
-7.064211550629373733e+02
-7.001066609339378601e+02
-6.627887846333715061e+02
-8.070358660891404270e+02
-1.061992337254950144e+03
-1.050237098824777149e+03
-1.082676141767438139e+03
-9.617601362498552362e+02
-8.537304783017110594e+02
-9.161094375751346206e+02
-7.987630124994193466e+02
-7.131302101543598155e+02
-8.971988417335232953e+02
-1.018739098907133894e+03
-9.005416197490560535e+02
-8.678545436513852565e+02
-1.000714148014031593e+03
-9.688121666898397280e+02
-8.779663583446315442e+02
-7.863367847043376742e+02
-7.144905458134529681e+02
-7.275513573675001453e+02
-9.334577650411932837e+02
-7.449557195705120876e+02
-9.176984738331178733e+02
-8.414840649602557505e+02
-7.302175221091339381e+02
-7.198466683475948003e+02
-7.983221795440252890e+02
-7.488283450009456601e+02
-7.748416567135137711e+02
-8.659969772861152251e+02
-9.107808867610609695e+02
-7.028044698334267650e+02
-7.369285463463802444e+02
-7.127538031500185980e+02
-7.120321547110838765e+02
-1.019894701904038470e+03
-9.842620975814394342e+02
-9.277239198454541338e+02
-7.997903350410103940e+02
-6.589903982719183659e+02
-8.615748292550226779e+02
-8.847605568598296486e+02
-9.016880421662667686e+02
-6.907347354417441920e+02
-6.004166976258615023e+02
-6.990226725780472634e+02
-8.662729376743679950e+02
-8.761665615494924850e+02
-8.012252630731952650e+02
-7.311730624905256946e+02
-6.582955029095539885e+02
-6.231203152893278912e+02
-7.762160230034463666e+02
-8.729751141561090435e+02
-9.421564403042428921e+02
-9.005747996319840922e+02
-7.595755941169715015e+02
-9.263948912348126896e+02
-8.307126134678620701e+02
-7.658671633772254381e+02
-6.658953622071504697e+02
-6.445927532679647811e+02
-8.032815370444607197e+02
-7.468983391380377270e+02
-7.584604782940127734e+02
-7.352865640851911166e+02
-6.682272238089427674e+02
-9.293833527175476092e+02
-8.372122952675017586e+02
-8.522699206769468674e+02
-7.454342136558361744e+02
-8.142860463460565370e+02
-6.568909019248596906e+02
-7.173617794906828067e+02
-6.920295145785348723e+02
-6.475200787150125734e+02
-8.893501945643107547e+02
-8.291557688119473823e+02
-7.432714417549839254e+02
-6.532520501431343973e+02
-5.540441584339914698e+02
-6.807867002333755408e+02
-6.669679816858873664e+02
-7.367573891013796583e+02
-8.237587975021770035e+02
-7.191625076445765217e+02
-6.749090614651706801e+02
-8.247269076155456560e+02
-7.637559856497593955e+02
-7.911915652726348753e+02
-8.166116165128383955e+02
-8.236222320001317030e+02
-7.738340815073564727e+02
-7.129490351525348615e+02
-6.913567687706031393e+02
-5.565178770076654473e+02
-7.672098043452547245e+02
-7.263675656036830333e+02
-6.262855616502185967e+02
-6.128576044547660331e+02
-7.942131983171252614e+02
-8.007352744197310130e+02
-8.780030921099204306e+02
-8.239877256652235928e+02
-7.058440869833048055e+02
-6.630836570447958138e+02
-7.151334003859936956e+02
-6.443571756952730993e+02
-8.278289080865753249e+02
-7.914698586397927329e+02
-6.632086277145650683e+02
-5.627332903251992775e+02
-5.160643247040151209e+02
-5.344113910878064644e+02
-7.133819350349729120e+02
-9.012490084850911671e+02
-8.254368329440862908e+02
-8.676781128516057606e+02
-6.899700407952665273e+02
-7.304924542109507684e+02
-6.205809063236755492e+02
-7.932526848825314119e+02
-6.405803329807050659e+02
-5.897931977205200837e+02
-7.976972214124002676e+02
-7.335045689000480706e+02
-7.924755567708879198e+02
-7.180838462811242380e+02
-6.038479383160042744e+02
-8.356435962591955331e+02
-7.234884218430208875e+02
-7.592782118917126581e+02
-6.577402489353560213e+02
-6.405398842656691158e+02
-5.451873809767972716e+02
-5.552872417700486949e+02
-5.247052227972241099e+02
-7.620468757894257124e+02
-7.461263843590411398e+02
-7.401547774866589862e+02
-1.004703580597893279e+03
-8.345388937883817562e+02
-7.482711036463240362e+02
-7.605916365141309825e+02
-8.141394210230666886e+02
-6.626393383964521036e+02
-4.678182778847206578e+02
-5.276246962046076305e+02
-5.273266461337997271e+02
-5.948649435159920813e+02
-6.114076069501811617e+02
-9.201913324846191244e+02
-8.388473111755555465e+02
-7.130854161364260335e+02
-8.790974466513263224e+02
-7.123432372886350095e+02
-6.051162760752009717e+02
-6.910256050506618521e+02
-6.062734001216819024e+02
-5.598051061008430906e+02
-7.095076675255836562e+02
-6.695373296157415552e+02
-6.689754546807703264e+02
-6.110994863713764289e+02
-7.638299386984433568e+02
-7.139889033602587460e+02
-6.563255600688482900e+02
-8.497766451377658541e+02
-7.505117175460243288e+02
-6.375919302559492507e+02
-5.497572709183143616e+02
-7.737046528105910284e+02
-8.369426367322316764e+02
-8.009344470316523257e+02
-7.034125030405828056e+02
-6.304079428529075813e+02
-5.710786389035322372e+02
-5.332781027851456201e+02
-6.145139080155332749e+02
-6.322048141940919095e+02
-8.840615440019220159e+02
-7.220325451531119825e+02
-7.568541195870135425e+02
-5.814707294242957687e+02
-7.092488767925469801e+02
-6.953204322254113094e+02
-7.214831688504893918e+02
-7.861596832788010261e+02
-7.637106101863249705e+02
-6.659509223734770558e+02
-5.948427689291401066e+02
-5.821276856753354423e+02
-5.832653641817075822e+02
-5.053260368361408723e+02
-5.258078781374543951e+02
-8.881776727049931424e+02
-7.690086440841164404e+02
-8.635096085533451742e+02
-7.030131133606860203e+02
-5.767530083566165331e+02
-4.833218900509760942e+02
-4.928974711785114096e+02
-5.830828045336621699e+02
-9.710557172325876536e+02
-8.663407509824022554e+02
-7.353996460706044900e+02
-6.186145158051608632e+02
-4.242481014200143932e+02
-5.076313263886708000e+02
-9.351203553886643931e+02
-8.716229064916716425e+02
-8.066070976950815066e+02
-6.883325453487416326e+02
-4.465503212449034436e+02
-4.849431675283998402e+02
-7.338031196669222709e+02
-7.689428036863748730e+02
-7.434426893454187848e+02
-7.018236530111125830e+02
-8.406844239206458269e+02
-6.760252416198819674e+02
-5.803985203576216918e+02
-7.324161232318194834e+02
-7.142342453332247487e+02
-6.158980875245405286e+02
-5.835904299766996246e+02
-5.286604471215644026e+02
-5.288438631434612489e+02
-6.761660849121997217e+02
-7.350991552696302733e+02
-7.771447629477551118e+02
-7.400822983876252010e+02
-7.325542549129019108e+02
-6.673151478755114567e+02
-5.817491754342347576e+02
-9.175138087505583826e+02
-6.722962108993474430e+02
-6.935424630842704801e+02
-5.219431666306616080e+02
-4.888379884238811428e+02
-5.891805481220668526e+02
-7.930928907571237687e+02
-7.831187281867651109e+02
-7.740762580149433916e+02
-6.531042225751401702e+02
-8.283154149692844612e+02
-7.307326234835336436e+02
-5.286051347747400087e+02
-4.933168383914144215e+02
-4.836395652335405089e+02
-7.054217614045619484e+02
-8.642555467305973025e+02
-7.555321293662375410e+02
-7.971342786204010054e+02
-5.646696270258623827e+02
-6.918275962765331997e+02
-7.255965166947520402e+02
-7.347667280079624561e+02
-7.057779540160971692e+02
-6.860464326099995560e+02
-6.588480371313729620e+02
-5.215574815088539253e+02
-7.817008954453838214e+02
-6.498212231876217402e+02
-5.461074699957905523e+02
-5.366780622984688307e+02
-5.634525021084222089e+02
-7.171273988542718598e+02
-6.836540365267463812e+02
-6.172991216298498784e+02
-7.681575614652648483e+02
-6.721588787091384347e+02
-6.366269442430248091e+02
-5.913261131157233876e+02
-6.002833204698492864e+02
-9.076281363442727752e+02
-8.647291248137440789e+02
-7.201173901033873790e+02
-6.077613817503367954e+02
-4.949983619302230977e+02
-7.405026966027169237e+02
-7.606184549407755640e+02
-7.272796702475320672e+02
-7.447226678002522249e+02
-5.930742975218390711e+02
-5.601885082792724688e+02
-5.087634249217451270e+02
-7.100039461371086418e+02
-7.305475364793079507e+02
-8.312935417900978337e+02
-7.176005970931885258e+02
-6.558125769222276631e+02
-5.541480959020948376e+02
-5.655763606309988063e+02
-5.117338235406227795e+02
-6.967322886255383310e+02
-8.268370755426801679e+02
-7.107792232787236344e+02
-6.007924392425226188e+02
-9.013202905215700866e+02
-7.264766520497831834e+02
-6.287878032483815787e+02
-6.154517334764858560e+02
-7.101615010026617938e+02
-5.383045509937442148e+02
-6.130271599973386856e+02
-6.006260614158495628e+02
-8.032947606383650054e+02
-6.753673493910821435e+02
-5.187634845557557810e+02
-5.688120549225990317e+02
-4.965666742957819793e+02
-6.593389196976563653e+02
-7.421641902625821103e+02
-7.017570748009740100e+02
-8.365478465161909298e+02
-7.402693226803959305e+02
-6.797858105766081280e+02
-6.888187277427058461e+02
-7.537317218053743773e+02
-6.845593277857130943e+02
-5.579729837900505345e+02
-4.416652445157058651e+02
-7.636089831281162787e+02
-7.898085736378806132e+02
-6.952684542461360024e+02
-5.719761711559086734e+02
-7.011939406522452600e+02
-5.935713220415424303e+02
-6.881546483254326176e+02
-6.104195175365614432e+02
-5.808455859905509442e+02
-6.905976688449732137e+02
-8.440757305345609893e+02
-8.854191103856336440e+02
-6.262564051904641929e+02
-5.335966046712833304e+02
-5.026548316735486424e+02
-7.547000489819203040e+02
-7.686049304388585597e+02
-7.128905746059874673e+02
-5.967552507337640009e+02
-4.316751158453128028e+02
-7.121499660293426359e+02
-7.219288543478462543e+02
-7.334992380013070488e+02
-6.704808632355689042e+02
-7.602500441010287204e+02
-5.601323432036389249e+02
-6.428847800460683857e+02
-6.308073988810194805e+02
-4.596691604031008751e+02
-7.595063665863987126e+02
-8.523282792762402096e+02
-7.611257146407573373e+02
-7.722364610764288955e+02
-6.998633710976733937e+02
-4.818726685479418848e+02
-5.556269070171964586e+02
-6.670103568604332622e+02
-7.726338309900282866e+02
-7.227989149079370463e+02
-6.988924825958326892e+02
-6.656724505562960985e+02
-5.947762583827000071e+02
-5.166675692969984084e+02
-5.724251902980171280e+02
-5.623372068988240926e+02
-7.242521252072810967e+02
-8.429842018758024551e+02
-8.081217166112080577e+02
-6.933719688527618246e+02
-6.322778933159411281e+02
-6.424268641080692532e+02
-5.840907903067022744e+02
-5.610414170620485947e+02
-5.242805881113074520e+02
-5.610327919278892068e+02
-6.416926158943660994e+02
-9.715961170951102304e+02
-8.309186846882440705e+02
-7.886934992699999611e+02
-5.841497568196160728e+02
-6.556216572280470700e+02
-5.944719651622881429e+02
-6.448569311157267521e+02
-5.723679885568134296e+02
-7.741728422151164750e+02
-8.246758923096525677e+02
-7.141435641931444707e+02
-5.935797145765513960e+02
-4.634601428711956146e+02
