2.842170943040400743e-13
7.571361448231073155e-02
1.433095348613164788e-01
2.014316807693035116e-01
2.799485119772953112e-01
3.461083155452797655e-01
4.025953657052809831e-01
4.797265455903243492e-01
5.481358085332885821e-01
6.055810347713190822e-01
6.858397866973291457e-01
7.534156505813029980e-01
8.135571231172775697e-01
8.933394636583216197e-01
9.579513369902770137e-01
1.015339673732285064e+00
1.096857164440280030e+00
1.164777827679301936e+00
1.221904897024273851e+00
1.302474769367279350e+00
1.369313165995322379e+00
1.425141799679295218e+00
1.506051984116311360e+00
1.574036458246325765e+00
1.654238087977319083e+00
1.722130156144316970e+00
1.777701050851305808e+00
1.858056597806296395e+00
1.925181227189284527e+00
1.982247096522314678e+00
2.064600425472292500e+00
2.131639454830292379e+00
2.187454557366322661e+00
2.267004003524277778e+00
2.333655241579322137e+00
2.389944865462325652e+00
2.469961639603297954e+00
2.535993823690319005e+00
2.617375967225314071e+00
2.684942025501300122e+00
2.765107968067297861e+00
2.833400193861280059e+00
2.914824717296312429e+00
2.984148324607303948e+00
3.067087515510309004e+00
3.136198077519281924e+00
3.219059461125311827e+00
3.286505640117297844e+00
3.368452606703328911e+00
3.436906818187310364e+00
3.523648565361327201e+00
3.594304040664326294e+00
3.679218717117294091e+00
3.746838140704312536e+00
3.829079871459327933e+00
3.897303652955315556e+00
3.982350612460322736e+00
4.050461791714326409e+00
4.135173247210275349e+00
4.204002533841276090e+00
4.290934577632299352e+00
4.362406670670281983e+00
4.450808173290283776e+00
4.524275724758297201e+00
4.612962325539285757e+00
4.682758322301310727e+00
4.769957427793315219e+00
4.842815150940282365e+00
4.931787386134317330e+00
5.003099299316318138e+00
5.091303465264275019e+00
5.164961327373305267e+00
5.252816059831275197e+00
5.325761831265310775e+00
5.417864706516297701e+00
5.491512253516305009e+00
5.580727798629311565e+00
5.654578534220320307e+00
5.743827602284284239e+00
5.818371915638294922e+00
5.912173061677322039e+00
5.985784685702299157e+00
6.078281368073305657e+00
6.156004553538309665e+00
6.245006088882291806e+00
6.318119548246329487e+00
6.413773530050320915e+00
6.489746739525287467e+00
6.585390391575288049e+00
6.661224256365301244e+00
6.753225917019278768e+00
6.848252951078279693e+00
6.927463166978327536e+00
7.026572453682319974e+00
7.106786212698295913e+00
7.207790410059317310e+00
7.286955094197310245e+00
7.387513568983308687e+00
7.468774458083316858e+00
7.573083773148312048e+00
7.654451967088277797e+00
7.760369412714283044e+00
7.840175807312277811e+00
7.945170272396296696e+00
8.030347595946295769e+00
8.135973297578289021e+00
8.219601850359310902e+00
8.328257931576274586e+00
8.415089268738313422e+00
8.529810435631304699e+00
8.621768331895282245e+00
8.731632247052289131e+00
8.819160436975323591e+00
8.926993559692277813e+00
9.011952564431283008e+00
9.126782617490277971e+00
9.215970262591326900e+00
9.328932995208276679e+00
9.443200031954290807e+00
9.534977281959299944e+00
9.651767894528290981e+00
9.766075487345290185e+00
9.856858468445295784e+00
9.979041290068323633e+00
1.009676399710127725e+01
1.022039789858729364e+01
1.033783911712532699e+01
1.046139781797228352e+01
1.058500176926429504e+01
1.070666585667129311e+01
1.083175594930730767e+01
1.096232199968329724e+01
1.108899258600831672e+01
1.121486833240629721e+01
1.134801548232127288e+01
1.148228171815929954e+01
1.162052130596828192e+01
1.174951674736632867e+01
1.188894502017132027e+01
1.203084740652127493e+01
1.216269414088327494e+01
1.229710206374727477e+01
1.240406529547527725e+01
1.253923744400628948e+01
1.267941180274527824e+01
1.282833347014428682e+01
1.297388127633132626e+01
1.312333286968231505e+01
1.326888364300629064e+01
1.342797915826531607e+01
1.358400147427931870e+01
1.373623507278728084e+01
1.389351329829929682e+01
1.405323425198730547e+01
1.421996004356327603e+01
1.438382504874829237e+01
1.454699839119228955e+01
1.472163337842630426e+01
1.489002001693432931e+01
1.506279860284831784e+01
1.523001668114227414e+01
1.540333284990128959e+01
1.557980616700331211e+01
1.576318096674731351e+01
1.595230413730632790e+01
1.614356501660631693e+01
1.633402928957832501e+01
1.653678142473830803e+01
1.673846157910429611e+01
1.694238279589131935e+01
1.715473242336531712e+01
1.737797426956831259e+01
1.758978892445128395e+01
1.781797312609131723e+01
1.804866421702331536e+01
1.828316578794130010e+01
1.851256854686732822e+01
1.876084623246828187e+01
1.901036120170130062e+01
1.925557788355831690e+01
1.951571883800727392e+01
1.977665809022130361e+01
2.002383991691232268e+01
2.029346986763130190e+01
2.057280060846829883e+01
2.086073714871429274e+01
2.115148099414130911e+01
2.145376142186631796e+01
2.176496884364928519e+01
2.208612067613432828e+01
2.242497636974530906e+01
2.276255877082229517e+01
2.312276591516132385e+01
2.346786895713830745e+01
2.385225976854729879e+01
2.423607579623529773e+01
2.462991423102829458e+01
2.503320791464227568e+01
2.546765082591031160e+01
2.590271235684429030e+01
2.635821468841129445e+01
2.682749650182830692e+01
2.731702147257527713e+01
2.785544878833127314e+01
2.841285511475132353e+01
2.901176970882931982e+01
2.959638223544430957e+01
3.024626232013832805e+01
3.091423545193032396e+01
3.166403520704329821e+01
3.243885218617731425e+01
3.326186803880028720e+01
3.415199597351727334e+01
3.512795349153628877e+01
3.620964472136330414e+01
3.736240904718027878e+01
3.866935864508229770e+01
4.014106261607128090e+01
4.190826763789829101e+01
4.380587735378327352e+01
4.542267234013729649e+01
4.678376649575227475e+01
4.798980937215128506e+01
4.912159838214927277e+01
4.989250348388429757e+01
5.020835070880730200e+01
5.036254331550230745e+01
5.039112402273428870e+01
5.034775831801431423e+01
5.030640263251729039e+01
5.030843027602429629e+01
5.028596436268929892e+01
5.033234743872930039e+01
5.038002582374127769e+01
5.040360474805731883e+01
5.037923565617927579e+01
5.030733166923431554e+01
5.038708820382231579e+01
5.032135591501628369e+01
5.036253567861427882e+01
5.044849917785728621e+01
5.042186290488331224e+01
5.047079791433827722e+01
5.032239151399630828e+01
5.026625524953630020e+01
5.016185298805930870e+01
5.025842455611228843e+01
5.043441129119531752e+01
5.050865392651729735e+01
5.047750869182630140e+01
5.043770659744831164e+01
5.033731482804432744e+01
5.026109465359627393e+01
5.025501301537832433e+01
5.020893801786428412e+01
5.014271107693627982e+01
5.016980374852232671e+01
5.006303137250131385e+01
5.031205783168832113e+01
5.001782925970428550e+01
4.992538424765831451e+01
5.017727122035529419e+01
4.909127523290027284e+01
4.965180671812930768e+01
5.019111771727631321e+01
4.993291061728729119e+01
4.987948261391630922e+01
5.016739932092229992e+01
5.037786869535432288e+01
5.031496415993530036e+01
5.025624831734330655e+01
5.025456394901129897e+01
5.034133510011332646e+01
5.033526645971727476e+01
5.035355689744727670e+01
5.030261848566027538e+01
5.031736843392229730e+01
5.032980078306729865e+01
5.029882362748128344e+01
5.032162182542327855e+01
5.030525104173830186e+01
5.030408285576629623e+01
5.031829876500029286e+01
5.031363825734831607e+01
5.029224244785632436e+01
5.026613100531830014e+01
5.024451540133730987e+01
5.023441827173331831e+01
5.027119802712832097e+01
5.031319503745231714e+01
5.036854261733628846e+01
5.039804969148332248e+01
5.035811892664128209e+01
5.033983789987632917e+01
5.033437585962332150e+01
5.028637266810329720e+01
5.027616084471327440e+01
5.026443168175029541e+01
5.027687494464129259e+01
5.027484677252027723e+01
5.022799793657929968e+01
5.022757159370627278e+01
5.026652382327932855e+01
5.027146455414128923e+01
5.027645652019430145e+01
5.024977175820828279e+01
5.024622003920228508e+01
5.022962772477632143e+01
5.021937373204929145e+01
5.020479238631429553e+01
5.022864434180729631e+01
5.021619586457529749e+01
5.022043703101428491e+01
5.024253421152332066e+01
5.027005461865428515e+01
5.030021825049828976e+01
5.032977906346127384e+01
5.028408120305732609e+01
5.026026299522732188e+01
5.026193704960030573e+01
5.029037441725330382e+01
5.035005443145428217e+01
5.037887987698127290e+01
5.030796222803030560e+01
5.028913121721132029e+01
5.025803257489729958e+01
5.025628199524032880e+01
5.027213259454828176e+01
5.030634616887329003e+01
5.034312779535832760e+01
5.036002036783628455e+01
5.030481410987232493e+01
5.027908622998228338e+01
5.024542968967028855e+01
5.024725050576228114e+01
5.027685520091432636e+01
5.026115942552530669e+01
5.027068016444928844e+01
5.030699144133029677e+01
5.031108635324227407e+01
5.026703207468727896e+01
5.023999782864132158e+01
5.024052865220630792e+01
5.019092152736931212e+01
5.016596859851830459e+01
5.017354955814028017e+01
5.014459914027827381e+01
5.016172597659328858e+01
5.017790885247927690e+01
5.018685102328532821e+01
5.021696027347928748e+01
5.020645920467529777e+01
5.021152290722028511e+01
5.021730594045931184e+01
5.023624440828427851e+01
5.022760855420131065e+01
5.023908112304729912e+01
5.025942929612932630e+01
5.025166525757532554e+01
5.025652908950831943e+01
5.025285840776530222e+01
5.027377578358527899e+01
5.029039575038331122e+01
5.030039941927429936e+01
5.026948272281231311e+01
5.024922807421228299e+01
5.022941667987731762e+01
5.024956573041532693e+01
5.026957385334731043e+01
5.026712603328832074e+01
5.026895091963029927e+01
5.023431050952530086e+01
5.022186645847432374e+01
5.024041743033529883e+01
5.024999792927229691e+01
5.023714630265232017e+01
5.022590263355027673e+01
5.022522032089932509e+01
5.025899114628231246e+01
5.028590576961232728e+01
5.031732254855131714e+01
5.030178646995227609e+01
5.028576050396327446e+01
5.025116920467831960e+01
5.023431405453129628e+01
5.025897092839227298e+01
5.021357966376331206e+01
5.019294143070931113e+01
5.020361362173429143e+01
5.021911618822332457e+01
5.025681081983827880e+01
5.021861087242228905e+01
5.020773375418229989e+01
5.019637785350329295e+01
5.022268066701627731e+01
5.026413221569129064e+01
5.022841565486731952e+01
5.019969522492630176e+01
5.018049271788032684e+01
5.019068943698931662e+01
5.016340547574930042e+01
5.016971537888332477e+01
5.017558714551330468e+01
5.018563027882328242e+01
5.021276609801128643e+01
5.018978005694731337e+01
5.017235319044931430e+01
5.016470830985730345e+01
5.015961511363929048e+01
5.021157751378729017e+01
5.021244275840030014e+01
5.025423924742028703e+01
5.028755908827628218e+01
5.025708597162628166e+01
5.023619378069332697e+01
5.023283399516230929e+01
5.022339973413232883e+01
5.022826266879627610e+01
5.020270041184528509e+01
5.019174065989227529e+01
5.014912275451132473e+01
5.014085207891332630e+01
5.018059509974330012e+01
5.018152569592331247e+01
5.019954183771432099e+01
5.020547506150728623e+01
5.019006283437931870e+01
5.022785094080131785e+01
5.026388959444528837e+01
5.022752840900631099e+01
5.017221581427332922e+01
5.014531795916030887e+01
5.015629513679027696e+01
5.019389115123027523e+01
5.018317907807630718e+01
5.019688199473131363e+01
5.021622133798928189e+01
5.019457102113631208e+01
5.017561246597728086e+01
5.018501555962427574e+01
5.020693828196630193e+01
5.026136546366831226e+01
5.027175282119327449e+01
5.023020303891030380e+01
5.019404496409930516e+01
5.018427119512227819e+01
5.017070654800528473e+01
5.019795600108727740e+01
5.018828073757930497e+01
5.020276445800931242e+01
5.018959899338227615e+01
5.020487819760029424e+01
5.024763534994332304e+01
5.023689514058230543e+01
5.023355933175832888e+01
5.015700010580428625e+01
5.016160678120428429e+01
5.016391841676232843e+01
5.016277672994732484e+01
5.017234787811827346e+01
5.018029785444628033e+01
5.020294676850630822e+01
5.021313017382027510e+01
5.025253134694929713e+01
5.027084190509930295e+01
5.028616551493331599e+01
5.026442419142028939e+01
5.025733680576928464e+01
5.025861391210531792e+01
5.019435993373127758e+01
5.016950010345027522e+01
5.016224096020232537e+01
5.014966906376929501e+01
5.014909420696432107e+01
5.014851564375129556e+01
5.017203812745827918e+01
5.023105231845028129e+01
5.023341387766930666e+01
5.028228910337929847e+01
5.026895540504830251e+01
5.021966953933332434e+01
5.019711941070028161e+01
5.017313041101328963e+01
5.013710181065528104e+01
5.014663079676131474e+01
5.018714368374827473e+01
5.018876491215831948e+01
5.020046603705327470e+01
5.022458815765929785e+01
5.019367189633129556e+01
5.020363179864227732e+01
5.021495894150831418e+01
5.024018803411030376e+01
5.023287884660527425e+01
5.023049507487928622e+01
5.023317301012832559e+01
5.015865172639729508e+01
5.015916770457027951e+01
5.019383333474831943e+01
5.016132239825628858e+01
5.019951794853329829e+01
5.014618950629431993e+01
5.015732969933327468e+01
5.016239362571428728e+01
5.017133065700130601e+01
5.019144022051028742e+01
5.019366261992428235e+01
5.019957643688832150e+01
5.021193162795327680e+01
5.017137219230028222e+01
5.018455717469129240e+01
5.015613635161628281e+01
5.015734888524627877e+01
5.016717443805731591e+01
5.020036571526730995e+01
5.019611457475230054e+01
5.021364205049030716e+01
5.022821553243227299e+01
5.017462381475729671e+01
5.014274624334831287e+01
5.017719559923330053e+01
5.024272465536029131e+01
5.025664875003531051e+01
5.024584898789430554e+01
5.021737737982630279e+01
5.020724213828327720e+01
5.016301353964530563e+01
5.017120431825929927e+01
5.020311289059930004e+01
5.024658555081731492e+01
5.027793077617030804e+01
5.028075390075429141e+01
5.021399182873432210e+01
5.017748226665031552e+01
5.017393565428727698e+01
5.020333907233327864e+01
5.023979648709132562e+01
5.027865045776331954e+01
5.022013037717130146e+01
5.018401184596928033e+01
5.017050078815032066e+01
5.016911726155427687e+01
5.022574630010331020e+01
5.027719035305131001e+01
5.022740597788532568e+01
5.021134610182929237e+01
5.019779299733028211e+01
5.018548316831430611e+01
5.017816073277629130e+01
5.017303510239827347e+01
5.018536036084731222e+01
5.017614098699027636e+01
5.018064047957631146e+01
5.018208285670232272e+01
5.021262991930831276e+01
5.025578139056432292e+01
5.029586746969732758e+01
5.025388231977632358e+01
5.024706987531430968e+01
5.022296261910429394e+01
5.020900039689132655e+01
5.020829710797931966e+01
5.022552012813332567e+01
5.024462537754732239e+01
5.022445688145330678e+01
5.023711778653631654e+01
5.025319091869931754e+01
5.026925262182231791e+01
5.029623951288027683e+01
5.030633060004328172e+01
5.024365095418028204e+01
5.021991663818027973e+01
5.018707251288032012e+01
5.018840523295529010e+01
5.019258291994231058e+01
5.019498476842829859e+01
5.023839247682127507e+01
5.028377780971931088e+01
5.032595654914632632e+01
5.026280163084129526e+01
5.021689857507629995e+01
5.018834978645327283e+01
5.018998294714828035e+01
5.021339699912527976e+01
5.022941122856127549e+01
5.018900982222731955e+01
5.016142305354827613e+01
5.016284703872128148e+01
5.016362813998227921e+01
5.015458897366727342e+01
5.016675131197030169e+01
5.014490553531931027e+01
5.017441546182828915e+01
5.021705172239728654e+01
5.025884233963432735e+01
5.025427685887927964e+01
5.024083920585229635e+01
5.023447741350531714e+01
5.024873184996232567e+01
5.022386458418327493e+01
5.023749912329827794e+01
5.025245757251127543e+01
5.029187717929931978e+01
5.023882463027132417e+01
5.020223140112631199e+01
5.016696411239132658e+01
5.017679007654732004e+01
5.019832694229432946e+01
5.023858299196530197e+01
5.024017120682827908e+01
5.020600161637628389e+01
5.019495059100029266e+01
5.016874499870232285e+01
5.017503162710329434e+01
5.019464818275332618e+01
5.022197277765127410e+01
5.019237973382132623e+01
5.020069429118427706e+01
5.016903199974530025e+01
5.016048077466132327e+01
5.017189951989928431e+01
5.021596956795127653e+01
5.023694352044731204e+01
5.026150532327028486e+01
5.024551269912632279e+01
5.018810342422131043e+01
5.016954112851630043e+01
5.020437074469327854e+01
5.017660849774932785e+01
5.014960155977928480e+01
5.016637822952031911e+01
5.021226918260930461e+01
5.021006256844628979e+01
5.021183600389531421e+01
5.017216001458427854e+01
5.017373193257532193e+01
5.014693852684530384e+01
5.017149868871427998e+01
5.021528256633530418e+01
5.027568189370128948e+01
5.031284946356930732e+01
5.028083570896529864e+01
5.024232571215532062e+01
5.019955666542432482e+01
5.016885156000728330e+01
5.016870600127032276e+01
5.019220736999432120e+01
5.017657127916328363e+01
5.016775747134130370e+01
5.017712300211428555e+01
5.023034058885730246e+01
5.026163770036731648e+01
5.020063395603528988e+01
5.017644636881027509e+01
5.017401200373728898e+01
5.020604378053627670e+01
5.020728395828132307e+01
5.021238182513229731e+01
5.021106512634929686e+01
5.023151950993928949e+01
5.027174382566130362e+01
5.025345217233228823e+01
5.018751628970630918e+01
5.014839621438528638e+01
5.017573680622029997e+01
5.020320036901131289e+01
5.021666367748429138e+01
5.019170831034131197e+01
5.017115965233830366e+01
5.018911316538827805e+01
5.022550924669428696e+01
5.027636784367831524e+01
5.023469905411030823e+01
5.021359661562132715e+01
5.018375038513028130e+01
5.018905502349531389e+01
5.017688958611927319e+01
5.017254687299032412e+01
5.015654007204028630e+01
5.021249663872828251e+01
5.024664483783527658e+01
5.017473727026930419e+01
5.017172897463228765e+01
5.014644830966932432e+01
5.016398738063730889e+01
5.015120169165527386e+01
5.017207255530132670e+01
5.020766576066631615e+01
5.018879696707028870e+01
5.017421536816732441e+01
5.016332754905232605e+01
5.017801189999028111e+01
5.017846159093130609e+01
5.020376734776931471e+01
5.022559019148127391e+01
5.024902264418830100e+01
5.028831860949827615e+01
5.025609352572229227e+01
5.020777033703728875e+01
5.017664687641831733e+01
5.017463367873330071e+01
5.017408172920727338e+01
5.018015635843431710e+01
5.020217599491530791e+01
5.023511321076028935e+01
5.029141890824831762e+01
5.031779458982327924e+01
5.032859026342731568e+01
5.023714002595028205e+01
5.018493776432632103e+01
5.016784555287227931e+01
5.022675415648728858e+01
5.020415306958130941e+01
5.020929936604431987e+01
5.020904864124628375e+01
5.025599986398628971e+01
5.020816431804729518e+01
5.016677979905028906e+01
5.014387377707930682e+01
5.017545653567231057e+01
5.021535816728129475e+01
