1.705302565824240446e-13
7.237475659218262081e-02
1.372122554731731725e-01
1.915623585941830243e-01
2.630336542981694947e-01
3.260129276271754861e-01
3.801107314881733146e-01
4.529671698462038876e-01
5.151895502422121353e-01
5.686444421431815499e-01
6.442703776891676171e-01
7.112230305131674868e-01
7.650493937462101712e-01
8.396013460181848131e-01
9.001059507862123610e-01
9.513203344541807382e-01
1.022078594372203497e+00
1.084626330434161900e+00
1.136325911930214261e+00
1.208174885782170804e+00
1.270754273556178759e+00
1.323910428428177966e+00
1.394697535556190360e+00
1.456755922553213622e+00
1.528574113028184911e+00
1.590049905297178157e+00
1.643527797142212421e+00
1.716881692275194382e+00
1.779622342367190413e+00
1.833396792873202230e+00
1.906913751035176574e+00
1.969065340115207619e+00
2.019911064029201953e+00
2.095374036034172605e+00
2.157698039793160660e+00
2.207770388139181250e+00
2.284006142631199054e+00
2.346236383959194427e+00
2.420149516351216334e+00
2.483772829347174138e+00
2.558785613119198388e+00
2.621749395197184640e+00
2.694139271184212703e+00
2.754607839932191382e+00
2.828322111165164188e+00
2.890329597691163599e+00
2.967243352015202618e+00
3.029204533435176927e+00
3.101745642484161181e+00
3.166073210934200688e+00
3.240193745354190469e+00
3.302369698302186407e+00
3.377963630617159652e+00
3.438782398660180206e+00
3.516115743467196353e+00
3.580492942884177410e+00
3.655908780113179546e+00
3.716298422498198306e+00
3.793994370049176723e+00
3.858493275512159926e+00
3.937561536597172562e+00
3.999583486005178656e+00
4.077364393291190936e+00
4.141607478949197230e+00
4.220542202903175166e+00
4.283871576822207317e+00
4.360659355311213403e+00
4.426621641525173345e+00
4.506256258702194373e+00
4.568949991660190335e+00
4.648482936642210461e+00
4.712094070743205521e+00
4.791592702815194116e+00
4.855589710202195874e+00
4.934155238063169691e+00
4.999159436903198639e+00
5.079877016909165377e+00
5.143511950395179610e+00
5.222668929710209795e+00
5.289537287247185304e+00
5.369813752204208868e+00
5.432525615837164423e+00
5.514752591020169348e+00
5.577981864641174070e+00
5.659382326845161515e+00
5.726167863738169217e+00
5.809091051939162753e+00
5.873787852406167076e+00
5.956628156552199016e+00
6.024817304864200196e+00
6.103505630980180285e+00
6.189399020780172123e+00
6.258932948817175657e+00
6.342009362454177790e+00
6.410864946388187491e+00
6.499058613372199034e+00
6.567890891388174168e+00
6.655008445518205917e+00
6.722956690267210433e+00
6.810015550393188732e+00
6.878364323022196913e+00
6.968866138092209894e+00
7.039671981017193048e+00
7.127887757339181007e+00
7.201046752292199926e+00
7.290908304150207186e+00
7.360279760948174044e+00
7.446080377158182273e+00
7.514818983512213890e+00
7.607543402409191913e+00
7.680222189406208599e+00
7.774077123443191795e+00
7.848267484943164618e+00
7.939182684447189331e+00
8.013702850821175616e+00
8.113100117713202053e+00
8.189615763412177785e+00
8.283945786992205740e+00
8.379658053748187285e+00
8.454369757746178493e+00
8.552732528447165805e+00
8.651106897064209988e+00
8.727469536427179264e+00
8.825571698624173678e+00
8.923966452854187992e+00
9.019906722139182875e+00
9.120658556768205472e+00
9.225120887688206039e+00
9.327942745293171356e+00
9.430206752696165040e+00
9.532271893992174228e+00
9.636538119194199226e+00
9.738788482152187953e+00
9.850306049875200642e+00
9.954034718513184998e+00
1.006125866643219524e+01
1.016590021663620291e+01
1.026782153836018097e+01
1.037470408113517806e+01
1.048089165958117519e+01
1.059671313630218492e+01
1.071280447564220140e+01
1.080308760875016105e+01
1.091930685474818574e+01
1.103734835571418671e+01
1.115262253221720812e+01
1.126860482455521151e+01
1.138160166876019730e+01
1.149872514418018454e+01
1.161934735594616086e+01
1.173273691895718684e+01
1.185422686534320746e+01
1.198123767489221336e+01
1.210748605478016771e+01
1.222971803651120126e+01
1.235687743331919819e+01
1.248882410506018914e+01
1.261817006904016125e+01
1.275395555116318747e+01
1.288135397003219396e+01
1.301482752067016690e+01
1.315153682404820756e+01
1.328998753310321490e+01
1.342644679651118622e+01
1.356317816985421132e+01
1.370844768911217670e+01
1.385710139241217576e+01
1.400562229651620783e+01
1.415732377286019528e+01
1.431250880320317265e+01
1.446137362255120706e+01
1.461281875356218052e+01
1.477098122831716864e+01
1.492775775401617011e+01
1.509165263459419748e+01
1.525843581299420748e+01
1.542467348572017727e+01
1.559804673678320341e+01
1.576841455645120504e+01
1.594379677506816506e+01
1.612774983801318740e+01
1.631413968032620687e+01
1.648708414240320508e+01
1.667301498158218465e+01
1.685996250526216045e+01
1.705867491130419467e+01
1.726510382228218532e+01
1.746576966653617546e+01
1.767098530205220186e+01
1.788112657597821453e+01
1.810871286076820752e+01
1.832993479154117722e+01
1.854669517931716882e+01
1.878886611780018256e+01
1.902327757751316994e+01
1.926178066021816448e+01
1.951792388648118504e+01
1.979014436853117331e+01
2.005918673863317281e+01
2.033896623141720283e+01
2.062250130832416062e+01
2.090146496591717096e+01
2.119832083279919743e+01
2.150078620158620879e+01
2.179735539191517546e+01
2.211837771734417402e+01
2.244913055197918084e+01
2.278641491030020916e+01
2.313022618982216727e+01
2.350420626073020003e+01
2.388851776240016989e+01
2.428024761328219938e+01
2.469144960587817650e+01
2.511957847818217715e+01
2.553672453617019755e+01
2.601524462103117230e+01
2.649702908167421356e+01
2.702759295379320292e+01
2.759148658395616849e+01
2.815300915617416422e+01
2.865662336106316843e+01
2.910043280032317625e+01
2.965054486324720529e+01
3.025105139509918217e+01
3.082409041559219531e+01
3.141060466603516943e+01
3.193643811467217120e+01
3.246266374642721075e+01
3.312803421187118147e+01
3.379037525716518076e+01
3.450867399456518569e+01
3.531360323455720618e+01
3.598906420218520452e+01
3.659808930671619009e+01
3.716261961011116455e+01
3.816277421130320135e+01
3.908287028105416994e+01
3.986675697194220902e+01
4.122972091600018985e+01
4.230804714290718493e+01
4.353163939438616126e+01
4.561648990473116783e+01
4.766024591988320935e+01
4.984004441933217322e+01
5.181299977615117314e+01
5.388953511714919387e+01
5.634878872022420637e+01
5.893144362670420833e+01
6.148754578232120593e+01
6.446348471691317172e+01
6.771629421582719033e+01
7.132975439764419434e+01
7.542496357940819962e+01
8.018536756693220013e+01
8.590468758616520972e+01
9.308946115315319503e+01
1.009512003760472112e+02
1.098212474436141974e+02
1.209206104654651881e+02
1.344889871065842044e+02
1.486849670100821754e+02
1.562293111116001683e+02
1.498917592766891858e+02
1.465602309131762127e+02
1.417330296010611619e+02
1.365883947626782060e+02
1.317234232074682154e+02
1.267717797203872010e+02
1.223615165423331632e+02
1.177996324080481827e+02
1.137362673311101844e+02
1.101043056911101985e+02
1.071051648976151682e+02
1.047561772545382155e+02
1.030581390373162094e+02
1.017664326886201707e+02
1.008914384350931641e+02
1.004089058123171867e+02
1.001428826755081900e+02
1.001703215479182063e+02
1.002092294357281617e+02
1.002730774397701907e+02
1.003601194468561744e+02
1.003689541785672077e+02
1.003574398425892014e+02
1.003704739531522137e+02
1.003970251775061797e+02
1.004318191154011970e+02
1.004421336122671846e+02
1.004935729896031944e+02
1.005430958035651656e+02
1.005881559861861660e+02
1.005826468523071640e+02
1.005699612740731936e+02
1.005354104365541730e+02
1.004799419117471757e+02
1.004932247276061617e+02
1.005205367676761625e+02
1.005642832636111734e+02
1.005612103177782046e+02
1.005063303292791943e+02
1.004925562337461997e+02
1.005267809625761970e+02
1.005466024402501830e+02
1.005705969628771754e+02
1.005487897672782083e+02
1.005614427133601794e+02
1.005124009676561627e+02
1.004821249170942110e+02
1.004522836770751724e+02
1.004821771020291976e+02
1.005106407723561688e+02
1.005787890634221640e+02
1.006483239038361717e+02
1.007184483030362117e+02
1.007816859414261899e+02
1.007961164160021781e+02
1.007406371047752032e+02
1.007002780765571970e+02
1.006276417815112154e+02
1.006221755011171695e+02
1.006411999876302161e+02
1.006609241428482164e+02
1.005984241049752086e+02
1.005814104375871807e+02
1.005410788829161675e+02
1.005264957805711674e+02
1.005911624433732072e+02
1.006609102489471752e+02
1.007468130706961915e+02
1.007833064313251725e+02
1.007271448628051758e+02
1.006703729460671752e+02
1.005973612577772087e+02
1.005634422589482142e+02
1.005664034136331679e+02
1.005463882987882016e+02
1.005674722882262131e+02
1.006202833308061599e+02
1.006083042041041722e+02
1.005506277671132125e+02
1.005320913482601668e+02
1.005239509060442060e+02
1.004666688105381809e+02
1.004176215300681747e+02
1.003989289578781836e+02
1.004125912342901756e+02
1.004530636689161724e+02
1.004906715645332156e+02
1.004549889163752141e+02
1.004852727104411656e+02
1.004539300698311877e+02
1.004480466764441644e+02
1.004817860249781916e+02
1.005205178430481965e+02
1.005320134772661618e+02
1.005611155856992127e+02
1.005812659067321988e+02
1.005682445538761840e+02
1.005371686840331904e+02
1.005789545040032067e+02
1.006096433217861659e+02
1.006495856253902161e+02
1.006905964237461717e+02
1.006206349640081612e+02
1.005585934938931700e+02
1.005129856373632151e+02
1.005109550806201923e+02
1.005595822504232046e+02
1.005368428086961785e+02
1.005039606334731843e+02
1.004628402022431715e+02
1.004958762281252120e+02
1.005631612677572093e+02
1.005976298243381848e+02
1.005723646304022054e+02
1.005412913893611631e+02
1.005350836853871783e+02
1.005534238525751789e+02
1.005985885755482059e+02
1.006581377895421952e+02
1.006642829741512060e+02
1.006344974072051741e+02
1.005770310161221914e+02
1.005309238104832161e+02
1.005331670221221998e+02
1.004748344749322086e+02
1.004480657369251730e+02
1.004435433816701675e+02
1.004751735636901913e+02
1.005161886986421678e+02
1.005015680060661794e+02
1.005062512049511838e+02
1.005066212344711971e+02
1.005150263602671998e+02
1.005477672959801794e+02
1.004870824558961999e+02
1.004562340468011712e+02
1.004182027377731856e+02
1.004169599227191725e+02
1.003908194068961848e+02
1.004204842323961770e+02
1.004298352216462149e+02
1.004487381117601785e+02
1.004845266881351904e+02
1.004341837413791723e+02
1.004027063166971629e+02
1.004006219922721925e+02
1.004309994663892098e+02
1.004987245566131833e+02
1.005235672491331798e+02
1.005539820923411867e+02
1.005598772641361620e+02
1.005336984971962124e+02
1.005432853382571921e+02
1.005687118923692083e+02
1.005404465865842099e+02
1.005321000057061838e+02
1.005128391472441649e+02
1.004829508050871709e+02
1.004486960950412140e+02
1.004306150897542125e+02
1.004337098517542017e+02
1.004448473182271755e+02
1.005053679064171774e+02
1.004924729299071942e+02
1.004932942124391957e+02
1.005300534641372110e+02
1.005731248030322149e+02
1.005520933135991868e+02
1.005269017841031882e+02
1.004719066546911677e+02
1.004333865446461687e+02
1.004357200072511773e+02
1.004537853970791730e+02
1.004539894856841897e+02
1.004797879668251994e+02
1.004403655874411925e+02
1.004119854653401944e+02
1.004286682951521925e+02
1.004826473485462088e+02
1.005561194309121902e+02
1.006261487625332052e+02
1.006340163331781810e+02
1.005731352221031898e+02
1.005356555591151846e+02
1.004804503980452068e+02
1.004865632906611950e+02
1.004782958009232061e+02
1.005093530739031848e+02
1.004793882248051773e+02
1.005030166046601607e+02
1.005461278825821978e+02
1.005159018008441763e+02
1.005070395010541802e+02
1.004761537343371742e+02
1.004705071040481812e+02
1.005058662433511927e+02
1.004590215639842086e+02
1.004502838691522015e+02
1.004282446457191895e+02
1.004420029384962163e+02
1.004628550624661898e+02
1.005193110659981812e+02
1.005747675335421718e+02
1.006435540441451622e+02
1.006290800526051612e+02
1.006186149986551754e+02
1.006089361888141980e+02
1.005023387033882045e+02
1.004515875344142160e+02
1.004296714078631680e+02
1.004025624375211692e+02
1.003551887024892153e+02
1.003608688242231892e+02
1.004379869170882102e+02
1.004977201090432004e+02
1.005604550604261931e+02
1.006014775671441726e+02
1.006378236064632006e+02
1.005633780156042008e+02
1.005138060219521776e+02
1.005068830046672019e+02
1.004394151178441916e+02
1.004289468472101703e+02
1.004570605223721600e+02
1.004557482576722123e+02
1.004851490245362129e+02
1.005328594085681857e+02
1.005285826260521844e+02
1.005381758196251667e+02
1.005480950540542153e+02
1.005790675204731883e+02
1.005558994258731786e+02
1.005491330725012062e+02
1.005625593111661829e+02
1.005063401618451735e+02
1.004829837041771725e+02
1.004993483463381949e+02
1.005483357078771860e+02
1.005186660926921718e+02
1.004643894353441738e+02
1.004204766156352093e+02
1.004099813761141604e+02
1.004258472128651647e+02
1.004643798415851847e+02
1.005187006440621644e+02
1.005462463237171846e+02
1.005683969978251753e+02
1.005000640374331624e+02
1.004865563548551677e+02
1.004597177847431908e+02
1.004950148971951762e+02
1.004859031269451748e+02
1.004813209566171963e+02
1.004670467006511672e+02
1.004287506400202119e+02
1.003968963044231941e+02
1.003991934959871628e+02
1.004277279923261972e+02
1.004625431757231695e+02
1.004987409001051901e+02
1.005647622469192015e+02
1.006262232030971973e+02
1.005589201342982051e+02
1.005305365189931877e+02
1.004661427723831935e+02
1.004564704137212061e+02
1.004921315159832034e+02
1.005634471160622070e+02
1.006346417807471880e+02
1.006761532644151771e+02
1.005785024922911930e+02
1.005130461091262077e+02
1.004914864716861871e+02
1.005112083017131681e+02
1.006023252006351640e+02
1.006676685120881984e+02
1.005810467557511743e+02
1.005124352858952079e+02
1.004638403145071948e+02
1.004558889478371952e+02
1.005354313191601818e+02
1.006052962175372159e+02
1.005884053271901735e+02
1.005575236251971774e+02
1.005340414237201685e+02
1.005243433455381705e+02
1.004639775842521772e+02
1.004603514621882141e+02
1.004915217013931965e+02
1.004695530713792095e+02
1.004532642871201915e+02
1.004720080075392161e+02
1.005036390533741724e+02
1.005568127151331623e+02
1.006124376130161977e+02
1.006171007968371782e+02
1.006000534647401992e+02
1.005663816562241664e+02
1.005440591764051987e+02
1.005231890423731897e+02
1.005248663950511627e+02
1.005576352839171932e+02
1.004706186754971782e+02
1.004680398108901613e+02
1.004580665832481827e+02
1.005100405740731730e+02
1.005768222122711677e+02
1.006105186313541822e+02
1.005716896848791748e+02
1.005340579234361940e+02
1.004975979108712068e+02
1.005030808714701607e+02
1.004456234594711646e+02
1.004208525644542078e+02
1.004684536108941870e+02
1.005316154311701666e+02
1.006015007203541813e+02
1.005943246052551672e+02
1.005287885975262157e+02
1.004989327983452085e+02
1.004525377429221749e+02
1.004880985505341755e+02
1.004797279931281651e+02
1.004588533980202101e+02
1.004338053199141996e+02
1.004182787645692088e+02
1.004094874042191918e+02
1.004104934838471763e+02
1.004615631419561623e+02
1.004213040033611719e+02
1.004268366361351923e+02
1.004703831321111807e+02
1.005196155322842060e+02
1.005614363664151938e+02
1.005493414924902140e+02
1.005482145742461739e+02
1.005705927029121654e+02
1.005390994993221625e+02
1.005403540783672156e+02
1.005542806592092120e+02
1.005850514288632098e+02
1.006137413059591950e+02
1.005322319332651659e+02
1.004617809057631916e+02
1.004402481245022045e+02
1.004586938346012062e+02
1.005192425516951857e+02
1.004942108591471879e+02
1.004606532759202082e+02
1.004376464808381684e+02
1.004074889812491733e+02
1.004310769067261617e+02
1.004681282921441721e+02
1.005257946431352138e+02
1.005134487966481629e+02
1.004927875803271604e+02
1.004345113836271821e+02
1.004145253954101804e+02
1.004162151822691840e+02
1.004551199022452010e+02
1.004920622005681707e+02
1.005502994450541792e+02
1.005442666486632106e+02
1.004904156194002098e+02
1.004755528154402100e+02
1.004996874440772103e+02
1.004163357601361781e+02
1.003921511242882048e+02
1.004025299344521613e+02
1.004187161752391830e+02
1.004018157299171889e+02
1.004465087277822022e+02
1.004665802614501899e+02
1.004920627116931655e+02
1.004453202594631875e+02
1.004423481754751606e+02
1.004958947233012054e+02
1.005339764605051869e+02
1.005997767328541954e+02
1.006094454646332110e+02
1.005888617629191799e+02
1.005811209155521624e+02
1.005236813177411932e+02
1.004978344891771940e+02
1.004925410259791647e+02
1.004837939128061635e+02
1.004512640602231954e+02
1.004423528967571997e+02
1.004791294432262134e+02
1.005600421034552028e+02
1.005284745522811818e+02
1.004855414891462146e+02
1.004745685277902112e+02
1.005077360749801869e+02
1.004958963910241891e+02
1.005223459080361863e+02
1.005158673209022027e+02
1.005370538225602104e+02
1.005698724566511828e+02
1.005643838155392018e+02
1.005027749978742122e+02
1.004229919635401984e+02
1.004332233600011932e+02
1.004779556020282030e+02
1.005363833250052039e+02
1.005065489569681745e+02
1.004700208763212004e+02
1.004518695110592148e+02
1.004750387524632060e+02
1.005592702018851696e+02
1.005461975719491647e+02
1.005285769352111629e+02
1.005056340601491911e+02
1.005042154305081681e+02
1.004702454501061766e+02
1.005069892616102152e+02
1.005156993519221942e+02
1.005291399080412020e+02
1.006049883325042060e+02
1.005758477003951725e+02
1.005111851254081898e+02
1.004760614457852057e+02
1.004353353864221958e+02
1.004191153683411812e+02
1.004814101471941967e+02
1.005204900542531732e+02
1.005212368396811939e+02
1.004836975942711774e+02
1.004622697897651733e+02
1.004485863278821967e+02
1.004464901194961612e+02
1.004702191438481691e+02
1.005235747573572098e+02
1.005594086069542072e+02
1.006003973249381716e+02
1.005844075026301994e+02
1.005241424496701939e+02
1.004731755165282152e+02
1.004612232299841708e+02
1.004710171516351807e+02
1.004778706507692050e+02
1.005063238661392120e+02
1.005445929725082124e+02
1.005979516858461693e+02
1.006403382753072151e+02
1.006550966641361811e+02
1.005505871026651903e+02
1.004912494396211855e+02
1.004443076328581697e+02
1.004694037983621797e+02
1.004703561020712073e+02
1.004937873632802052e+02
1.005003804904092135e+02
1.005336201698041805e+02
1.004955279315311714e+02
1.004372348756641600e+02
1.004162229286872048e+02
1.004382074831401610e+02
1.005087391006342159e+02
