-8.531398553996476508e-01
-8.534111644329174240e-01
-8.536952139572377973e-01
-8.539899447462673265e-01
-8.542961961814272698e-01
-8.546140623372879830e-01
-8.549450462809371487e-01
-8.552879040334477878e-01
-8.556455118049575148e-01
-8.560142813557174435e-01
-8.563955988934672803e-01
-8.567903645334578044e-01
-8.571985312029877235e-01
-8.576193447980173801e-01
-8.580538707414371302e-01
-8.585032203457778621e-01
-8.589671929830373642e-01
-8.594453477752379555e-01
-8.599388843916573322e-01
-8.604472848630679849e-01
-8.609662218187672522e-01
-8.615049528400273715e-01
-8.620599906937478352e-01
-8.626314233637772944e-01
-8.632175368896879419e-01
-8.638211219240679029e-01
-8.644399531058475361e-01
-8.650747931741973318e-01
-8.657280847473671770e-01
-8.664013629402171901e-01
-8.670885493770477126e-01
-8.677935353235177729e-01
-8.685168069183673012e-01
-8.692575475889574577e-01
-8.700175213789878015e-01
-8.707956619722576619e-01
-8.715935713024371978e-01
-8.724110093874575256e-01
-8.732475680053273237e-01
-8.741043508975279153e-01
-8.749811358808079476e-01
-8.758791583907479250e-01
-8.767975350119971978e-01
-8.777369463289579343e-01
-8.786981295806972625e-01
-8.796825486214778778e-01
-8.806888232713374620e-01
-8.817171486646078193e-01
-8.827682355947876758e-01
-8.838438029883679548e-01
-8.849432789306872493e-01
-8.860664583025075203e-01
-8.872143235516478654e-01
-8.883878941254677031e-01
-8.895863247612272318e-01
-8.908113869296672149e-01
-8.920633825580379650e-01
-8.933419765812375957e-01
-8.946483304898071864e-01
-8.959835581026078799e-01
-8.973469684433874605e-01
-8.987401846802276495e-01
-9.001625309968375177e-01
-9.016153604329177895e-01
-9.030985420641677308e-01
-9.046143467435872054e-01
-9.061626125391173403e-01
-9.077434831735775589e-01
-9.093582629549077367e-01
-9.110088907975475436e-01
-9.126937141516471286e-01
-9.144139034415275091e-01
-9.161711134192573880e-01
-9.179659466427576575e-01
-9.197993329408076235e-01
-9.216718580233473901e-01
-9.235839912570176224e-01
-9.255377909439976847e-01
-9.275336772434874533e-01
-9.295727502752377802e-01
-9.316561338833677652e-01
-9.337846096208775037e-01
-9.359595679624277409e-01
-9.381823703682679039e-01
-9.404537968972279671e-01
-9.427749956175279777e-01
-9.451479977500776286e-01
-9.475733179651077975e-01
-9.500538659824071530e-01
-9.525896936307178819e-01
-9.551826168842474374e-01
-9.578346570022979733e-01
-9.605476571163977795e-01
-9.633234661684477729e-01
-9.661637735294679175e-01
-9.690696192102974393e-01
-9.720430251261573673e-01
-9.750873010454874645e-01
-9.782035518191971590e-01
-9.813947540667973257e-01
-9.846629708005476544e-01
-9.880099843168173024e-01
-9.914424959733478815e-01
-9.949576422231274364e-01
-9.985593088741273604e-01
-1.002253487409327626e+00
-1.006042126833927242e+00
-1.009927459927957294e+00
-1.013914156957907764e+00
-1.018005113944477458e+00
-1.022204730216587976e+00
-1.026517444701337212e+00
-1.030946516891897424e+00
-1.035497200886327462e+00
-1.040171863597527668e+00
-1.044980471777337883e+00
-1.049925864367617478e+00
-1.055015415023887293e+00
-1.060251090087647619e+00
-1.065644332041987496e+00
-1.071199173197637577e+00
-1.076924888197997809e+00
-1.082827334191207136e+00
-1.088916439737697139e+00
-1.095200593450067927e+00
-1.101688210885047425e+00
-1.108391724470157769e+00
-1.115321306576577243e+00
-1.122488207965767870e+00
-1.129904184410167822e+00
-1.137586144738907734e+00
-1.145547283179187303e+00
-1.153803527655727912e+00
-1.162371824537377307e+00
-1.171273173803677459e+00
-1.180526290675217638e+00
-1.190153949173107684e+00
-1.200180378548607152e+00
-1.210633052425967193e+00
-1.221540436531077134e+00
-1.232937095119947202e+00
-1.244855449124807834e+00
-1.257337068851017925e+00
-1.270424255124487978e+00
-1.284165405503078006e+00
-1.298617451427937830e+00
-1.313838949000397882e+00
-1.329898635985687250e+00
-1.346873096503867551e+00
-1.364848486393807292e+00
-1.383923878926417217e+00
-1.404210495904727907e+00
-1.425837036797427793e+00
-1.448950174930437207e+00
-1.473720940872587981e+00
-1.500345166695647769e+00
-1.529049655709367350e+00
-1.560099378986467222e+00
-1.593803673404867283e+00
-1.630516892121337769e+00
-1.670657500587767963e+00
-1.714691219856897320e+00
-1.763137913725117301e+00
-1.816556863811377376e+00
-1.875494964352607319e+00
-1.940429459568617787e+00
-2.011612874784967531e+00
-2.088824409292107553e+00
-2.170975354438167138e+00
-2.255619840429017309e+00
-2.338674493207767213e+00
-2.414835868720627943e+00
-2.479084698902887407e+00
-2.528602539546507710e+00
-2.563651465744047453e+00
-2.586759456592927719e+00
-2.601193841235967419e+00
-2.609866505175807649e+00
-2.614916164886337491e+00
-2.617773187231877685e+00
-2.619331243051837621e+00
-2.620134858246957688e+00
-2.620502134591067733e+00
-2.620624353023127462e+00
-2.620606676257547729e+00
-2.620513460654097404e+00
-2.620381362973777772e+00
-2.620228565789337605e+00
-2.620066553554447619e+00
-2.619905195801697673e+00
-2.619744647317477693e+00
-2.619589606053417619e+00
-2.619438998572157562e+00
-2.619291966827287599e+00
-2.619150801122627659e+00
-2.619013948291207594e+00
-2.618882502746277652e+00
-2.618754885573457702e+00
-2.618631847946707669e+00
-2.618514937756927452e+00
-2.618400215193167568e+00
-2.618291265683517555e+00
-2.618222170679377570e+00
-2.618187574688577435e+00
-2.618183806929047730e+00
-2.618207813079997504e+00
-2.618258961032137400e+00
-2.618343941610917547e+00
-2.618456637298527401e+00
-2.618602173060717409e+00
-2.618780602525077494e+00
-2.619001557932907787e+00
-2.619266781061857507e+00
-2.619580696192687519e+00
-2.619952718309427553e+00
-2.620388553336047366e+00
-2.620899102799087554e+00
-2.621491533281607555e+00
-2.622182667105107612e+00
-2.622979269757377718e+00
-2.623893974343777469e+00
-2.624934957931347679e+00
-2.626099213225697504e+00
-2.627360053236367676e+00
-2.628663682730567608e+00
-2.629925346989047785e+00
-2.631051304664587587e+00
-2.631975693349087653e+00
-2.632689557074917364e+00
-2.633215325902457771e+00
-2.633596920230577787e+00
-2.633873002070607594e+00
-2.634078191115727385e+00
-2.634237419143177661e+00
-2.634365202792397387e+00
-2.634471277714617532e+00
-2.634565547810557629e+00
-2.634650265419947512e+00
-2.634726335892497495e+00
-2.634796350078377536e+00
-2.634864176751707365e+00
-2.634929112604477375e+00
-2.634989322662567357e+00
-2.635046084592317595e+00
-2.635099785379887649e+00
-2.635150083104757623e+00
-2.635197556219407655e+00
-2.635242753760477452e+00
-2.635284391568067708e+00
-2.635323019333797756e+00
-2.635358962597687427e+00
-2.635392776684597482e+00
-2.635423907588407388e+00
-2.635453328956027352e+00
-2.635477292305127506e+00
-2.635499963768027420e+00
-2.635519521580557356e+00
-2.635537818844197577e+00
-2.635552087798887388e+00
-2.635566111058787353e+00
-2.635575850989897440e+00
-2.635582184080187407e+00
-2.635587519381097366e+00
-2.635588326096477640e+00
-2.635591610172497656e+00
-2.635589659446437416e+00
-2.635584513449817479e+00
-2.635577220155457479e+00
-2.635566936371057434e+00
-2.635555832990857716e+00
-2.635542679095427498e+00
-2.635528510685677617e+00
-2.635510950093327587e+00
-2.635488808693677409e+00
-2.635468144541637692e+00
-2.635443279696947361e+00
-2.635418597477947600e+00
-2.635392208391407642e+00
-2.635363236788187624e+00
-2.635331877109947651e+00
-2.635300663094857665e+00
-2.635267158577847546e+00
-2.635231585530237730e+00
-2.635195944253957645e+00
-2.635158924086227650e+00
-2.635119418014397752e+00
-2.635077189548567400e+00
-2.635035025509917528e+00
-2.634987723954497429e+00
-2.634942872062207453e+00
-2.634897607318927637e+00
-2.634848946218677490e+00
-2.634800525409787486e+00
-2.634752091049157752e+00
-2.634701019119447540e+00
-2.634647505052597705e+00
-2.634594035651547372e+00
-2.634538525796107589e+00
-2.634481313881937403e+00
-2.634424115745237494e+00
-2.634365467817687545e+00
-2.634306062060437714e+00
-2.634246401250957437e+00
-2.634184893678557682e+00
-2.634121706528617768e+00
-2.634059350904467411e+00
-2.633995079070297507e+00
-2.633931051515307598e+00
-2.633865571690907625e+00
-2.633800925316757358e+00
-2.633733278111497711e+00
-2.633667731315977534e+00
-2.633599455277087387e+00
-2.633531648232527722e+00
-2.633462638109317577e+00
-2.633392575970217475e+00
-2.633321997490167377e+00
-2.633249569751217489e+00
-2.633177139963317703e+00
-2.633104503626587434e+00
-2.633028473162897676e+00
-2.632954913157047550e+00
-2.632881005652897510e+00
-2.632805545739067554e+00
-2.632728963469967542e+00
-2.632652593085157644e+00
-2.632574837045127403e+00
-2.632499191072517508e+00
-2.632421773656757669e+00
-2.632345162040557351e+00
-2.632264766271917633e+00
-2.632187736332417760e+00
-2.632109429520497645e+00
-2.632030749389027591e+00
-2.631950803358427571e+00
-2.631870086084777682e+00
-2.631789466928317722e+00
-2.631708341301847387e+00
-2.631626536763527646e+00
-2.631545774057547415e+00
-2.631463673520927582e+00
-2.631380888246727778e+00
-2.631300408061387763e+00
-2.631218629127267672e+00
-2.631136458737687533e+00
-2.631054440501517711e+00
-2.630970744640717562e+00
-2.630887728804287562e+00
-2.630804363112897448e+00
-2.630719655696547754e+00
-2.630635670696297446e+00
-2.630552423638227388e+00
-2.630469948662507385e+00
-2.630386830041627544e+00
-2.630302648850077585e+00
-2.630219761458007621e+00
-2.630136141476447698e+00
-2.630054311192577376e+00
-2.629972176495717573e+00
-2.629887555481847716e+00
-2.629802499224487722e+00
-2.629718346499177350e+00
-2.629633437302657750e+00
-2.629549784049297401e+00
-2.629465603823337716e+00
-2.629382361103507648e+00
-2.629298341237197523e+00
-2.629214810524407753e+00
-2.629130597280507686e+00
-2.629042706173547739e+00
-2.628960974833597586e+00
-2.628878895501977730e+00
-2.628795838438827470e+00
-2.628712282787457610e+00
-2.628628598249447723e+00
-2.628550481626187540e+00
-2.628468058496107762e+00
-2.628385743716097345e+00
-2.628301721776617583e+00
-2.628219719849667513e+00
-2.628137064422027436e+00
-2.628057806006137476e+00
-2.627976479969457380e+00
-2.627891544274777669e+00
-2.627807441053247484e+00
-2.627725243308337788e+00
-2.627646088951957726e+00
-2.627563986704367416e+00
-2.627482459265497727e+00
-2.627401293196377718e+00
-2.627320958546667473e+00
-2.627239387815977434e+00
-2.627159372258947467e+00
-2.627078204723087396e+00
-2.626998503184697409e+00
-2.626919000255737657e+00
-2.626838407902117645e+00
-2.626759194372557449e+00
-2.626680389647697567e+00
-2.626599401576007686e+00
-2.626521435504467483e+00
-2.626441610270967786e+00
-2.626361011363687492e+00
-2.626282722921287505e+00
-2.626205605960887368e+00
-2.626128214720387710e+00
-2.626049318120377674e+00
-2.625972123321637763e+00
-2.625895065045657617e+00
-2.625817912958747780e+00
-2.625740285083987491e+00
-2.625663889156767627e+00
-2.625588057992267466e+00
-2.625510838722317608e+00
-2.625432460049477612e+00
-2.625355861244377476e+00
-2.625280781360647353e+00
-2.625202017677437549e+00
-2.625126997305937682e+00
-2.625050423428627600e+00
-2.624979785779867569e+00
-2.624914751748767650e+00
-2.624859122527867683e+00
-2.624807795651257436e+00
-2.624764319620137787e+00
-2.624726828891947417e+00
-2.624697268124287497e+00
-2.624672296828757467e+00
-2.624656181814907452e+00
-2.624648118998867741e+00
-2.624648121478537544e+00
-2.624661164500517785e+00
-2.624674768486767729e+00
-2.624697426755627561e+00
-2.624725251632017642e+00
-2.624758131533837524e+00
-2.624799504460987531e+00
-2.624849597383517530e+00
-2.624907047950217454e+00
-2.624971660736217682e+00
-2.625043210254287551e+00
-2.625121754409707631e+00
-2.625205066009617560e+00
-2.625294706317067739e+00
-2.625390348244617478e+00
-2.625490210781847633e+00
-2.625593609422167685e+00
-2.625704866547817762e+00
-2.625821001014357670e+00
-2.625942376162167413e+00
-2.626066332658707481e+00
-2.626193103397207462e+00
-2.626325470626717618e+00
-2.626463036438827725e+00
-2.626603553844597538e+00
-2.626745626720397464e+00
-2.626889090926537662e+00
-2.627033839204927723e+00
-2.627180092491277374e+00
-2.627330031222987472e+00
-2.627480433849117780e+00
-2.627632530047317783e+00
-2.627786790270787431e+00
-2.627941312301717680e+00
-2.628096712132087731e+00
-2.628253129173477642e+00
-2.628409839188797559e+00
-2.628566235929897577e+00
-2.628721834709577543e+00
-2.628878307004367532e+00
-2.629032760366417421e+00
-2.629189103006207784e+00
-2.629343903979327379e+00
-2.629500807731247392e+00
-2.629657300605957371e+00
-2.629811768578717679e+00
-2.629965386007307782e+00
-2.630118283027517379e+00
-2.630270608473197491e+00
-2.630423081338897351e+00
-2.630572581383257447e+00
-2.630721625722367563e+00
-2.630868456471977535e+00
-2.631014400984597490e+00
-2.631159808949717682e+00
-2.631306047261067427e+00
-2.631449002764947753e+00
-2.631589998971657351e+00
-2.631725362655467748e+00
-2.631863965752887502e+00
-2.632000659657357744e+00
-2.632135835415627678e+00
-2.632273350367217546e+00
-2.632407363650977494e+00
-2.632538367511127575e+00
-2.632668927545037452e+00
-2.632799275584887688e+00
-2.632927454328487737e+00
-2.633053684349867751e+00
-2.633178014087657726e+00
-2.633303075512247737e+00
-2.633424916510827440e+00
-2.633544726036107786e+00
-2.633663258157547649e+00
-2.633779751286937643e+00
-2.633895368688527583e+00
-2.634009429246827683e+00
-2.634119988055707573e+00
-2.634229914605657363e+00
-2.634340171075597592e+00
-2.634447973474597582e+00
-2.634555758612037391e+00
-2.634660470394207366e+00
-2.634763913329197571e+00
-2.634865906474237462e+00
-2.634966047923767540e+00
-2.635064331402287685e+00
-2.635161731935727669e+00
-2.635257821081417706e+00
-2.635353186627697575e+00
-2.635447325558857745e+00
-2.635537915461917624e+00
-2.635628711036747784e+00
-2.635716580286647570e+00
-2.635803676249107497e+00
-2.635890859041647438e+00
-2.635974804026547602e+00
-2.636055005039157351e+00
-2.636136616482037454e+00
-2.636217858682917470e+00
-2.636296250139307684e+00
-2.636373999296987680e+00
-2.636451316981757387e+00
-2.636525263499287508e+00
-2.636599513274427764e+00
-2.636672395794847468e+00
-2.636744108082017757e+00
-2.636813757546887516e+00
-2.636882621131367621e+00
-2.636949162207347541e+00
-2.637015645946397591e+00
-2.637085720075707407e+00
-2.637150023161967560e+00
-2.637213907702727678e+00
-2.637275274326847718e+00
-2.637336303640377633e+00
-2.637396524479597382e+00
-2.637456749267587774e+00
-2.637515535065877437e+00
-2.637573365004607595e+00
-2.637630310492917740e+00
-2.637686632183917634e+00
-2.637740440837127665e+00
-2.637793322707967736e+00
-2.637844158488927615e+00
-2.637894659255657359e+00
-2.637944274350397578e+00
-2.637993300467837532e+00
-2.638041304269217679e+00
-2.638087730291887478e+00
-2.638132697638917445e+00
-2.638177910330137710e+00
-2.638223017946287552e+00
-2.638265726260587751e+00
-2.638309669632897592e+00
-2.638351750261307416e+00
-2.638394485965457559e+00
-2.638434502962987427e+00
-2.638473705143987491e+00
-2.638513837213917412e+00
-2.638552035404157614e+00
-2.638589817322287701e+00
-2.638626867448527591e+00
-2.638662442383847395e+00
-2.638698739509167446e+00
-2.638733454688407587e+00
-2.638770159305407592e+00
-2.638803504224817686e+00
-2.638838458444787705e+00
-2.638870565867667661e+00
-2.638903722994647705e+00
-2.638935718921957552e+00
-2.638966777042127454e+00
-2.638996236569617349e+00
-2.639026538294787727e+00
-2.639056232522337453e+00
-2.639083668660897608e+00
-2.639113304683047723e+00
-2.639140104779777563e+00
-2.639165631927067768e+00
-2.639189574583627351e+00
-2.639215568827047775e+00
-2.639240784680667584e+00
-2.639263353940317636e+00
-2.639290441922227615e+00
-2.639317006221427508e+00
-2.639340508297477683e+00
-2.639363572466787655e+00
-2.639385286833717537e+00
-2.639405024830997704e+00
-2.639426022877967348e+00
-2.639446823318447599e+00
-2.639467466610257773e+00
-2.639486566346517460e+00
-2.639505184857167563e+00
-2.639523612871557567e+00
-2.639541226786647599e+00
-2.639557096709897355e+00
-2.639574373932517481e+00
-2.639591682132977457e+00
-2.639609682064867346e+00
-2.639626758168857723e+00
-2.639642761161347551e+00
-2.639659081272427432e+00
-2.639674237523927491e+00
-2.639687881941807479e+00
-2.639702376502867764e+00
-2.639716535095547378e+00
-2.639731567458857509e+00
-2.639744834717847599e+00
-2.639758138384007413e+00
-2.639772253473167574e+00
-2.639786152089347748e+00
-2.639797923235267518e+00
-2.639808593268947678e+00
-2.639821180081037610e+00
-2.639833205119407555e+00
-2.639844723576357577e+00
-2.639855836116337784e+00
-2.639865634505487613e+00
-2.639875129876847470e+00
-2.639885030066567495e+00
-2.639894526933397767e+00
-2.639903109673627402e+00
-2.639911682216517619e+00
-2.639919545613657714e+00
-2.639925618905797577e+00
-2.639933314505537698e+00
-2.639939425682627405e+00
-2.639948110246957746e+00
-2.639956374467697486e+00
-2.639964426977757572e+00
-2.639972127990537487e+00
-2.639976153124637737e+00
-2.639981935415817382e+00
-2.639987737166297421e+00
-2.639994696152417664e+00
-2.639999662085787513e+00
-2.640004776181447355e+00
-2.640012951830547738e+00
-2.640018001565737737e+00
-2.640022939932647361e+00
-2.640026647002317706e+00
-2.640031415451407515e+00
-2.640036432322377724e+00
-2.640039674852287632e+00
-2.640043790024047432e+00
-2.640049705512817368e+00
-2.640055550320777655e+00
-2.640060202482117369e+00
-2.640065037066037679e+00
-2.640068176784517551e+00
-2.640071914813537646e+00
-2.640075810219887575e+00
-2.640079204834567594e+00
-2.640082060015357612e+00
-2.640085758503327718e+00
-2.640088812918997441e+00
-2.640091895494467433e+00
-2.640094983258777450e+00
-2.640098925050857748e+00
-2.640102435593397523e+00
-2.640103456466077692e+00
-2.640105954351867457e+00
-2.640108579674807388e+00
-2.640111071682507582e+00
-2.640113265599157710e+00
-2.640116590220387582e+00
-2.640119163415617365e+00
-2.640122871412887484e+00
-2.640125452129197470e+00
-2.640126471064517588e+00
-2.640128817921087556e+00
-2.640129625784517486e+00
-2.640131213183927628e+00
-2.640132024298067481e+00
-2.640132925274917497e+00
-2.640134107227037674e+00
-2.640136023347027461e+00
-2.640137540375357528e+00
-2.640138233819657732e+00
-2.640139167995067648e+00
-2.640139931795697503e+00
-2.640140560769807632e+00
-2.640141196409597768e+00
-2.640141731566537420e+00
-2.640140052353237454e+00
-2.640139798142437488e+00
-2.640137139868897531e+00
-2.640138577927557684e+00
-2.640140083769087376e+00
-2.640142316294377345e+00
-2.640143154319857466e+00
-2.640143728598057571e+00
-2.640144307338257779e+00
-2.640148287891807666e+00
-2.640146631747547712e+00
-2.640147149281397709e+00
-2.640148048159807637e+00
-2.640147226615127352e+00
-2.640146665381487345e+00
-2.640146438745647473e+00
-2.640146250720807775e+00
-2.640145262462287423e+00
-2.640143037021207562e+00
-2.640142214631637785e+00
-2.640142343750497389e+00
-2.640139290142427431e+00
-2.640137339435187691e+00
-2.640136968480657487e+00
-2.640135832250867676e+00
