-6.783727043404459423e-01
-6.786305578947855466e-01
-6.788950804576554532e-01
-6.791670305552255371e-01
-6.794475146889960016e-01
-6.797352605540254444e-01
-6.800300019048259870e-01
-6.803323207552258722e-01
-6.806436536979854068e-01
-6.809607157831454316e-01
-6.812863947413454468e-01
-6.816197236735757059e-01
-6.819610248303957789e-01
-6.823092024527852573e-01
-6.826666729644159659e-01
-6.830313795854756620e-01
-6.834041800847456827e-01
-6.837850912052356733e-01
-6.841745302226955872e-01
-6.845716214094554886e-01
-6.849772889699359268e-01
-6.853905093485055389e-01
-6.858126522679359738e-01
-6.862409501508155429e-01
-6.866800511452453293e-01
-6.871274355041059323e-01
-6.875834023088156499e-01
-6.880477704112255566e-01
-6.885216210053455299e-01
-6.890063351689059701e-01
-6.894981528808559190e-01
-6.899995871104254164e-01
-6.905093490197158346e-01
-6.910283615569960958e-01
-6.915561080350460799e-01
-6.920921092641956207e-01
-6.926392759686956779e-01
-6.931934674121453810e-01
-6.937594051777056237e-01
-6.943356106274158890e-01
-6.949218501701253103e-01
-6.955190176637655597e-01
-6.961249154847459764e-01
-6.967407953528059750e-01
-6.973671233632154909e-01
-6.980025506622258291e-01
-6.986480328846456089e-01
-6.993051056073955607e-01
-6.999734598660154461e-01
-7.006518272125052960e-01
-7.013417496031753018e-01
-7.020427649334957110e-01
-7.027557045624757137e-01
-7.034785457528656138e-01
-7.042131417394053017e-01
-7.049585695420956810e-01
-7.057166529571654578e-01
-7.064866232063655715e-01
-7.072678053370653473e-01
-7.080616354534861046e-01
-7.088675726353557138e-01
-7.096861969543857285e-01
-7.105172977809859347e-01
-7.113607054973458688e-01
-7.122166939808156627e-01
-7.130857794478258072e-01
-7.139682128630360225e-01
-7.148635666740457140e-01
-7.157731159618556660e-01
-7.166972185464759448e-01
-7.176353113448454835e-01
-7.185866289859852429e-01
-7.195521081387656892e-01
-7.205323198317961086e-01
-7.215271851361757527e-01
-7.225373253361953019e-01
-7.235624189846854293e-01
-7.246019769835561064e-01
-7.256577246697659689e-01
-7.267302021406356616e-01
-7.278191468559853661e-01
-7.289226281053453604e-01
-7.300433622264757005e-01
-7.311806114456755878e-01
-7.323359607600652410e-01
-7.335073383225054755e-01
-7.346967957840453423e-01
-7.359046285145556254e-01
-7.371299198789253992e-01
-7.383736529469659970e-01
-7.396357828678556956e-01
-7.409172407978559249e-01
-7.422172960283557330e-01
-7.435378739657059199e-01
-7.448784055889658973e-01
-7.462393608055659655e-01
-7.476208883840858022e-01
-7.490228628718558213e-01
-7.504466145932555676e-01
-7.518923184619152877e-01
-7.533605217163756862e-01
-7.548505924005253220e-01
-7.563641208662854609e-01
-7.579016372742755081e-01
-7.594632732537354158e-01
-7.610489238573556747e-01
-7.626585831404355531e-01
-7.642944300743055308e-01
-7.659557762730653252e-01
-7.676427811335555518e-01
-7.693574006969754464e-01
-7.710995474220156964e-01
-7.728694403973959126e-01
-7.746678352323153049e-01
-7.764947814976252971e-01
-7.783518479509359267e-01
-7.802391645074253645e-01
-7.821553456523560044e-01
-7.841095052356958917e-01
-7.860913164181058121e-01
-7.881055110902854821e-01
-7.901535713603760058e-01
-7.922364648311255308e-01
-7.943546280570652485e-01
-7.965090219788555359e-01
-7.986998822523254660e-01
-8.009286977530258866e-01
-8.031959526534260263e-01
-8.055031016949056877e-01
-8.078498473816555503e-01
-8.102390780701060891e-01
-8.126710837119954789e-01
-8.151462651457457298e-01
-8.176658982165259104e-01
-8.202311988892860839e-01
-8.228436939392258509e-01
-8.255046276519557580e-01
-8.282158214839352439e-01
-8.309772616856854199e-01
-8.337895914888155957e-01
-8.366555383402456414e-01
-8.395775773461258140e-01
-8.425576141590456203e-01
-8.455951939582559973e-01
-8.486912115880356211e-01
-8.518508814723952938e-01
-8.550734153086958500e-01
-8.583617748468652664e-01
-8.617154488687752689e-01
-8.651395372382459925e-01
-8.686370566256558234e-01
-8.722098126127759699e-01
-8.758588514394256563e-01
-8.795861739366559462e-01
-8.833960794543456174e-01
-8.872916216576856030e-01
-8.912736101838456548e-01
-8.953478358143058813e-01
-8.995157331374654675e-01
-9.037814810603057580e-01
-9.081474982162758280e-01
-9.126180110342856366e-01
-9.171968005446053951e-01
-9.218893230507960723e-01
-9.266944975932061013e-01
-9.316184570182457492e-01
-9.366654570850254657e-01
-9.418426424139356712e-01
-9.471495194811456741e-01
-9.525938961268058947e-01
-9.581823636455357729e-01
-9.639233951683259249e-01
-9.698218938894260788e-01
-9.758846684637960678e-01
-9.821207337888759881e-01
-9.885378469585752725e-01
-9.951508646747955211e-01
-1.001960225333466070e+00
-1.008975504105575460e+00
-1.016210386156386036e+00
-1.023675915386765389e+00
-1.031384944779015989e+00
-1.039349875356645470e+00
-1.047586161141485839e+00
-1.056106031261265343e+00
-1.064927718188515726e+00
-1.074068369818785840e+00
-1.083547831913205250e+00
-1.093386157944685522e+00
-1.103607499913676016e+00
-1.114235170495475380e+00
-1.125299018980215671e+00
-1.136825892685625838e+00
-1.148851784904405982e+00
-1.161413607461435404e+00
-1.174550760926376114e+00
-1.188306983328935473e+00
-1.202735904950086088e+00
-1.217890284140575652e+00
-1.233835360883815291e+00
-1.250639089610365851e+00
-1.268383467487425698e+00
-1.287158556166045464e+00
-1.307068151151265845e+00
-1.328228688098735510e+00
-1.350779456617385854e+00
-1.374880884888615817e+00
-1.400712749603815865e+00
-1.428492879497305523e+00
-1.458472835044595683e+00
-1.490952746343645607e+00
-1.526292323814705476e+00
-1.564915864220525421e+00
-1.607334339219395503e+00
-1.654154155183235275e+00
-1.706098541706706051e+00
-1.764006467077606111e+00
-1.828824297819735989e+00
-1.901563697732945535e+00
-1.983187933760045318e+00
-2.074336967234555296e+00
-2.174708261871796111e+00
-2.282008760303155803e+00
-2.390662493555365309e+00
-2.491585900312795587e+00
-2.574943616939935787e+00
-2.635258584367485390e+00
-2.673891844283925678e+00
-2.696431805635265633e+00
-2.708793573178245317e+00
-2.715320859581365376e+00
-2.718686558051385482e+00
-2.720388732743195703e+00
-2.721231550685855538e+00
-2.721631760096995478e+00
-2.721806998375285502e+00
-2.721867256526645740e+00
-2.721869034300895329e+00
-2.721840350776815853e+00
-2.721797658493435357e+00
-2.721745554037715564e+00
-2.721689226994725708e+00
-2.721633217298385254e+00
-2.721576885062385820e+00
-2.721520064200765532e+00
-2.721463825600505260e+00
-2.721405441201995679e+00
-2.721347731870235265e+00
-2.721291247102245237e+00
-2.721235861572735892e+00
-2.721179448297515791e+00
-2.721124922632945697e+00
-2.721068108699295607e+00
-2.721011967743665494e+00
-2.720956651595775710e+00
-2.720900373907225500e+00
-2.720843686432365516e+00
-2.720791712330785650e+00
-2.720737477514135527e+00
-2.720684737540625342e+00
-2.720630339633325789e+00
-2.720575754313715677e+00
-2.720522610975765865e+00
-2.720469398125765714e+00
-2.720414079753915360e+00
-2.720361658139935912e+00
-2.720308286838245770e+00
-2.720255007887805832e+00
-2.720204910740005921e+00
-2.720151720443875654e+00
-2.720100177379695339e+00
-2.720049977957446075e+00
-2.719997212024916067e+00
-2.719946797450305986e+00
-2.719895497389855699e+00
-2.719842969455975812e+00
-2.719791821147645727e+00
-2.719741556245725889e+00
-2.719689761553125251e+00
-2.719637991731286064e+00
-2.719587390807095773e+00
-2.719536259163085390e+00
-2.719484707515865907e+00
-2.719433058988575347e+00
-2.719384827309705877e+00
-2.719334209049895534e+00
-2.719286244357245863e+00
-2.719237721039545974e+00
-2.719189318867155869e+00
-2.719142179785385416e+00
-2.719094378600876105e+00
-2.719046144949115451e+00
-2.718998204514655903e+00
-2.718949410957325341e+00
-2.718903980481525373e+00
-2.718858171815615954e+00
-2.718813324403395626e+00
-2.718765257056185547e+00
-2.718718007032755679e+00
-2.718672634195625548e+00
-2.718628576702116106e+00
-2.718581679566205445e+00
-2.718534391712665865e+00
-2.718487267768336046e+00
-2.718440217845725648e+00
-2.718393565925605770e+00
-2.718348331805585438e+00
-2.718301397317715917e+00
-2.718256001183966042e+00
-2.718212445725225912e+00
-2.718169191559035802e+00
-2.718128662262585316e+00
-2.718081739514335737e+00
-2.718037648503105252e+00
-2.717992740242985761e+00
-2.717948995334785955e+00
-2.717905996948415392e+00
-2.717860907620125666e+00
-2.717815985050335392e+00
-2.717772924609745289e+00
-2.717726890301175757e+00
-2.717680001304676018e+00
-2.717636504203405856e+00
-2.717593076844115885e+00
-2.717549918537615739e+00
-2.717507873649665839e+00
-2.717463637518225283e+00
-2.717420607624255524e+00
-2.717379224029746076e+00
-2.717337407116855452e+00
-2.717294466756905891e+00
-2.717251464340646017e+00
-2.717209650426905654e+00
-2.717166648390556105e+00
-2.717125190216926001e+00
-2.717082708981945594e+00
-2.717040199066845574e+00
-2.716997764314165842e+00
-2.716956863640125341e+00
-2.716914142579845759e+00
-2.716869905541025254e+00
-2.716828947355985235e+00
-2.716786907925985872e+00
-2.716745212937826004e+00
-2.716703722733885940e+00
-2.716664149139226048e+00
-2.716623127988215813e+00
-2.716583248433815712e+00
-2.716543805447996007e+00
-2.716504336107226081e+00
-2.716465408834006112e+00
-2.716426054153495251e+00
-2.716387744526105763e+00
-2.716348433114365690e+00
-2.716308680221585448e+00
-2.716268009025765373e+00
-2.716226950880395563e+00
-2.716189125098835255e+00
-2.716148872330035324e+00
-2.716109521204205457e+00
-2.716070466584735499e+00
-2.716030730496945544e+00
-2.715992337853645466e+00
-2.715951208497865643e+00
-2.715913805817935511e+00
-2.715875075265535621e+00
-2.715835832656456006e+00
-2.715797574269585901e+00
-2.715758908775425695e+00
-2.715721114455496021e+00
-2.715684834942235781e+00
-2.715647507648816017e+00
-2.715609318381686066e+00
-2.715567669751725255e+00
-2.715529951656095342e+00
-2.715492653736765405e+00
-2.715454755058165581e+00
-2.715416029198105541e+00
-2.715377709658866046e+00
-2.715339439854185244e+00
-2.715301144818456081e+00
-2.715263329235916068e+00
-2.715225486941475808e+00
-2.715187503312005646e+00
-2.715150577846135782e+00
-2.715112025488295444e+00
-2.715075325940875750e+00
-2.715036906511165249e+00
-2.714999906068105595e+00
-2.714962411690205357e+00
-2.714926171553445400e+00
-2.714889787675335953e+00
-2.714850848111675319e+00
-2.714813914434335729e+00
-2.714777369351435432e+00
-2.714741078538366104e+00
-2.714705062337105623e+00
-2.714667718084765369e+00
-2.714631705223135683e+00
-2.714595780830435956e+00
-2.714557857412446040e+00
-2.714520954438225608e+00
-2.714484275716126049e+00
-2.714447433898145690e+00
-2.714411544549975908e+00
-2.714375524873466006e+00
-2.714336986879165359e+00
-2.714300452835165522e+00
-2.714264417361755832e+00
-2.714229056690276032e+00
-2.714193941782255592e+00
-2.714158988691355745e+00
-2.714125534953025998e+00
-2.714090302472415672e+00
-2.714052780223275896e+00
-2.714016225134715299e+00
-2.713981291070675539e+00
-2.713950092618605758e+00
-2.713913260099105607e+00
-2.713875282260175936e+00
-2.713841815737255914e+00
-2.713805244750665757e+00
-2.713771039061176005e+00
-2.713734984027275310e+00
-2.713701167082395393e+00
-2.713666933042735430e+00
-2.713634559131175905e+00
-2.713605260556035681e+00
-2.713573317283735520e+00
-2.713542805116605727e+00
-2.713511110360925294e+00
-2.713487970569565810e+00
-2.713458410966535617e+00
-2.713427660580755685e+00
-2.713396475825486043e+00
-2.713366220696046049e+00
-2.713338394478725490e+00
-2.713311785426485656e+00
-2.713284461599415387e+00
-2.713257936472505349e+00
-2.713233457893156064e+00
-2.713205879329235515e+00
-2.713182379299425406e+00
-2.713157476862336104e+00
-2.713135570707375877e+00
-2.713111940255825694e+00
-2.713090022861726069e+00
-2.713068447301266062e+00
-2.713047792342445419e+00
-2.713028488737045940e+00
-2.713009072682035949e+00
-2.712988939295845725e+00
-2.712970098915375772e+00
-2.712952357711445828e+00
-2.712934227472246107e+00
-2.712914574511865240e+00
-2.712897835433645710e+00
-2.712878528600025874e+00
-2.712860587656066080e+00
-2.712844660101295879e+00
-2.712827542896305566e+00
-2.712811230988926070e+00
-2.712794321469415237e+00
-2.712779691257655834e+00
-2.712763531512425885e+00
-2.712747571521595624e+00
-2.712732807708555960e+00
-2.712718637825055623e+00
-2.712704196674255996e+00
-2.712690358204105756e+00
-2.712676749231105688e+00
-2.712665373146955439e+00
-2.712652938101745903e+00
-2.712640242677245794e+00
-2.712627216324735357e+00
-2.712615097917885798e+00
-2.712604275039395496e+00
-2.712592522609245549e+00
-2.712580559562355553e+00
-2.712567439334155672e+00
-2.712553566422815976e+00
-2.712540567057465601e+00
-2.712529337587705314e+00
-2.712516550058555964e+00
-2.712502940460665535e+00
-2.712492591995655289e+00
-2.712481854516055613e+00
-2.712470848842126081e+00
-2.712457734206505933e+00
-2.712445387597886004e+00
-2.712434320092815376e+00
-2.712423065105035391e+00
-2.712412058626965994e+00
-2.712400488762905404e+00
-2.712389260470185803e+00
-2.712381475459995528e+00
-2.712369410258615332e+00
-2.712360619529035510e+00
-2.712352521372755731e+00
-2.712343793711025519e+00
-2.712336465259985729e+00
-2.712327140475515819e+00
-2.712318250743135373e+00
-2.712310069245245536e+00
-2.712303082997935988e+00
-2.712294294454546062e+00
-2.712287002098705990e+00
-2.712278724806565400e+00
-2.712270591790185925e+00
-2.712263340650205912e+00
-2.712254950268195408e+00
-2.712247959535425856e+00
-2.712240664336855289e+00
-2.712234633347865298e+00
-2.712226721605195401e+00
-2.712218321840495605e+00
-2.712211060349515535e+00
-2.712202878922505889e+00
-2.712195781369305614e+00
-2.712188830863505373e+00
-2.712182130785206091e+00
-2.712174032678436042e+00
-2.712166699175255324e+00
-2.712159556038815644e+00
-2.712152023900325837e+00
-2.712146166459246110e+00
-2.712138578650955978e+00
-2.712128174213355614e+00
-2.712120020225015971e+00
-2.712113464642485816e+00
-2.712106233304025338e+00
-2.712099752779775663e+00
-2.712094493828935526e+00
-2.712086187572955609e+00
-2.712080468308385228e+00
-2.712073507940055528e+00
-2.712068066034166058e+00
-2.712059393442896038e+00
-2.712052307019675368e+00
-2.712045484581025789e+00
-2.712040543232316026e+00
-2.712032700048185418e+00
-2.712025444826085874e+00
-2.712018942850555447e+00
-2.712013367965645294e+00
-2.712007772948875406e+00
-2.712002185946795763e+00
-2.711997079314435233e+00
-2.711991137143566100e+00
-2.711985673206165792e+00
-2.711979830099175537e+00
-2.711973598872055469e+00
-2.711967948613855484e+00
-2.711962181577265873e+00
-2.711955825055315294e+00
-2.711949872279325824e+00
-2.711943751970605554e+00
-2.711938016862455392e+00
-2.711933881195605522e+00
-2.711928949202865979e+00
-2.711923285773555570e+00
-2.711918900665045484e+00
-2.711913536462885688e+00
-2.711906488146775374e+00
-2.711902796264875626e+00
-2.711896821009685432e+00
-2.711891528789725392e+00
-2.711887526852235553e+00
-2.711884811607875534e+00
-2.711878511105605405e+00
-2.711873455486445650e+00
-2.711868760745606011e+00
-2.711865225676795887e+00
-2.711860108065965669e+00
-2.711854946141015965e+00
-2.711853246913705995e+00
-2.711850044323865561e+00
-2.711846248599115938e+00
-2.711843726028175361e+00
-2.711838021724335412e+00
-2.711834094264236050e+00
-2.711828947062365991e+00
-2.711823811873165901e+00
-2.711819459991865244e+00
-2.711817276180635616e+00
-2.711811022529275306e+00
-2.711806960652305420e+00
-2.711801470647525747e+00
-2.711798402670275721e+00
-2.711794107666385401e+00
-2.711789523237115418e+00
-2.711786056380935506e+00
-2.711781856908255683e+00
-2.711778105794385496e+00
-2.711769783964816050e+00
-2.711764846151435648e+00
-2.711760262813855960e+00
-2.711755474457075543e+00
-2.711751350317285869e+00
-2.711746885980526045e+00
-2.711742276619895975e+00
-2.711738688948985398e+00
-2.711734800534205903e+00
-2.711731283104716006e+00
-2.711727718059995240e+00
-2.711722925984445531e+00
-2.711719503860295255e+00
-2.711716127898365691e+00
-2.711712232853495941e+00
-2.711708618899975498e+00
-2.711704629781195308e+00
-2.711702859075765915e+00
-2.711697826173125492e+00
-2.711694115666145599e+00
-2.711689111004766062e+00
-2.711685158852425559e+00
-2.711681794066175932e+00
-2.711678337852386100e+00
-2.711677617614125957e+00
-2.711674752548285383e+00
-2.711671647463585799e+00
-2.711667640924035894e+00
-2.711666087101395561e+00
-2.711664123146586114e+00
-2.711659915369345697e+00
-2.711656923015655529e+00
-2.711652995240305231e+00
-2.711648759413445298e+00
-2.711644547251785831e+00
-2.711639024536765419e+00
-2.711635510106995994e+00
-2.711632751752755865e+00
-2.711629221824765956e+00
-2.711624643639956034e+00
-2.711623571421156065e+00
-2.711620749976585643e+00
-2.711617361041986030e+00
-2.711613934062235387e+00
-2.711610919498586014e+00
-2.711606501208745357e+00
-2.711602683526836088e+00
-2.711599305923416026e+00
-2.711596771401765693e+00
-2.711595042549325818e+00
-2.711591667267805761e+00
-2.711590478275375915e+00
-2.711587239963135332e+00
-2.711583615254236079e+00
-2.711583201443075630e+00
-2.711577995595425783e+00
-2.711574423347965279e+00
-2.711570347169955930e+00
-2.711567575138075448e+00
-2.711563279668065540e+00
-2.711560129887775616e+00
-2.711559204674645507e+00
-2.711555609780795351e+00
-2.711553167927426067e+00
-2.711550548316965958e+00
-2.711549327706435975e+00
-2.711545342949285953e+00
-2.711542341806775447e+00
-2.711539047217695675e+00
-2.711535569820125779e+00
-2.711531194863485261e+00
-2.711529140202086019e+00
-2.711526445506245331e+00
-2.711523441833115555e+00
-2.711521165086145935e+00
-2.711519338363155285e+00
-2.711518548253495808e+00
-2.711515854425215366e+00
-2.711512853901835385e+00
-2.711509958310805324e+00
-2.711503197055125547e+00
-2.711500527627155321e+00
-2.711497763936395522e+00
-2.711494250086965430e+00
-2.711491932075365874e+00
-2.711489463375795772e+00
-2.711489077479515508e+00
-2.711485692198805530e+00
-2.711481392721485584e+00
-2.711480596260205544e+00
-2.711477877644415280e+00
-2.711476185687685891e+00
-2.711473591669985694e+00
-2.711471096257465518e+00
-2.711469753843725350e+00
-2.711469934733576004e+00
-2.711468328051386045e+00
-2.711465405349335889e+00
-2.711462573520535990e+00
-2.711460699831775401e+00
-2.711459028482405387e+00
-2.711454059034245745e+00
-2.711451111418275772e+00
-2.711448727844185669e+00
-2.711444646373175615e+00
-2.711443141286896008e+00
-2.711440087587686065e+00
-2.711436368257835738e+00
-2.711433561046796115e+00
-2.711431933483165579e+00
-2.711429326321095346e+00
-2.711429539586935888e+00
-2.711428254128835924e+00
-2.711426525934095721e+00
-2.711426119223595776e+00
-2.711421857280085668e+00
-2.711420790264025271e+00
-2.711418787434586086e+00
-2.711416542447705247e+00
-2.711415311187475474e+00
-2.711412755070255365e+00
-2.711410930027495780e+00
-2.711409635746085733e+00
-2.711407378406885726e+00
-2.711406782289925488e+00
-2.711405181774085627e+00
-2.711404056693695885e+00
