6.914465213413256735e-06
6.914233318447186558e-06
6.914100977348136527e-06
6.914068159183716169e-06
6.914134846072576314e-06
6.914303619727106337e-06
6.914575631444066394e-06
6.914951168391705905e-06
6.915430001902346510e-06
6.916016738819066340e-06
6.916709077815796054e-06
6.917509394920575981e-06
6.918418503169006370e-06
6.919438623638546171e-06
6.920568373535266177e-06
6.921811400369846146e-06
6.923167866667836518e-06
6.924639056501086014e-06
6.926225903070416718e-06
6.927930673186575918e-06
6.929753648615535999e-06
6.931697250347296249e-06
6.933761319513656428e-06
6.935949975835096210e-06
6.938259548182256430e-06
6.940694760133826060e-06
6.943256718571916636e-06
6.945947077998336167e-06
6.948766321366586099e-06
6.951715102719686429e-06
6.954799262314886155e-06
6.958017408444156720e-06
6.961372628008516263e-06
6.964865467536875949e-06
6.968498170659776193e-06
6.972272714485615902e-06
6.976187838688786381e-06
6.980249881056586557e-06
6.984455399125576335e-06
6.988808622399926654e-06
6.993311984994516507e-06
6.997966802936576421e-06
7.002777553669676418e-06
7.007744623772756235e-06
7.012869679466186642e-06
7.018156219175046659e-06
7.023605056988155939e-06
7.029216935763056082e-06
7.034994958371346137e-06
7.040942931357436667e-06
7.047061549810746063e-06
7.053354025866886210e-06
7.059822190795786574e-06
7.066470818186635917e-06
7.073300246371476405e-06
7.080314186849026229e-06
7.087513446020946465e-06
7.094902029880486605e-06
7.102483480960246074e-06
7.110259120443455915e-06
7.118232742630896677e-06
7.126406867005266530e-06
7.134785006016316285e-06
7.143370527979426314e-06
7.152166317746946264e-06
7.161175179489976373e-06
7.170400414059016185e-06
7.179846056896786445e-06
7.189514394391796638e-06
7.199409186900736659e-06
7.209535202853876731e-06
7.219897100584116640e-06
7.230497610112876530e-06
7.241340280919996392e-06
7.252429547716746512e-06
7.263769171714436607e-06
7.275364094708266320e-06
7.287219241033416404e-06
7.299337274314016334e-06
7.311722859843556549e-06
7.324381681308536470e-06
7.337320794751696717e-06
7.350541991942216301e-06
7.364051699366966599e-06
7.377853828803216703e-06
7.391956504503366583e-06
7.406362946178596037e-06
7.421079135336395954e-06
7.436112333539946657e-06
7.451467556515566278e-06
7.467151333783376532e-06
7.483169287876736553e-06
7.499529116096986223e-06
7.516235668265966154e-06
7.533297228275505984e-06
7.550720804673686017e-06
7.568513998827466272e-06
7.586684773799166546e-06
7.605239696328895742e-06
7.624187229770526325e-06
7.643535623880726127e-06
7.663294583264526174e-06
7.683471390112125965e-06
7.704075333657915743e-06
7.725116438914547053e-06
7.746605069966396983e-06
7.768551470955866486e-06
7.790963884712656562e-06
7.813854690589196560e-06
7.837235072266925774e-06
7.861114685197585485e-06
7.885506456191536016e-06
7.910423023466435505e-06
7.935876730682535533e-06
7.961881169615546189e-06
7.988448602358346975e-06
8.015593816291086661e-06
8.043333210452386438e-06
8.071672318325075898e-06
8.100641752197795578e-06
8.130250459438006532e-06
8.160514026643606869e-06
8.191449731793636966e-06
8.223076200326206097e-06
8.255412012093126756e-06
8.288477310778645616e-06
8.322291362308595843e-06
8.356875709898266857e-06
8.392251506634195750e-06
8.428442933868546152e-06
8.465471037448356095e-06
8.503361924418536901e-06
8.542142059216146843e-06
8.581837623459226896e-06
8.622476176952906143e-06
8.664086274590775575e-06
8.706698347329485695e-06
8.750343649618065692e-06
8.795057186480536394e-06
8.840873672285696298e-06
8.887826716608797080e-06
8.935953069290146462e-06
8.985292779270385974e-06
9.035890532649755718e-06
9.087789768875876738e-06
9.141030997414986765e-06
9.195666447123166052e-06
9.251744452526796652e-06
9.309320534719286099e-06
9.368444758053906765e-06
9.429175368763785574e-06
9.491575912217007057e-06
9.555713619604856281e-06
9.621656932865776702e-06
9.689475253931506755e-06
9.759245293615586661e-06
9.831050905034896789e-06
9.904973172679775828e-06
9.981106094403487014e-06
1.005954427027798591e-05
1.014039111400548548e-05
1.022375320330728579e-05
1.030974516062408633e-05
1.039848716545808598e-05
1.049011616296658627e-05
1.058476291182448631e-05
1.068257165588038677e-05
1.078369293709258651e-05
1.088829942056518656e-05
1.099655827063188607e-05
1.110865403210778680e-05
1.122478423763668669e-05
1.134516902257258569e-05
1.147004042705898704e-05
1.159964599860578618e-05
1.173425729925708703e-05
1.187415997058248594e-05
1.201969111586288553e-05
1.217118916787398619e-05
1.232901744472938706e-05
1.249358141887378590e-05
1.266532110433488549e-05
1.284471972942388569e-05
1.303230190538118617e-05
1.322865037628328642e-05
1.343439257042738700e-05
1.365022640299488597e-05
1.387691887942558625e-05
1.411532140398428618e-05
1.436637313234238570e-05
1.463112536189698626e-05
1.491074109672228556e-05
1.520653539422518654e-05
1.551996730550988667e-05
1.585269332723288906e-05
1.620658892797948702e-05
1.658377872010458764e-05
1.698667511191378715e-05
1.741806429097248699e-05
1.788112332017928775e-05
1.837954976022258675e-05
1.891761982482818716e-05
1.950034581071108695e-05
2.013362772395698683e-05
2.082445108686048729e-05
2.158112115199798872e-05
2.241364387051238813e-05
2.333416076405658827e-05
2.435747010067478848e-05
2.550185132489178909e-05
2.679006344328788787e-05
2.825077513199548764e-05
2.992053144381468720e-05
3.184638389041738601e-05
3.408962532126168189e-05
3.673083201461208231e-05
3.987672809847728423e-05
4.366875385305638404e-05
4.829265677202158538e-05
5.398574197822008129e-05
6.103176102302638128e-05
6.971803666487038460e-05
8.020557466456088697e-05
9.226839666231248472e-05
1.050013581636330900e-04
1.169031530063520836e-04
1.266268107738350765e-04
1.337446187370500790e-04
1.386848887176670873e-04
1.421572100133770920e-04
1.447564553128880948e-04
1.468700278897640743e-04
1.487213672262310740e-04
1.504315458401960914e-04
1.520643145637680859e-04
1.536525745417360715e-04
1.552132946587000744e-04
1.567551643460740889e-04
1.582826724383630892e-04
1.597980650455670809e-04
1.613026493482110741e-04
1.627970154249540726e-04
1.642814386493720961e-04
1.657562089540260959e-04
1.672214890465180751e-04
1.686773495043950954e-04
1.701239754154140727e-04
1.715613261751780733e-04
1.729894615224710852e-04
1.744084601746100885e-04
1.758184650947950908e-04
1.772194204590030891e-04
1.786115531531490871e-04
1.799947926568870929e-04
1.813692027265840731e-04
1.827349151510450755e-04
1.840919582039970742e-04
1.854401951907040809e-04
1.867799869533630927e-04
1.881112152972760757e-04
1.894340708629960971e-04
1.907485356136110778e-04
1.920546031988470872e-04
1.933524019834040981e-04
1.946420640979860852e-04
1.959234255059950772e-04
1.971967243035840835e-04
1.984619579238590869e-04
1.997190533530950843e-04
2.009683470272370968e-04
2.022096596198340833e-04
2.034430735981190917e-04
2.046688130097610756e-04
2.058866944100220923e-04
2.070969308918160887e-04
2.082995757196280911e-04
2.094945569473570860e-04
2.106819608348580721e-04
2.118619468300380758e-04
2.130344791110470805e-04
2.141995586456150785e-04
2.153573199877290814e-04
2.165077984873750756e-04
2.176510238315690902e-04
2.187868839373930915e-04
2.199157186574690896e-04
2.210373125988460781e-04
2.221518838261800973e-04
2.232594341588730897e-04
2.243599545169580795e-04
2.254535889103140940e-04
2.265403607904360836e-04
2.276202762717620788e-04
2.286934376373080937e-04
2.297596788543620810e-04
2.308192530632460857e-04
2.318721248575740870e-04
2.329185444685530966e-04
2.339583255359540810e-04
2.349914729480160778e-04
2.360180723850290713e-04
2.370383747116270863e-04
2.380522710091350724e-04
2.390597759142640895e-04
2.400609399145650722e-04
2.410557887112970939e-04
2.420443138508540941e-04
2.430267241833500877e-04
2.440028734182670724e-04
2.449728005877301008e-04
2.459366349826401293e-04
2.468942831512591107e-04
2.478462756401321096e-04
2.487921026593581321e-04
2.497320333129821068e-04
2.506659914795831266e-04
2.515940475819131313e-04
2.525163920898350930e-04
2.534329192135901143e-04
2.543435808127551237e-04
2.552486903515421195e-04
2.561481384465460987e-04
2.570417307437070889e-04
2.579297181429040880e-04
2.588121162663751368e-04
2.596889110386761375e-04
2.605603247235810990e-04
2.614261797724150944e-04
2.622865008362981363e-04
2.631414490913291135e-04
2.639910858491500956e-04
2.648353734526641325e-04
2.656742770663390873e-04
2.665079750438440875e-04
2.673363316286371115e-04
2.681595403174281337e-04
2.689775633157631186e-04
2.697904276772551051e-04
2.705980827155170937e-04
2.714007657190101001e-04
2.721984690042420982e-04
2.729909368874761013e-04
2.737784884861410974e-04
2.745610534893871166e-04
2.753386730295920987e-04
2.761112772356400977e-04
2.768791085547300953e-04
2.776420237657641326e-04
2.784001052765651255e-04
2.791534099598461018e-04
2.799019294347081135e-04
2.806457533751131016e-04
2.813848158471771166e-04
2.821192771453251359e-04
2.828491192048251035e-04
2.835743966636570862e-04
2.842950996169100997e-04
2.850110376141960994e-04
2.857226137514641204e-04
2.864296209451791097e-04
2.871321351256441281e-04
2.878302441708270988e-04
2.885238426557151185e-04
2.892132215580861380e-04
2.898979801087321357e-04
2.905784981346581377e-04
2.912547292166951254e-04
2.919266017251871161e-04
2.925942386291370914e-04
2.932575791738221299e-04
2.939166163247291228e-04
2.945715462529381015e-04
2.952223655378581071e-04
2.958692552357041362e-04
2.965117455894871303e-04
2.971501333222410909e-04
2.977845035301850975e-04
2.984148839511301132e-04
2.990412121415190853e-04
2.996635413189361078e-04
3.002819002652150847e-04
3.008962796295601080e-04
3.015067396112161265e-04
3.021133086909941114e-04
3.027159304129941036e-04
3.033148111141900855e-04
3.039097291949360890e-04
3.045009604895800980e-04
3.050883024322190965e-04
3.056719192235510989e-04
3.062517108603081233e-04
3.068278026450730949e-04
3.074003685827851064e-04
3.079691053620230937e-04
3.085341685980171229e-04
3.090955888463031058e-04
3.096533853082170931e-04
3.102076853239971025e-04
3.107583189450431279e-04
3.113054061076411154e-04
3.118491041747761209e-04
3.123892118943230991e-04
3.129258193742141250e-04
3.134589743819081323e-04
3.139886197038401264e-04
3.145148572072001378e-04
3.150378626339771075e-04
3.155573261876711130e-04
3.160733973641700997e-04
3.165860852425401257e-04
3.170954412070431079e-04
3.176014883144040869e-04
3.181041534155451219e-04
3.186036908536590958e-04
3.191001306807661258e-04
3.195932513268821178e-04
3.200830468974921066e-04
3.205694081604491103e-04
3.210530263402770908e-04
3.215335411381861131e-04
3.220105899816821222e-04
3.224847961490310850e-04
3.229557723139540957e-04
3.234238611555490884e-04
3.238887732471501068e-04
3.243507326313530958e-04
3.248095872196131179e-04
3.252652783337981043e-04
3.257182413402981295e-04
3.261681628283191314e-04
3.266152517329831348e-04
3.270588261883110954e-04
3.275000321837811309e-04
3.279384173921511187e-04
3.283739409353881125e-04
3.288065238034220870e-04
3.292360853461971269e-04
3.296627478483241092e-04
3.300866580732371219e-04
3.305077055381901120e-04
3.309258164221971343e-04
3.313413835446841018e-04
3.317538669322741304e-04
3.321637139200671177e-04
3.325705953391721345e-04
3.329748865709901114e-04
3.333763237870570901e-04
3.337750322944451351e-04
3.341709783337931086e-04
3.345641460521111372e-04
3.349546582961871388e-04
3.353425594385320957e-04
3.357277060385161372e-04
3.361101362903021021e-04
3.364899748190440998e-04
3.368673046732331201e-04
3.372418005183861226e-04
3.376139041376541305e-04
3.379833090235681071e-04
3.383499996126911199e-04
3.387142381829081261e-04
3.390758715432851209e-04
3.394350224183601016e-04
3.397914859071371040e-04
3.401455759075291073e-04
3.404971559415711146e-04
3.408461707963280989e-04
3.411926900256271136e-04
3.415367920435691089e-04
3.418784192547820911e-04
3.422176178788561185e-04
3.425542542777960985e-04
3.428886042628281026e-04
3.432206025296110946e-04
3.435502653827100859e-04
3.438775133679931092e-04
3.442023431224291194e-04
3.445249434800771288e-04
3.448452597793120848e-04
3.451633750598671175e-04
3.454792635025991251e-04
3.457928169065320966e-04
3.461039977288681143e-04
3.464130845960971140e-04
3.467200140266900885e-04
3.470244911052731236e-04
3.473268395798370916e-04
3.476270498045281069e-04
3.479252670968811388e-04
3.482212690682811229e-04
3.485150479240541358e-04
3.488067414453040866e-04
3.490963245021891370e-04
3.493838730969691113e-04
3.496693260473711113e-04
3.499524694037751266e-04
3.502339316733231044e-04
3.505131008752491225e-04
3.507902288555461343e-04
3.510654276975111020e-04
3.513385449004691229e-04
3.516098637629171087e-04
3.518791880513650987e-04
3.521465203613471234e-04
3.524118452458541140e-04
3.526754126247381364e-04
3.529369615261751243e-04
3.531967129817711274e-04
3.534545806725770869e-04
3.537105250720950968e-04
3.539647223040691100e-04
3.542169772958231235e-04
3.544674498989520972e-04
3.547160260180820947e-04
3.549629701701281065e-04
3.552081642868071178e-04
3.554514966327501245e-04
3.556931531270850926e-04
3.559329811687821196e-04
3.561710783733140935e-04
3.564074474774501047e-04
3.566422271864761254e-04
3.568752475814301168e-04
3.571065773598531157e-04
3.573362742574431265e-04
3.575641860992750899e-04
3.577906046884001294e-04
3.580156016178221226e-04
3.582387735673131057e-04
3.584602189705491109e-04
3.586801382323691291e-04
3.588984178800311070e-04
3.591150394515771165e-04
3.593303531800430897e-04
3.595438964678121302e-04
3.597560119217911123e-04
3.599664784393301212e-04
3.601756930322001088e-04
3.603832539766571239e-04
3.605893022340431035e-04
3.607937243998781220e-04
3.609969204834461223e-04
3.611985906128320988e-04
3.613987468826080859e-04
3.615973952298221373e-04
3.617946275706961199e-04
3.619904456734151328e-04
3.621848200686931152e-04
3.623778679183571280e-04
3.625694857098821222e-04
3.627597580691830975e-04
3.629486902358290863e-04
3.631362129126430968e-04
3.633223991366220981e-04
3.635072930468871049e-04
3.636908209352811348e-04
3.638730424508641306e-04
3.640539226956261004e-04
3.642333791105760964e-04
3.644116244531111050e-04
3.645886474514451045e-04
3.647642918020261248e-04
3.649387599751661125e-04
3.651121025991331385e-04
3.652839177467431223e-04
3.654546995689291269e-04
3.656241905113360850e-04
3.657923631705621288e-04
3.659592391352751235e-04
3.661252190990721325e-04
3.662898850777900864e-04
3.664533401193811012e-04
3.666155324424481355e-04
3.667766980363531388e-04
3.669367025918631050e-04
3.670952798644371343e-04
3.672528681227950993e-04
3.674093751068330921e-04
3.675646548549830854e-04
3.677190840970281363e-04
3.678722403719551326e-04
3.680243990826220909e-04
3.681754569847881095e-04
3.683253630877691281e-04
3.684740261651361210e-04
3.686219696093511085e-04
3.687686509766681365e-04
3.689144005186461065e-04
3.690589017179530889e-04
3.692024815221271370e-04
3.693450521941250885e-04
3.694865073757471353e-04
3.696270150324630979e-04
3.697664774879101017e-04
3.699053074000770895e-04
3.700428295688070997e-04
3.701793456665310915e-04
3.703149062592421352e-04
3.704494428727370895e-04
3.705830488464721272e-04
3.707157078761630993e-04
3.708473323184641375e-04
3.709780461402680907e-04
3.711077948537611212e-04
3.712366213499851300e-04
3.713646247552841316e-04
3.714915904138571252e-04
3.716176502376071153e-04
3.717428522129820876e-04
3.718671319383510957e-04
3.719905530171430867e-04
3.721129085651671297e-04
3.722346695452020916e-04
3.723554313771391369e-04
3.724754338226010934e-04
3.725944803341801090e-04
3.727126302239901060e-04
3.728299482001181178e-04
3.729462088617041125e-04
3.730618370405201193e-04
3.731766515810660862e-04
3.732907123035941179e-04
3.734037482463790979e-04
3.735160260548130986e-04
3.736276872046371276e-04
3.737384334693870987e-04
3.738484648754661138e-04
3.739577262256071140e-04
3.740661963504100991e-04
3.741739913239220902e-04
3.742808370443240999e-04
3.743868669522651209e-04
3.744922122524521374e-04
3.745968869809910857e-04
3.747005183152871208e-04
3.748035766071111208e-04
3.749059413723991162e-04
3.750075715696931148e-04
3.751084367386691289e-04
3.752086954071121331e-04
3.753081753918240896e-04
3.754069067549831141e-04
3.755048659613211253e-04
3.756020682800020947e-04
3.756987213520560976e-04
3.757944968992371301e-04
3.758897701008430858e-04
3.759843830229891363e-04
3.760780494194500994e-04
3.761714609570411061e-04
3.762640396441991253e-04
3.763559954854691064e-04
3.764471813667511217e-04
3.765378473934030907e-04
3.766277612068421178e-04
3.767168557876671067e-04
3.768055541095851149e-04
3.768935111167930931e-04
3.769808577491050999e-04
3.770674664304150977e-04
3.771536949402561371e-04
3.772392076384711119e-04
3.773241322958870896e-04
3.774084608038070880e-04
3.774922554148051339e-04
3.775752503451660952e-04
3.776577195471991061e-04
3.777396263278140856e-04
3.778208857014331051e-04
3.779015332474131169e-04
3.779815267096811311e-04
3.780611178861251350e-04
3.781401549467190920e-04
3.782186103132011167e-04
3.782968173591141187e-04
3.783740914289810916e-04
3.784508375107701098e-04
3.785271033915870971e-04
3.786027222256051314e-04
3.786778215371141144e-04
3.787522165552110955e-04
3.788263469004371086e-04
3.789000049193931205e-04
3.789728319477561180e-04
3.790453192252231330e-04
3.791171984540670859e-04
3.791886445653740861e-04
3.792595669813141209e-04
3.793298863473851083e-04
3.793995885597560981e-04
3.794689596704630980e-04
3.795379375070751134e-04
3.796064000347611190e-04
3.796742877768221041e-04
3.797416791904770889e-04
3.798088645593151232e-04
3.798753744214921333e-04
3.799413657706040854e-04
3.800070311807181322e-04
3.800720023811871148e-04
3.801366530608171149e-04
3.802008900052771304e-04
3.802645826123751227e-04
3.803277256482121113e-04
3.803905100353581134e-04
3.804526109225611109e-04
3.805144165042541370e-04
3.805758167167340856e-04
3.806366655367931086e-04
3.806974079802681035e-04
3.807574229031670892e-04
3.808171000970891288e-04
3.808763694136561222e-04
3.809351287839511115e-04
3.809935855005060863e-04
3.810515560450601288e-04
3.811090712654841006e-04
3.811662613518221310e-04
3.812229003551550859e-04
3.812792305519441195e-04
3.813351168388631361e-04
