1.187718030268271818e-05
1.187675161679611799e-05
1.187658127920621726e-05
1.187667890698431716e-05
1.187704704473721760e-05
1.187769011368501739e-05
1.187861026988321730e-05
1.187981542898771730e-05
1.188130535217641748e-05
1.188309302186561747e-05
1.188517940603871807e-05
1.188756758107981712e-05
1.189026299750451805e-05
1.189327201773491855e-05
1.189659712280591722e-05
1.190024178358711714e-05
1.190421269311041803e-05
1.190851649179421726e-05
1.191315659930111718e-05
1.191814037925411784e-05
1.192348041154921833e-05
1.192916300562551818e-05
1.193520499493601778e-05
1.194161337363391719e-05
1.194839785767451773e-05
1.195555894357221753e-05
1.196310821511811759e-05
1.197104985583701799e-05
1.197938623744731722e-05
1.198812383811131783e-05
1.199728272123061806e-05
1.200686012402611737e-05
1.201686315217071805e-05
1.202730142067841716e-05
1.203817941344271783e-05
1.204950808519881811e-05
1.206129274037271775e-05
1.207354342396501804e-05
1.208627002826211765e-05
1.209947935241541757e-05
1.211318161024111843e-05
1.212738434669761877e-05
1.214209987353281764e-05
1.215733688119381798e-05
1.217310465631731752e-05
1.218941219682381780e-05
1.220627466380611831e-05
1.222370276848891869e-05
1.224170653322991854e-05
1.226029529411011877e-05
1.227948405826041806e-05
1.229928632612191756e-05
1.231971336346821806e-05
1.234077760122281798e-05
1.236249561135401750e-05
1.238487857617511813e-05
1.240794220466161873e-05
1.243170341880661786e-05
1.245617627822831771e-05
1.248137635492391816e-05
1.250732338507311853e-05
1.253403239465501837e-05
1.256152412036991810e-05
1.258981505336541722e-05
1.261892578819261821e-05
1.264887280559551801e-05
1.267967948086461821e-05
1.271136832079111716e-05
1.274396005677261796e-05
1.277747613698601739e-05
1.281194636658001762e-05
1.284739355892451840e-05
1.288384139823121779e-05
1.292131752386731726e-05
1.295984981151021829e-05
1.299946795153811845e-05
1.304020257798951789e-05
1.308208245614031732e-05
1.312514200687771845e-05
1.316941501384281790e-05
1.321493686692741807e-05
1.326174528516771788e-05
1.330987815748811851e-05
1.335937550513671866e-05
1.341028041781081865e-05
1.346263662902251865e-05
1.351648835357391786e-05
1.357188553077141773e-05
1.362887513337151836e-05
1.368751375432181783e-05
1.374785515734491772e-05
1.380995598980061833e-05
1.387387683450331787e-05
1.393968161670801868e-05
1.400743792018571816e-05
1.407721762927071848e-05
1.414909310154001828e-05
1.422313865826971867e-05
1.429943876393631779e-05
1.437807717237901868e-05
1.445914532512131816e-05
1.454273962216771809e-05
1.462895248508721765e-05
1.471790622196231726e-05
1.480970653431241798e-05
1.490446470384741724e-05
1.500231240423431729e-05
1.510338582686871713e-05
1.520782303320831792e-05
1.531577678229781829e-05
1.542740519230551639e-05
1.554287800641011803e-05
1.566237915689831862e-05
1.578609898951991727e-05
1.591424768429061933e-05
1.604703107496591795e-05
1.618469514222801680e-05
1.632748880222311842e-05
1.647569274216531860e-05
1.662958108959071771e-05
1.678947714004761725e-05
1.695571140957181873e-05
1.712865267003011843e-05
1.730868664190401805e-05
1.749623915781751886e-05
1.769177036493421829e-05
1.789576995117751925e-05
1.810878287894271727e-05
1.833139868155371743e-05
1.856425883256991683e-05
1.880805393245331820e-05
1.906356094399911961e-05
1.933162306240621893e-05
1.961316785542111817e-05
1.990921206647641817e-05
2.022089551640701718e-05
2.054946889845811944e-05
2.089632505086431853e-05
2.126301381875191825e-05
2.165127412635001696e-05
2.206304615061341644e-05
2.250053383951661684e-05
2.296619833072741760e-05
2.346284868915891775e-05
2.399367084620431689e-05
2.456230057472171785e-05
2.517293740410871811e-05
2.583040452130571944e-05
2.654029862395341902e-05
2.730914008152841727e-05
2.814456978821021913e-05
2.905557925942871847e-05
3.005284882422531726e-05
3.114912954042092081e-05
3.235975510881591546e-05
3.370329840919631867e-05
3.520245174533342123e-05
3.688511501771751485e-05
3.878587204870941654e-05
4.094797056262681508e-05
4.342573732162642082e-05
4.628792894429261540e-05
4.962141956246271908e-05
5.353555691504401694e-05
5.816611637979521711e-05
6.367637639151312273e-05
7.025125978647682435e-05
7.807430028284551645e-05
8.727262730778792305e-05
9.781546754756301415e-05
1.093806349140572149e-04
1.212794635001832234e-04
1.325863150758812051e-04
1.424928561240252191e-04
1.506306687293552157e-04
1.570980505255332126e-04
1.622484168678522314e-04
1.664714762294862243e-04
1.700834087208442154e-04
1.733041674727402311e-04
1.762749572850972203e-04
1.790820933289072152e-04
1.817771049129682237e-04
1.843899513170672215e-04
1.869382593460742299e-04
1.894319669617762166e-04
1.918767903367322070e-04
1.942760917139082046e-04
1.966316872660472221e-04
1.989444652952992228e-04
2.012151922040462211e-04
2.034440515507482069e-04
2.056313427884822072e-04
2.077772047435962088e-04
2.098815686817222150e-04
2.119445426560252201e-04
2.139660600616082248e-04
2.159461688810822234e-04
2.178847594272752188e-04
2.197816473838582201e-04
2.216367419571942143e-04
2.234501841031112115e-04
2.252246138405182075e-04
2.269593960126602117e-04
2.286532539676482297e-04
2.303054903686572313e-04
2.319155795533162177e-04
2.334827977794642060e-04
2.350072084466092249e-04
2.364881611580682303e-04
2.379253224546872155e-04
2.393177999021392217e-04
2.406651830636972176e-04
2.419668151456692059e-04
2.432217602109642282e-04
2.444293524034522316e-04
2.455886838519832135e-04
2.466992428283402441e-04
2.477602449468862059e-04
2.487720326563562121e-04
2.497352482698922274e-04
2.506517265372062205e-04
2.515246719882082284e-04
2.523583243163362091e-04
2.531559958442611909e-04
2.539184676432442280e-04
2.546441465023512084e-04
2.553321684999602286e-04
2.559848433296342150e-04
2.566085754332212213e-04
2.572108517831052160e-04
2.577989196420912127e-04
2.583782667047142202e-04
2.589528329309532238e-04
2.595253867167472001e-04
2.600976325554291927e-04
2.606703619935452293e-04
2.612442852675772413e-04
2.618197905237582110e-04
2.623969241972792256e-04
2.629755454374302294e-04
2.635557460554932151e-04
2.641376102691972189e-04
2.647209806519832016e-04
2.653057638553762173e-04
2.658919071128292206e-04
2.664792918355402386e-04
2.670678085453162130e-04
2.676574654255842243e-04
2.682481393017322152e-04
2.688397336625242252e-04
2.694321431941622074e-04
2.700253378985662412e-04
2.706191838502082156e-04
2.712138555825252041e-04
2.718089845729232011e-04
2.724046473352492227e-04
2.730006561736322162e-04
2.735971416030541959e-04
2.741937795289522343e-04
2.747907985067122119e-04
2.753880521804602023e-04
2.759853235427862255e-04
2.765828068002682385e-04
2.771799706308581963e-04
2.777773250043141990e-04
2.783746303913872179e-04
2.789717618070011989e-04
2.795687330927712250e-04
2.801653491868842400e-04
2.807616654052991971e-04
2.813575660117841916e-04
2.819531716201852285e-04
2.825484914123272046e-04
2.831430585998402269e-04
2.837372616258542249e-04
2.843307332893912410e-04
2.849235914474222025e-04
2.855158492807181999e-04
2.861074414005852079e-04
2.866981573361762040e-04
2.872881507995322221e-04
2.878773567125312259e-04
2.884656006301602018e-04
2.890529589162371964e-04
2.896394684606492425e-04
2.902250961797632305e-04
2.908096109917962199e-04
2.913933599246692043e-04
2.919757503295731952e-04
2.925570131838702123e-04
2.931373236454192302e-04
2.937163698944952059e-04
2.942941677673002266e-04
2.948708811390912438e-04
2.954464446927491938e-04
2.960206489768171930e-04
2.965936369995012130e-04
2.971653475776281968e-04
2.977356357684302329e-04
2.983045999239532296e-04
2.988721620415972025e-04
2.994382697196842111e-04
3.000030214776442283e-04
3.005663698578082206e-04
3.011281131381732083e-04
3.016884526213192111e-04
3.022471987115952011e-04
3.028044691299492394e-04
3.033600733879912364e-04
3.039142874892572445e-04
3.044666986804462163e-04
3.050176769341042407e-04
3.055669416107362223e-04
3.061146178350722369e-04
3.066606699687412325e-04
3.072050418533142277e-04
3.077478192888471933e-04
3.082888412305342203e-04
3.088281245359492393e-04
3.093658912225752075e-04
3.099016685248672052e-04
3.104357006763702417e-04
3.109680583503871931e-04
3.114986806154052402e-04
3.120274549835601991e-04
3.125545013462422339e-04
3.130795427622552404e-04
3.136028897616601938e-04
3.141243169804532141e-04
3.146441690892452011e-04
3.151618637293372390e-04
3.156777971965022181e-04
3.161918719381472359e-04
3.167041448125332303e-04
3.172145596221902382e-04
3.177230440541132291e-04
3.182296467330172430e-04
3.187343720236662011e-04
3.192370831285242395e-04
3.197379699531212446e-04
3.202369595515582208e-04
3.207338217836882112e-04
3.212288575933902449e-04
3.217219694692772278e-04
3.222131100463102396e-04
3.227024187742192013e-04
3.231896930438962366e-04
3.236750259848961944e-04
3.241584861390582172e-04
3.246398990747991951e-04
3.251192791189112135e-04
3.255966315544662126e-04
3.260720684946572163e-04
3.265456051119282007e-04
3.270170467120192114e-04
3.274865679064892384e-04
3.279539623190072181e-04
3.284194136407492443e-04
3.288830770633791988e-04
3.293447565269992184e-04
3.298043551462212443e-04
3.302620209418121984e-04
3.307175881657621998e-04
3.311712133254712245e-04
3.316227721729242384e-04
3.320724105778912263e-04
3.325200150715632410e-04
3.329656855639112037e-04
3.334096451672301925e-04
3.338510811502992345e-04
3.342906054170292256e-04
3.347282416077362161e-04
3.351639302058951968e-04
3.355976369848102004e-04
3.360289178883542338e-04
3.364586270581482273e-04
3.368863318133872046e-04
3.373121870311852292e-04
3.377358815942742309e-04
3.381576656629822091e-04
3.385772078045872391e-04
3.389949888024832120e-04
3.394110891410452059e-04
3.398251096940472279e-04
3.402370008687642233e-04
3.406467051271902025e-04
3.410547366879002214e-04
3.414607572416862124e-04
3.418648002803442091e-04
3.422668357062572130e-04
3.426670417657032047e-04
3.430651755406082361e-04
3.434614811138222133e-04
3.438557306404262061e-04
3.442480509019382241e-04
3.446385464402172152e-04
3.450270019503262143e-04
3.454135217994822385e-04
3.457983205928472168e-04
3.461809439965802008e-04
3.465618417361802190e-04
3.469408933285962181e-04
3.473178459714302050e-04
3.476928326576582406e-04
3.480659828250042107e-04
3.484373861188382352e-04
3.488067602674222128e-04
3.491742655632002292e-04
3.495399217401592442e-04
3.499037594059601947e-04
3.502656346662952076e-04
3.506256255298342275e-04
3.509838992697572081e-04
3.513404162922321929e-04
3.516949278366792299e-04
3.520474916480762265e-04
3.523985594172682288e-04
3.527474604229682408e-04
3.530947038709462060e-04
3.534401914911301941e-04
3.537844597655982054e-04
3.541271668141751910e-04
3.544687865964152090e-04
3.548089937028462131e-04
3.551479842666092359e-04
3.554856019554802015e-04
3.558221624757042191e-04
3.561572908942502147e-04
3.564911076119872050e-04
3.568236347823922137e-04
3.571544711666422038e-04
3.574847460617871999e-04
3.578136259981002103e-04
3.581414854720232303e-04
3.584683054419361995e-04
3.587937741231422080e-04
3.591179014385502129e-04
3.594408167015992399e-04
3.597625200383322368e-04
3.600830107851342075e-04
3.604022616525041976e-04
3.607204401178172202e-04
3.610373596372312157e-04
3.613530271320492329e-04
3.616675651911191989e-04
3.619809789752192228e-04
3.622928460000242193e-04
3.626034360859702022e-04
3.629126720009872025e-04
3.632207481175182199e-04
3.635275773337782144e-04
3.638328736647572070e-04
3.641366689640522145e-04
3.644391378621152089e-04
3.647403502671332310e-04
3.650402614552332383e-04
3.653388347550132046e-04
3.656360138589332277e-04
3.659315812811122235e-04
3.662258191347132091e-04
3.665185721344881996e-04
3.668097803716021950e-04
3.670995965631172276e-04
3.673879284049132209e-04
3.676747444834622004e-04
3.679600921305272408e-04
3.682439999812722438e-04
3.685264835500082366e-04
3.688073710755192377e-04
3.690869175319302312e-04
3.693647401835951981e-04
3.696411643602061977e-04
3.699158376462102185e-04
3.701890076344922027e-04
3.704607947368932386e-04
3.707310603169102240e-04
3.709997875022171942e-04
3.712669606260892330e-04
3.715325160905472439e-04
3.717967368515552248e-04
3.720593629253182125e-04
3.723205600183792036e-04
3.725801934786992218e-04
3.728382409834642055e-04
3.730945904519792234e-04
3.733496285487292112e-04
3.736031971142862317e-04
3.738556165780452167e-04
3.741060492955402238e-04
3.743550425282172111e-04
3.746025432121751950e-04
3.748482066101762331e-04
3.750926047182071964e-04
3.753356457711091911e-04
3.755770823277912169e-04
3.758169208287702305e-04
3.760553559342191951e-04
3.762923533641682433e-04
3.765279065303961956e-04
3.767617820313231961e-04
3.769943721482902277e-04
3.772255414286932416e-04
3.774552240313902378e-04
3.776835011446852343e-04
3.779102684581622405e-04
3.781356053907652254e-04
3.783596893421012374e-04
3.785822410036372146e-04
3.788032032345392086e-04
3.790228586547541960e-04
3.792409715949202217e-04
3.794578438788662363e-04
3.796732894051532388e-04
3.798873393080052260e-04
3.801000390722752238e-04
3.803113910757102115e-04
3.805213112900372426e-04
3.807298570909772449e-04
3.809369828154102319e-04
3.811427497784482081e-04
3.813473735962981913e-04
3.815504889576122236e-04
3.817524192456162101e-04
3.819529518604982093e-04
3.821520315724482382e-04
3.823499878764722291e-04
3.825468410043031918e-04
3.827421037939032029e-04
3.829359998495922182e-04
3.831287687622042266e-04
3.833201872344612075e-04
3.835102569143982224e-04
3.836992642074122284e-04
3.838868475757252117e-04
3.840731976370501924e-04
3.842582985257482356e-04
3.844422394520452448e-04
3.846248994264232280e-04
3.848064360317682156e-04
3.849866337039512150e-04
3.851651898813672243e-04
3.853430331113202314e-04
3.855195873052092055e-04
3.856950737742632007e-04
3.858692828351832269e-04
3.860422855656042186e-04
3.862140196554322423e-04
3.863846393231761922e-04
3.865540961277651980e-04
3.867223913165542351e-04
3.868895100268532317e-04
3.870556377228321970e-04
3.872206119604922319e-04
3.873845516964482399e-04
3.875472955158422331e-04
3.877089184794322218e-04
3.878694023442562150e-04
3.880287990296492004e-04
3.881871638731352377e-04
3.883444842645232238e-04
3.885006061730972423e-04
3.886555906006212090e-04
3.888096648686162143e-04
3.889624721753382375e-04
3.891143410541352118e-04
3.892650238458782012e-04
3.894148607005532372e-04
3.895636478462902283e-04
3.897112388131372305e-04
3.898579350193821964e-04
3.900035781509462117e-04
3.901482118968842001e-04
3.902919123178772440e-04
3.904344725958382189e-04
3.905761373130622427e-04
3.907165632067382361e-04
3.908562952033762020e-04
3.909948266754132134e-04
3.911326189853442446e-04
3.912692777849471957e-04
3.914050474713652149e-04
3.915399015791812048e-04
3.916739039248942340e-04
3.918068211894712091e-04
3.919388232034241967e-04
3.920700662199942286e-04
3.922001147989152121e-04
3.923294929260252102e-04
3.924580171769132008e-04
3.925857207339212033e-04
3.927122635207432348e-04
3.928379631547802083e-04
3.929629875954322011e-04
3.930866415296151942e-04
3.932094845561162014e-04
3.933317355790601926e-04
3.934531070774642341e-04
3.935736999675982411e-04
3.936935708050322280e-04
3.938124090175192387e-04
3.939303932848071911e-04
3.940475267386542302e-04
3.941639456126512248e-04
3.942795376872192223e-04
3.943942865428392121e-04
3.945082618966782380e-04
3.946215513134742042e-04
3.947338484777511967e-04
3.948453234470271963e-04
3.949559204104482178e-04
3.950658065958392189e-04
3.951749855286902126e-04
3.952833215761392149e-04
3.953909726205481951e-04
3.954979634488302353e-04
3.956040638382322017e-04
3.957094170007512059e-04
3.958139107976371934e-04
3.959178156870022335e-04
3.960209403294492002e-04
3.961232269662262107e-04
3.962247941743352151e-04
3.963258212002582367e-04
3.964261881062931987e-04
3.965256129267632199e-04
3.966243752847982353e-04
3.967224636791972115e-04
3.968198684601562435e-04
3.969166783420872329e-04
3.970127892232322040e-04
3.971081436060121934e-04
3.972028369165142092e-04
3.972969183706472149e-04
3.973902974326112164e-04
3.974830518213222060e-04
3.975752836096372407e-04
3.976666556766392008e-04
3.977575133710222269e-04
3.978474435138402380e-04
3.979367802655321912e-04
3.980254913829142150e-04
3.981135895031022182e-04
3.982013884199732054e-04
3.982883280703842328e-04
3.983746255823362092e-04
3.984601795983022166e-04
3.985453120101752240e-04
3.986297895774702001e-04
3.987133498941362094e-04
3.987966345310611934e-04
3.988793007182612062e-04
3.989614676327171944e-04
3.990429103526782289e-04
3.991237363292872366e-04
3.992041440310021942e-04
3.992838596861502352e-04
3.993628216928652276e-04
3.994412380345451993e-04
3.995192082113261994e-04
3.995965845604082176e-04
3.996735571972582428e-04
3.997498889911591945e-04
3.998256454351392284e-04
3.999008982272222188e-04
3.999756475222032335e-04
4.000497605308602172e-04
4.001234004730532152e-04
4.001964954228372099e-04
4.002690560539032445e-04
4.003410036089442197e-04
4.004124793343902147e-04
4.004836732646822124e-04
4.005541755803921993e-04
4.006241557154812316e-04
4.006936430485182228e-04
4.007626525681012093e-04
4.008310481633411927e-04
4.008990314121742109e-04
4.009664093642851960e-04
4.010334192324841980e-04
4.011000846688052160e-04
4.011661157135312057e-04
4.012318189433872195e-04
4.012969518892752353e-04
4.013616860730382058e-04
4.014259310328112439e-04
4.014896774938112056e-04
4.015528914431902140e-04
4.016156935415432288e-04
4.016781180566172016e-04
4.017400558458932166e-04
4.018015581581142076e-04
4.018626231598882294e-04
4.019232401725592431e-04
4.019834264322502053e-04
4.020433848679322146e-04
4.021027396596262384e-04
4.021618951169242135e-04
4.022201955257412222e-04
4.022781029159372196e-04
4.023355407558742449e-04
4.023927173873222411e-04
4.024494981485462119e-04
4.025058602217122176e-04
4.025614839538672256e-04
4.026172898752282295e-04
4.026724323376602160e-04
4.027271404492662257e-04
4.027816243436161997e-04
4.028356697418432439e-04
4.028892839069282109e-04
4.029425064876632169e-04
4.029954210068302143e-04
4.030480600962862178e-04
4.031001600702941909e-04
4.031517963800652221e-04
4.032033796579492118e-04
4.032544477931972421e-04
4.033049881906642254e-04
4.033552532919442118e-04
