-6.418753380470538783e-01
-6.419435334724639119e-01
-6.420224704688040074e-01
-6.421117058886138818e-01
-6.422114604971438379e-01
-6.423217884253940024e-01
-6.424430956820539329e-01
-6.425751383363438318e-01
-6.427186657622339094e-01
-6.428728848098239634e-01
-6.430381425064539691e-01
-6.432147019049838654e-01
-6.434026110760338035e-01
-6.436017359923940084e-01
-6.438123743162238455e-01
-6.440348634209638323e-01
-6.442692397314138120e-01
-6.445154697193038462e-01
-6.447739149935338698e-01
-6.450445377292339799e-01
-6.453263263713939768e-01
-6.456215484892138257e-01
-6.459295425608138075e-01
-6.462504344625938923e-01
-6.465838963848740129e-01
-6.469306773837739666e-01
-6.472903470317639130e-01
-6.476631547993738636e-01
-6.480497912915139658e-01
-6.484507876804639359e-01
-6.488648058064339086e-01
-6.492928218482438840e-01
-6.497350726545139121e-01
-6.501914781937339072e-01
-6.506625766379738884e-01
-6.511482450652339438e-01
-6.516489924314838866e-01
-6.521649098695039282e-01
-6.526960333159639305e-01
-6.532427612504838610e-01
-6.538051886830038573e-01
-6.543837638568339443e-01
-6.549784364709638762e-01
-6.555895147820538504e-01
-6.562173370804238459e-01
-6.568624403766338826e-01
-6.575246875641238553e-01
-6.582042865497439443e-01
-6.589015752689639793e-01
-6.596171602957738855e-01
-6.603511214306738708e-01
-6.611036048562939360e-01
-6.618750407764839583e-01
-6.626658928305739771e-01
-6.634761823563239957e-01
-6.643065505535039605e-01
-6.651573199335538700e-01
-6.660286548273439688e-01
-6.669210742765738775e-01
-6.678351142878038438e-01
-6.687708864613339799e-01
-6.697290484490139306e-01
-6.707097271212039136e-01
-6.717135238135538700e-01
-6.727407039570838521e-01
-6.737921179315939924e-01
-6.748680733319138980e-01
-6.759689363580039245e-01
-6.770953559677639344e-01
-6.782481716990638176e-01
-6.794273796040439795e-01
-6.806336097507839078e-01
-6.818676404301238225e-01
-6.831300308763039730e-01
-6.844214279938338752e-01
-6.857424101625237967e-01
-6.870935317756539096e-01
-6.884757435699440098e-01
-6.898896444451338983e-01
-6.913359998929338168e-01
-6.928156028976939496e-01
-6.943291828384339226e-01
-6.958776289100938595e-01
-6.974618536509238353e-01
-6.990826537896439596e-01
-7.007409244473139509e-01
-7.024377999468338629e-01
-7.041740903114939165e-01
-7.059511945890739604e-01
-7.077698867235238112e-01
-7.096313526523838622e-01
-7.115368712376339833e-01
-7.134877259827139273e-01
-7.154852423606039569e-01
-7.175307463857938384e-01
-7.196254362718639275e-01
-7.217707598697238325e-01
-7.239685288205039981e-01
-7.262201050900538579e-01
-7.285273177155739965e-01
-7.308918506203838650e-01
-7.333153597480139840e-01
-7.358007429184838522e-01
-7.383487715965539877e-01
-7.409617070985339282e-01
-7.436424455497538943e-01
-7.463930904378039966e-01
-7.492158385549239075e-01
-7.521135221286938677e-01
-7.550886797146338925e-01
-7.581442791294339401e-01
-7.612834243654538202e-01
-7.645090557237239626e-01
-7.678246712628840065e-01
-7.712332214287938026e-01
-7.747395384994539835e-01
-7.783470910143639454e-01
-7.820604871885639131e-01
-7.858832629445537954e-01
-7.898212494194039035e-01
-7.938789219589239554e-01
-7.980621005215138286e-01
-8.023761073272939193e-01
-8.068274074461139200e-01
-8.114224538415037991e-01
-8.161679792729539251e-01
-8.210719613686539020e-01
-8.261423139075338984e-01
-8.313875613627439431e-01
-8.368167546326339412e-01
-8.424406169954639090e-01
-8.482696927589239433e-01
-8.543156719173639058e-01
-8.605911321154438021e-01
-8.671103213947239929e-01
-8.738878735029338429e-01
-8.809401713040139192e-01
-8.882849726573438520e-01
-8.959419197181339722e-01
-9.039322005439738295e-01
-9.122798174285138284e-01
-9.210100244970538252e-01
-9.301518407624038698e-01
-9.397366987355739720e-01
-9.497997391133639056e-01
-9.603808280573038481e-01
-9.715235557944028599e-01
-9.832773419789139213e-01
-9.956976851864508538e-01
-1.008847173393689012e+00
-1.022797118576122877e+00
-1.037628129729189830e+00
-1.053432875532566815e+00
-1.070317388087799859e+00
-1.088404278832368011e+00
-1.107834781662641932e+00
-1.128772800984456870e+00
-1.151409039226706899e+00
-1.175965654414286021e+00
-1.202700280638921981e+00
-1.231912935164823919e+00
-1.263945752780395004e+00
-1.299182455287291038e+00
-1.338038459629435906e+00
-1.380930604547709883e+00
-1.428221533277648891e+00
-1.480108887921635974e+00
-1.536435953082323946e+00
-1.596402653667287952e+00
-1.658216831503082966e+00
-1.718887964430008797e+00
-1.774541505706234812e+00
-1.821512017902372937e+00
-1.857744762344054834e+00
-1.883428635277602403e+00
-1.900406552260322401e+00
-1.911060993837347732e+00
-1.917510070237842035e+00
-1.921318626701562282e+00
-1.923528408664949341e+00
-1.924792300383545651e+00
-1.925505439709346511e+00
-1.925901907120469270e+00
-1.926118804262448414e+00
-1.926235647016986130e+00
-1.926298306394499615e+00
-1.926333178974954041e+00
-1.926355228930734631e+00
-1.926372866137006090e+00
-1.926390960739710945e+00
-1.926412131854047249e+00
-1.926437843008261597e+00
-1.926468858237607940e+00
-1.926505475667526834e+00
-1.926547925854858789e+00
-1.926596353154251817e+00
-1.926650913629304407e+00
-1.926711731420366114e+00
-1.926778992152936354e+00
-1.926852926340795413e+00
-1.926933188642264039e+00
-1.927021881699655603e+00
-1.927134735462214365e+00
-1.927268905289172496e+00
-1.927420152184746271e+00
-1.927586525298645936e+00
-1.927767434122651391e+00
-1.927963446113145185e+00
-1.928175426623188971e+00
-1.928404695002406521e+00
-1.928653002578083475e+00
-1.928922791435086603e+00
-1.929216958864158116e+00
-1.929538820425445333e+00
-1.929892500559285073e+00
-1.930282867729107510e+00
-1.930715717763672234e+00
-1.931197705316173963e+00
-1.931736550343614800e+00
-1.932340326746040171e+00
-1.933016521497614715e+00
-1.933769824162234086e+00
-1.934597412064825717e+00
-1.935481558886722464e+00
-1.936382546226815382e+00
-1.937239865099572356e+00
-1.937989610344587277e+00
-1.938590043857185252e+00
-1.939034282436944645e+00
-1.939342343667260105e+00
-1.939545477034793075e+00
-1.939674258947001073e+00
-1.939753352067935754e+00
-1.939800652752101007e+00
-1.939828218908850266e+00
-1.939843792220448560e+00
-1.939852306345352995e+00
-1.939856767356501477e+00
-1.939858895047700926e+00
-1.939859711753848526e+00
-1.939859915075452523e+00
-1.939859906229296715e+00
-1.939859819613486192e+00
-1.939859723836118377e+00
-1.939859677480005207e+00
-1.939859697622203782e+00
-1.939859795753549498e+00
-1.939859994916424357e+00
-1.939860270819367516e+00
-1.939860599438467004e+00
-1.939860980947175406e+00
-1.939861430964915145e+00
-1.939861945075334493e+00
-1.939862535039703628e+00
-1.939863108507994260e+00
-1.939863675204257509e+00
-1.939864251095663628e+00
-1.939864864797008037e+00
-1.939865477201801580e+00
-1.939866129964753050e+00
-1.939866785009846106e+00
-1.939867379191720698e+00
-1.939867962952537717e+00
-1.939868495506025470e+00
-1.939869100725853501e+00
-1.939869727643606323e+00
-1.939870281440461808e+00
-1.939870776070947489e+00
-1.939871209070543001e+00
-1.939871627138804566e+00
-1.939872050832292860e+00
-1.939872498773975495e+00
-1.939872925813358906e+00
-1.939873232979226758e+00
-1.939873526859219544e+00
-1.939873792512313511e+00
-1.939874055478732817e+00
-1.939874343787341360e+00
-1.939874613143337756e+00
-1.939874830544132012e+00
-1.939875055157322725e+00
-1.939875285650960013e+00
-1.939875486051103604e+00
-1.939875698786773572e+00
-1.939875938212747064e+00
-1.939876156463511858e+00
-1.939876302303338296e+00
-1.939876426569443479e+00
-1.939876446845767433e+00
-1.939876456806417515e+00
-1.939876543338528991e+00
-1.939876614166976765e+00
-1.939876678734067772e+00
-1.939876792820101947e+00
-1.939876902099571643e+00
-1.939876940984375686e+00
-1.939876950900039976e+00
-1.939876931502241941e+00
-1.939876856587682052e+00
-1.939876767853669248e+00
-1.939876670784433488e+00
-1.939876563220314765e+00
-1.939876468480976168e+00
-1.939876358939750745e+00
-1.939876198450859901e+00
-1.939876044014450462e+00
-1.939875884209314449e+00
-1.939875730438591628e+00
-1.939875572911535118e+00
-1.939875444906183466e+00
-1.939875287671994908e+00
-1.939875156696240444e+00
-1.939875021759304818e+00
-1.939874879795927987e+00
-1.939874732701490911e+00
-1.939874557382126552e+00
-1.939874359676727389e+00
-1.939874111551774138e+00
-1.939873829899791513e+00
-1.939873546931905501e+00
-1.939873181785500833e+00
-1.939872811661432994e+00
-1.939872488679531104e+00
-1.939872157268209607e+00
-1.939871781241970794e+00
-1.939871387654084067e+00
-1.939870964696151612e+00
-1.939870581302885144e+00
-1.939870215658401564e+00
-1.939869867749578702e+00
-1.939869444755947026e+00
-1.939869032832462370e+00
-1.939868656522254931e+00
-1.939868277832428323e+00
-1.939867865489909748e+00
-1.939867403225468134e+00
-1.939866915655292567e+00
-1.939866411282086034e+00
-1.939865878909410091e+00
-1.939865360021121088e+00
-1.939864833322198834e+00
-1.939864267416557819e+00
-1.939863744671348478e+00
-1.939863249520539679e+00
-1.939862740861592716e+00
-1.939862228267203559e+00
-1.939861671726286207e+00
-1.939861089213251066e+00
-1.939860498136255051e+00
-1.939859860927219959e+00
-1.939859202251286385e+00
-1.939858568520000270e+00
-1.939857983813455977e+00
-1.939857419054034526e+00
-1.939856823418483645e+00
-1.939856232904590305e+00
-1.939855644701508064e+00
-1.939855097503495829e+00
-1.939854591124292815e+00
-1.939854026323384995e+00
-1.939853377052943806e+00
-1.939852702912527649e+00
-1.939852007014173818e+00
-1.939851322426303648e+00
-1.939850645990387479e+00
-1.939849989927112439e+00
-1.939849333595674796e+00
-1.939848675076978779e+00
-1.939847999807119194e+00
-1.939847193273685377e+00
-1.939846436175922895e+00
-1.939845790850537544e+00
-1.939845162621355756e+00
-1.939844506968551263e+00
-1.939843819541504866e+00
-1.939843271378389078e+00
-1.939842753233344874e+00
-1.939842176276196595e+00
-1.939841514880482842e+00
-1.939840835397010244e+00
-1.939840154229734992e+00
-1.939839553956365981e+00
-1.939838982796080025e+00
-1.939838279452478220e+00
-1.939837466971037649e+00
-1.939836661618717262e+00
-1.939835972486968485e+00
-1.939835298139274800e+00
-1.939834591337853631e+00
-1.939833880004198763e+00
-1.939833188223638594e+00
-1.939832475392040401e+00
-1.939831768449015392e+00
-1.939831047169413347e+00
-1.939830333754371638e+00
-1.939829645217154619e+00
-1.939828931434912418e+00
-1.939828218033153195e+00
-1.939827529777324200e+00
-1.939826787572729527e+00
-1.939826060973650401e+00
-1.939825327536661037e+00
-1.939824527630625184e+00
-1.939823739203114128e+00
-1.939823018846442482e+00
-1.939822334007259119e+00
-1.939821608237636275e+00
-1.939820876127723359e+00
-1.939820162453355312e+00
-1.939819447174743194e+00
-1.939818705154165768e+00
-1.939817967284369615e+00
-1.939817257583396959e+00
-1.939816520139928668e+00
-1.939815700930465070e+00
-1.939814862254388261e+00
-1.939814076593252556e+00
-1.939813224190588770e+00
-1.939812376736698152e+00
-1.939811535874064186e+00
-1.939810667186304682e+00
-1.939809620946460811e+00
-1.939808383079345333e+00
-1.939806870210108114e+00
-1.939805068672641131e+00
-1.939802983493907007e+00
-1.939800650127617487e+00
-1.939798027232948252e+00
-1.939795169885804471e+00
-1.939792156800401512e+00
-1.939789020122979712e+00
-1.939785927196431503e+00
-1.939782685812409424e+00
-1.939779245875364433e+00
-1.939775613963077294e+00
-1.939771733680061727e+00
-1.939767684341681564e+00
-1.939763579315683106e+00
-1.939759449991820706e+00
-1.939755294838727995e+00
-1.939751115813497018e+00
-1.939746925442712211e+00
-1.939742679267911329e+00
-1.939738380321093025e+00
-1.939734062110625601e+00
-1.939729701242615567e+00
-1.939725253016658657e+00
-1.939720828355307347e+00
-1.939716484692966647e+00
-1.939712230187456088e+00
-1.939708014133938230e+00
-1.939703790306713582e+00
-1.939699637030704249e+00
-1.939695644400946772e+00
-1.939691800616613282e+00
-1.939688035342172601e+00
-1.939684298457907685e+00
-1.939680572447634699e+00
-1.939676864701970649e+00
-1.939673258935898259e+00
-1.939669749989913372e+00
-1.939666327646046184e+00
-1.939663030214492823e+00
-1.939659837402012421e+00
-1.939656734062550125e+00
-1.939653733551981007e+00
-1.939650830494338951e+00
-1.939647999031284042e+00
-1.939645207637837432e+00
-1.939642486780634778e+00
-1.939639799363777284e+00
-1.939637198661698703e+00
-1.939634679814262963e+00
-1.939632294122353828e+00
-1.939630056809909853e+00
-1.939627889339370359e+00
-1.939625763059177777e+00
-1.939623689614734525e+00
-1.939621683354125770e+00
-1.939619777027558056e+00
-1.939617908501067856e+00
-1.939616070502181655e+00
-1.939614251363635189e+00
-1.939612457100081677e+00
-1.939610723619154431e+00
-1.939609116322357218e+00
-1.939607571555861387e+00
-1.939606028470552079e+00
-1.939604370061926764e+00
-1.939602738116860570e+00
-1.939601200561401395e+00
-1.939599718859129407e+00
-1.939598393898099626e+00
-1.939597168272978234e+00
-1.939595930464737883e+00
-1.939594708400856238e+00
-1.939593566292867166e+00
-1.939592481418529246e+00
-1.939591417255955408e+00
-1.939590360341861164e+00
-1.939589381931959178e+00
-1.939588444870650630e+00
-1.939587498860263270e+00
-1.939586560234297652e+00
-1.939585627326063211e+00
-1.939584720757776770e+00
-1.939583849134273841e+00
-1.939582947916705713e+00
-1.939582036077032168e+00
-1.939581198808605800e+00
-1.939580412550116817e+00
-1.939579690205776030e+00
-1.939578988131496429e+00
-1.939578286166285359e+00
-1.939577598143328530e+00
-1.939576914795294815e+00
-1.939576223855427495e+00
-1.939575547481328321e+00
-1.939574899535546404e+00
-1.939574296918335383e+00
-1.939573742337343809e+00
-1.939573159273340952e+00
-1.939572580189451667e+00
-1.939571990843134808e+00
-1.939571395017749111e+00
-1.939570855013889261e+00
-1.939570317987517223e+00
-1.939569685327444226e+00
-1.939569049573103499e+00
-1.939568490927738198e+00
-1.939567946930466302e+00
-1.939567408895638279e+00
-1.939566914737476111e+00
-1.939566399491941873e+00
-1.939565888422514650e+00
-1.939565405860989911e+00
-1.939564941235086160e+00
-1.939564465345665178e+00
-1.939563984622837411e+00
-1.939563477957217508e+00
-1.939562975749958840e+00
-1.939562638257500415e+00
-1.939562328661733392e+00
-1.939561979874752540e+00
-1.939561584289467566e+00
-1.939561167340028369e+00
-1.939560763399406307e+00
-1.939560405335001958e+00
-1.939560079854328434e+00
-1.939559769482535057e+00
-1.939559474806350492e+00
-1.939559204103004753e+00
-1.939558909257312447e+00
-1.939558580936952215e+00
-1.939558206903018611e+00
-1.939557812191400110e+00
-1.939557421110494007e+00
-1.939557044960632748e+00
-1.939556681178371544e+00
-1.939556304570565937e+00
-1.939555895551762443e+00
-1.939555495720355793e+00
-1.939555143759662315e+00
-1.939554784432412804e+00
-1.939554458203314846e+00
-1.939554154590096280e+00
-1.939553889915405893e+00
-1.939553614206788623e+00
-1.939553302360977449e+00
-1.939553024184877295e+00
-1.939552757611593847e+00
-1.939552488668618402e+00
-1.939552225861921553e+00
-1.939551945922860510e+00
-1.939551688514053573e+00
-1.939551441884610705e+00
-1.939551267855157635e+00
-1.939551097571925009e+00
-1.939550953434773017e+00
-1.939550797073174682e+00
-1.939550648845335123e+00
-1.939550518379519195e+00
-1.939550379681780790e+00
-1.939550203366048109e+00
-1.939550035844460174e+00
-1.939549898096648572e+00
-1.939549726213438907e+00
-1.939549592290910507e+00
-1.939549457404396549e+00
-1.939549264696337261e+00
-1.939549001150385976e+00
-1.939548762129014392e+00
-1.939548572577440400e+00
-1.939548342270035253e+00
-1.939548205331247166e+00
-1.939548198143731916e+00
-1.939548181101819146e+00
-1.939548118587410386e+00
-1.939548008707347782e+00
-1.939547816741184150e+00
-1.939547609917216642e+00
-1.939547432717247721e+00
-1.939547284603192034e+00
-1.939547124479363616e+00
-1.939546939539694703e+00
-1.939546748967650114e+00
-1.939546548283264782e+00
-1.939546297533627062e+00
-1.939546053825492500e+00
-1.939545857199418633e+00
-1.939545724317711883e+00
-1.939545626493922814e+00
-1.939545517895619797e+00
-1.939545412519354972e+00
-1.939545296756226556e+00
-1.939545128341504610e+00
-1.939544950099880039e+00
-1.939544787844738050e+00
-1.939544670706364604e+00
-1.939544555750219557e+00
-1.939544429443349705e+00
-1.939544337135757246e+00
-1.939544284020720211e+00
-1.939544199722364581e+00
-1.939544046426650681e+00
-1.939543910305617569e+00
-1.939543812035883885e+00
-1.939543722059309472e+00
-1.939543628885983972e+00
-1.939543501195081898e+00
-1.939543337584511695e+00
-1.939543175687463039e+00
-1.939543022454545351e+00
-1.939542852184225064e+00
-1.939542669843534961e+00
-1.939542473083664342e+00
-1.939542216227443161e+00
-1.939541958567327917e+00
-1.939541691894226094e+00
-1.939541481571306347e+00
-1.939541340535708258e+00
-1.939541231885892447e+00
-1.939541136143483557e+00
-1.939540942974723681e+00
-1.939540701751506280e+00
-1.939540475816037501e+00
-1.939540302467345212e+00
-1.939540125338752086e+00
-1.939539926833991013e+00
-1.939539820074705823e+00
-1.939539726189491775e+00
-1.939539591893056691e+00
-1.939539406996575011e+00
-1.939539215778751657e+00
-1.939539054219754144e+00
-1.939538867774918574e+00
-1.939538673719242157e+00
-1.939538551131417154e+00
-1.939538500320209913e+00
-1.939538457078519018e+00
-1.939538410737107199e+00
-1.939538322186127761e+00
-1.939538208477066039e+00
-1.939538103171194683e+00
-1.939537996301938128e+00
-1.939537870614396198e+00
-1.939537758214417984e+00
-1.939537654011390666e+00
-1.939537550338355842e+00
-1.939537453901280406e+00
-1.939537392971753871e+00
-1.939537357865209977e+00
-1.939537260530160401e+00
-1.939537139204377647e+00
-1.939537038851367301e+00
-1.939536951369485118e+00
-1.939536864854946474e+00
-1.939536812611450500e+00
-1.939536779241234798e+00
-1.939536781680482491e+00
-1.939536792928435283e+00
-1.939536749071778532e+00
-1.939536694606139422e+00
-1.939536615362899008e+00
-1.939536526187720211e+00
-1.939536426453460916e+00
-1.939536315719848414e+00
-1.939536213391488628e+00
-1.939536145933651534e+00
-1.939536101269430102e+00
-1.939536041973838332e+00
-1.939535972480913584e+00
-1.939535899991563062e+00
-1.939535822568252188e+00
-1.939535744360972203e+00
-1.939535666280372439e+00
-1.939535523543728379e+00
-1.939535356641081121e+00
-1.939535133405122735e+00
-1.939534965858179971e+00
-1.939534900083466074e+00
-1.939534911644685611e+00
-1.939534935625805145e+00
-1.939534937717257934e+00
-1.939534927459506397e+00
-1.939535014485367137e+00
-1.939535044245668693e+00
-1.939535018367882779e+00
-1.939535014275576952e+00
-1.939534979417973926e+00
-1.939534909801139628e+00
-1.939534839494882146e+00
-1.939534777988681791e+00
-1.939534700311874582e+00
-1.939534567075638316e+00
-1.939534428727168303e+00
-1.939534341613803115e+00
-1.939534204631151670e+00
-1.939534024311248217e+00
-1.939533889582414350e+00
-1.939533783816710821e+00
