-4.988343056166879563e-01
-4.988964103382780291e-01
-4.989644601086180575e-01
-4.990386372426180994e-01
-4.991192212640480630e-01
-4.992059375893580508e-01
-4.992987321497379671e-01
-4.993977509386480218e-01
-4.995033560597079703e-01
-4.996147965520580936e-01
-4.997327521059879984e-01
-4.998570237766279956e-01
-4.999877062712780873e-01
-5.001245580874080776e-01
-5.002681650690379289e-01
-5.004180769577579735e-01
-5.005745096587579379e-01
-5.007374913211779521e-01
-5.009071466618679747e-01
-5.010832957568680524e-01
-5.012661768325479272e-01
-5.014555747019080467e-01
-5.016518326850178955e-01
-5.018543204909080568e-01
-5.020641471736879691e-01
-5.022807752188480634e-01
-5.025043011813279392e-01
-5.027347104260480037e-01
-5.029722902031379395e-01
-5.032174175785479875e-01
-5.034692542491581158e-01
-5.037284068612279953e-01
-5.039946096461180858e-01
-5.042681064272480640e-01
-5.045488103517881129e-01
-5.048366337372280910e-01
-5.051322968102480715e-01
-5.054348727140280939e-01
-5.057454941488379596e-01
-5.060638853965080397e-01
-5.063900424040579384e-01
-5.067242275913579341e-01
-5.070659739763581086e-01
-5.074156044027080537e-01
-5.077732750603081158e-01
-5.081387127108178969e-01
-5.085121735751680916e-01
-5.088940707867879443e-01
-5.092844007772980852e-01
-5.096829218526779393e-01
-5.100900444797480393e-01
-5.105057245220980811e-01
-5.109302194631180072e-01
-5.113631140739580694e-01
-5.118048871432780977e-01
-5.122553833906779985e-01
-5.127150901758981139e-01
-5.131839043837380654e-01
-5.136617294110878973e-01
-5.141489627338879931e-01
-5.146455524897179945e-01
-5.151517047935381122e-01
-5.156674454190979251e-01
-5.161928045749180072e-01
-5.167279146203580531e-01
-5.172729703107379340e-01
-5.178281113296379079e-01
-5.183933176229880146e-01
-5.189689687009180208e-01
-5.195552471206981160e-01
-5.201521192707379004e-01
-5.207594899764180774e-01
-5.213776564358079124e-01
-5.220068452293979977e-01
-5.226471364702880429e-01
-5.232987750995479193e-01
-5.239617902646180880e-01
-5.246361624681679103e-01
-5.253223923739080981e-01
-5.260207292912879584e-01
-5.267312385411579978e-01
-5.274535773473680855e-01
-5.281884766368480921e-01
-5.289358926683380702e-01
-5.296963213414980221e-01
-5.304694119260280338e-01
-5.312557571006479851e-01
-5.320555691567780965e-01
-5.328687733645680602e-01
-5.336957285287380337e-01
-5.345365655067979560e-01
-5.353916454723179896e-01
-5.362609486603679976e-01
-5.371450731024680625e-01
-5.380440580461580691e-01
-5.389581760533779242e-01
-5.398876299855679406e-01
-5.408325572378780421e-01
-5.417934377254980394e-01
-5.427705009795180668e-01
-5.437640659377080965e-01
-5.447741781788280058e-01
-5.458013969442478963e-01
-5.468460600532580873e-01
-5.479084180187079323e-01
-5.489886637756280496e-01
-5.500870075711579155e-01
-5.512041772471480972e-01
-5.523402619071080544e-01
-5.534955326211981053e-01
-5.546706884044581010e-01
-5.558659816824980116e-01
-5.570817309565179176e-01
-5.583183828243780678e-01
-5.595762284627980865e-01
-5.608559169553479773e-01
-5.621577867855280797e-01
-5.634818132325580819e-01
-5.648304312368779279e-01
-5.662016650536880746e-01
-5.675968620576679058e-01
-5.690167078795380640e-01
-5.704617959759679113e-01
-5.719326107862880981e-01
-5.734297651321580425e-01
-5.749537165603579858e-01
-5.765052186018579938e-01
-5.780848166514780395e-01
-5.796932906840879252e-01
-5.813310345451880856e-01
-5.829991808505579076e-01
-5.846983132308580799e-01
-5.864290398140179494e-01
-5.881921770143880845e-01
-5.899885513962179751e-01
-5.918190855290978991e-01
-5.936846658722580994e-01
-5.955863380200681068e-01
-5.975247525655080771e-01
-5.995007030792780522e-01
-6.015154809376979106e-01
-6.035703819396081027e-01
-6.056666240453179029e-01
-6.078049091844479612e-01
-6.099862297223079821e-01
-6.122126060046080287e-01
-6.144847830117279308e-01
-6.168043477024180987e-01
-6.191721422988178958e-01
-6.215902941624080746e-01
-6.240605776291079376e-01
-6.265845551363879995e-01
-6.291636460640779305e-01
-6.317995048800979507e-01
-6.344943652791479316e-01
-6.372502826360579853e-01
-6.400688608571880600e-01
-6.429528688264380953e-01
-6.459042206245779738e-01
-6.489254900923679958e-01
-6.520189507637679238e-01
-6.551873484981480811e-01
-6.584334375813980511e-01
-6.617604588467280724e-01
-6.651702876433180922e-01
-6.686664007598979165e-01
-6.722520204981980996e-01
-6.759311530610379037e-01
-6.797062527244079888e-01
-6.835816334645279380e-01
-6.875615747552981105e-01
-6.916509922518780940e-01
-6.958542502408180397e-01
-7.001762873971180134e-01
-7.046227613016580182e-01
-7.091993387381179126e-01
-7.139135696456979652e-01
-7.187702312018080519e-01
-7.237761377775080440e-01
-7.289393756716779915e-01
-7.342679342691280642e-01
-7.397706115264079951e-01
-7.454565795833481001e-01
-7.513361680474979210e-01
-7.574195749349479367e-01
-7.637188223820881028e-01
-7.702464354081479669e-01
-7.770162547566779043e-01
-7.840430123870079093e-01
-7.913432329162979340e-01
-7.989343375601078989e-01
-8.068362804314679337e-01
-8.150697623521681034e-01
-8.236588212581981150e-01
-8.326295230254880941e-01
-8.420103922809281105e-01
-8.518330044999580242e-01
-8.621335378954479989e-01
-8.729510758532479375e-01
-8.843304178090780621e-01
-8.963210543327180257e-01
-9.089797762867479758e-01
-9.223705318450479140e-01
-9.365665061598680285e-01
-9.516509007751781102e-01
-9.677202841552170476e-01
-9.848865233841459510e-01
-1.003278353812194101e+00
-1.023047466128218952e+00
-1.044371450307163052e+00
-1.067460652655088049e+00
-1.092565849693312163e+00
-1.119985838112951049e+00
-1.150079162439444858e+00
-1.183274901700745119e+00
-1.220085547403735982e+00
-1.261113686490221042e+00
-1.307047797277067991e+00
-1.358630738436664043e+00
-1.416569629102018890e+00
-1.481325782874673980e+00
-1.552677825384587873e+00
-1.628973942226769944e+00
-1.706233859618198068e+00
-1.777991557561302116e+00
-1.837260524233889969e+00
-1.880155051898988683e+00
-1.907642821982245440e+00
-1.923696620559828929e+00
-1.932519205198796497e+00
-1.937196543228913770e+00
-1.939626873014536734e+00
-1.940875407221690052e+00
-1.941512172917954748e+00
-1.941834785549616305e+00
-1.941996729590569570e+00
-1.942076663709858098e+00
-1.942114761424353464e+00
-1.942131496661922974e+00
-1.942137333913256825e+00
-1.942137564344121881e+00
-1.942134879469051389e+00
-1.942130723639152290e+00
-1.942125828216785699e+00
-1.942120530651771260e+00
-1.942115012793776740e+00
-1.942109316305537847e+00
-1.942103487656006822e+00
-1.942097595681500977e+00
-1.942091677429898189e+00
-1.942085703553792841e+00
-1.942079696177199333e+00
-1.942073612536842298e+00
-1.942067443941429383e+00
-1.942061226200581192e+00
-1.942054940057029500e+00
-1.942048566011688404e+00
-1.942042211569144028e+00
-1.942035842133450041e+00
-1.942029435322583986e+00
-1.942022959374364532e+00
-1.942016391563478050e+00
-1.942009774333928851e+00
-1.942003115831523408e+00
-1.941996357435014309e+00
-1.941989553410984781e+00
-1.941982709273711860e+00
-1.941975802315895949e+00
-1.941968901250562540e+00
-1.941961942396063678e+00
-1.941954919298220394e+00
-1.941947881468080395e+00
-1.941940764622133164e+00
-1.941933595344377927e+00
-1.941926377953195004e+00
-1.941919066807023198e+00
-1.941911692110818377e+00
-1.941904290289405033e+00
-1.941896820556983982e+00
-1.941889266862334207e+00
-1.941881665758750097e+00
-1.941874012416380690e+00
-1.941866285728622188e+00
-1.941858484013397446e+00
-1.941850686743614496e+00
-1.941842850450989033e+00
-1.941834990924626858e+00
-1.941827109384331784e+00
-1.941819180990472349e+00
-1.941811227237909554e+00
-1.941803231091877358e+00
-1.941795165267435896e+00
-1.941787035388125027e+00
-1.941778828426264703e+00
-1.941770615536619005e+00
-1.941762402691659117e+00
-1.941754174983109094e+00
-1.941745851111399856e+00
-1.941737427334193189e+00
-1.941728975923191935e+00
-1.941720532896504370e+00
-1.941712017944523305e+00
-1.941703393481460704e+00
-1.941694684518215697e+00
-1.941685908195881050e+00
-1.941677078796478551e+00
-1.941668229707076199e+00
-1.941659321766385560e+00
-1.941650367656778453e+00
-1.941641421238860854e+00
-1.941632478697258746e+00
-1.941623571990570563e+00
-1.941614547310899663e+00
-1.941605417377440190e+00
-1.941596225330603609e+00
-1.941586989218514026e+00
-1.941577733846116205e+00
-1.941568403558362021e+00
-1.941558985166200069e+00
-1.941549538434078848e+00
-1.941540007321808314e+00
-1.941530349928518806e+00
-1.941520666732481359e+00
-1.941510987186562343e+00
-1.941501287626046901e+00
-1.941491577936994117e+00
-1.941481800755587184e+00
-1.941471961341777908e+00
-1.941462115493592266e+00
-1.941452249859555224e+00
-1.941442316179777805e+00
-1.941432305884223997e+00
-1.941422256214283104e+00
-1.941412148542186245e+00
-1.941402004082205313e+00
-1.941391811224172148e+00
-1.941381553547633532e+00
-1.941371238258768894e+00
-1.941360902692073065e+00
-1.941350509079875275e+00
-1.941340002806461573e+00
-1.941329468254158419e+00
-1.941318910873129688e+00
-1.941308308958191287e+00
-1.941297667362887891e+00
-1.941287024940749895e+00
-1.941276347513024358e+00
-1.941265633035517579e+00
-1.941254898306887577e+00
-1.941244132046618942e+00
-1.941233335611316502e+00
-1.941222495363559286e+00
-1.941211625220313985e+00
-1.941200705151197470e+00
-1.941189711520199035e+00
-1.941178629471920436e+00
-1.941167457564646925e+00
-1.941156283437799779e+00
-1.941145069305150184e+00
-1.941133798211152062e+00
-1.941122491716946730e+00
-1.941111130368851301e+00
-1.941099737719983009e+00
-1.941088259531632554e+00
-1.941076762280221857e+00
-1.941065248433457402e+00
-1.941053671604542785e+00
-1.941042053898387465e+00
-1.941030394143442805e+00
-1.941018702555323161e+00
-1.941007015497904664e+00
-1.940995300969533544e+00
-1.940983514095914853e+00
-1.940971576550548194e+00
-1.940959584178430175e+00
-1.940947600786076199e+00
-1.940935587933487083e+00
-1.940923508434513778e+00
-1.940911369407280818e+00
-1.940899182447346716e+00
-1.940886946780761679e+00
-1.940874672593610351e+00
-1.940862359958117622e+00
-1.940849999626378164e+00
-1.940837613075577339e+00
-1.940825165150566578e+00
-1.940812682979441428e+00
-1.940800143956213031e+00
-1.940787561753280599e+00
-1.940774940773927426e+00
-1.940762297939045311e+00
-1.940749632601482588e+00
-1.940736870380278534e+00
-1.940724048077810737e+00
-1.940711207059735433e+00
-1.940698342780344365e+00
-1.940685451755411739e+00
-1.940672495591364122e+00
-1.940659495688999758e+00
-1.940646469267866214e+00
-1.940633359776187783e+00
-1.940620181701500746e+00
-1.940606964066675211e+00
-1.940593701314638153e+00
-1.940580411449283060e+00
-1.940567093077263827e+00
-1.940553675497176611e+00
-1.940540197381240617e+00
-1.940526703319735535e+00
-1.940513198837224174e+00
-1.940499679043988346e+00
-1.940486133865421792e+00
-1.940472588529759790e+00
-1.940458996845292994e+00
-1.940445280116093851e+00
-1.940431469291377775e+00
-1.940417638738949568e+00
-1.940403883020377362e+00
-1.940390057224590903e+00
-1.940376069085093746e+00
-1.940362095607546244e+00
-1.940348207523064472e+00
-1.940334484301243778e+00
-1.940320943486174787e+00
-1.940307636189190665e+00
-1.940294584099959918e+00
-1.940281818832309435e+00
-1.940269419213662916e+00
-1.940257308445454854e+00
-1.940245470829272678e+00
-1.940233895874216463e+00
-1.940222775829684165e+00
-1.940211985532697581e+00
-1.940201385560182068e+00
-1.940190999702886998e+00
-1.940180883810326495e+00
-1.940171120415685069e+00
-1.940161741956659247e+00
-1.940152701986388006e+00
-1.940143987032077799e+00
-1.940135640241234416e+00
-1.940127575965695517e+00
-1.940119850847434213e+00
-1.940112458322919897e+00
-1.940105421724849899e+00
-1.940098697327199417e+00
-1.940092277293377077e+00
-1.940086168657398025e+00
-1.940080365625011849e+00
-1.940074879327194468e+00
-1.940069681751113162e+00
-1.940064720220904038e+00
-1.940060004260697246e+00
-1.940055557011568288e+00
-1.940051346939349441e+00
-1.940047306718431841e+00
-1.940043489622429673e+00
-1.940039847517290861e+00
-1.940036371211534938e+00
-1.940033121968606000e+00
-1.940030057963520571e+00
-1.940027158612288805e+00
-1.940024404376477163e+00
-1.940021831692095411e+00
-1.940019403600012460e+00
-1.940017087762105463e+00
-1.940014913208381042e+00
-1.940012890476352947e+00
-1.940010992900658593e+00
-1.940009213886293882e+00
-1.940007550897457245e+00
-1.940006043060112484e+00
-1.940004656007681794e+00
-1.940003344546223474e+00
-1.940002094118404852e+00
-1.940000924411180439e+00
-1.939999869506722874e+00
-1.939998896282576490e+00
-1.939997973472302739e+00
-1.939997071676305307e+00
-1.939996171792567115e+00
-1.939995307679135195e+00
-1.939994538308512873e+00
-1.939993823718600519e+00
-1.939993114926894968e+00
-1.939992494898296505e+00
-1.939991971812070393e+00
-1.939991500958622828e+00
-1.939991017311787136e+00
-1.939990531829726805e+00
-1.939990100938481898e+00
-1.939989723080187023e+00
-1.939989386811556971e+00
-1.939989072402514836e+00
-1.939988779976151489e+00
-1.939988595572802232e+00
-1.939988418291033634e+00
-1.939988272527743085e+00
-1.939988212161032566e+00
-1.939988195350947020e+00
-1.939988231490968440e+00
-1.939988271413228826e+00
-1.939988302024543421e+00
-1.939988356670003800e+00
-1.939988466473996809e+00
-1.939988581105390519e+00
-1.939988713220912819e+00
-1.939988854820827058e+00
-1.939988994377981779e+00
-1.939989159211023440e+00
-1.939989324082968203e+00
-1.939989509229884224e+00
-1.939989718488013271e+00
-1.939989967372788504e+00
-1.939990209589373293e+00
-1.939990412300785394e+00
-1.939990617506171189e+00
-1.939990818614250712e+00
-1.939991031681751465e+00
-1.939991269564834253e+00
-1.939991527804203253e+00
-1.939991766062347800e+00
-1.939991993545143956e+00
-1.939992230712412669e+00
-1.939992465538991739e+00
-1.939992733364709565e+00
-1.939992998277109137e+00
-1.939993169751272895e+00
-1.939993309924239240e+00
-1.939993503270347253e+00
-1.939993727220665320e+00
-1.939993973369416480e+00
-1.939994268463625104e+00
-1.939994529837284487e+00
-1.939994792973436466e+00
-1.939995061396088571e+00
-1.939995349767671851e+00
-1.939995589773692020e+00
-1.939995797691349555e+00
-1.939996016382611987e+00
-1.939996286914656531e+00
-1.939996537174404123e+00
-1.939996749424820699e+00
-1.939996967238958980e+00
-1.939997218114982491e+00
-1.939997495077576906e+00
-1.939997782288256589e+00
-1.939998083669414619e+00
-1.939998376165612548e+00
-1.939998661788339573e+00
-1.939998939154319313e+00
-1.939999195520524244e+00
-1.939999447715580638e+00
-1.939999700615664624e+00
-1.939999935638758277e+00
-1.940000160966254050e+00
-1.940000380625529930e+00
-1.940000601874778408e+00
-1.940000864849929618e+00
-1.940001148509330697e+00
-1.940001411100620965e+00
-1.940001681264863942e+00
-1.940001946718443282e+00
-1.940002153517093930e+00
-1.940002386146000291e+00
-1.940002620530866473e+00
-1.940002837925879131e+00
-1.940003084701457325e+00
-1.940003391621825557e+00
-1.940003657216973876e+00
-1.940003880308516004e+00
-1.940004105987203298e+00
-1.940004362991936127e+00
-1.940004610793006234e+00
-1.940004828635754963e+00
-1.940005111370049828e+00
-1.940005434915338389e+00
-1.940005740675196266e+00
-1.940006057372623216e+00
-1.940006318388680873e+00
-1.940006548284788801e+00
-1.940006755982404352e+00
-1.940006933901159414e+00
-1.940007113760595647e+00
-1.940007354691576147e+00
-1.940007555582708321e+00
-1.940007730726202029e+00
-1.940007887153734512e+00
-1.940008070239803484e+00
-1.940008268011925718e+00
-1.940008446702595757e+00
-1.940008636459110924e+00
-1.940008827170917272e+00
-1.940009016606008441e+00
-1.940009100263968111e+00
-1.940009148001132999e+00
-1.940009231342753493e+00
-1.940009329786340775e+00
-1.940009446407079174e+00
-1.940009570711726639e+00
-1.940009688413244504e+00
-1.940009823125881105e+00
-1.940009970844967180e+00
-1.940010127415633612e+00
-1.940010290109227098e+00
-1.940010423688905306e+00
-1.940010556793297480e+00
-1.940010707564894021e+00
-1.940010853082884346e+00
-1.940010993522793603e+00
-1.940011124376901597e+00
-1.940011296292371457e+00
-1.940011438882405237e+00
-1.940011551754849517e+00
-1.940011635619659280e+00
-1.940011710752891805e+00
-1.940011808279631378e+00
-1.940011920698869075e+00
-1.940012102425728191e+00
-1.940012302456470383e+00
-1.940012474091575179e+00
-1.940012605210058361e+00
-1.940012760874490150e+00
-1.940012950622746146e+00
-1.940013095865708248e+00
-1.940013215734598839e+00
-1.940013315947975103e+00
-1.940013384644521111e+00
-1.940013432649941638e+00
-1.940013438018483694e+00
-1.940013450920035298e+00
-1.940013511599087304e+00
-1.940013585866459778e+00
-1.940013629458826605e+00
-1.940013725698591207e+00
-1.940013852530189320e+00
-1.940013954892239045e+00
-1.940014035042315621e+00
-1.940014112101012600e+00
-1.940014158325226834e+00
-1.940014183033227813e+00
-1.940014214581155194e+00
-1.940014274155152263e+00
-1.940014376677322128e+00
-1.940014470374676225e+00
-1.940014587725436224e+00
-1.940014696310897291e+00
-1.940014761701400969e+00
-1.940014875872807520e+00
-1.940014942341844684e+00
-1.940014957061179546e+00
-1.940014955832719545e+00
-1.940014969702251735e+00
-1.940014971237342234e+00
-1.940014971813523559e+00
-1.940015039475261993e+00
-1.940015105395357820e+00
-1.940015159814815870e+00
-1.940015219005336800e+00
-1.940015310122470638e+00
-1.940015368818618136e+00
-1.940015395813677657e+00
-1.940015412761472824e+00
-1.940015415211926886e+00
-1.940015385523561342e+00
-1.940015382039905534e+00
-1.940015406844055601e+00
-1.940015428030769762e+00
-1.940015459364135220e+00
-1.940015515203531660e+00
-1.940015612698923642e+00
-1.940015698104791797e+00
-1.940015742903604234e+00
-1.940015765115961743e+00
-1.940015684577260036e+00
-1.940015597337586994e+00
-1.940015560086980839e+00
-1.940015526912329591e+00
-1.940015512883151105e+00
-1.940015520018462780e+00
-1.940015583979835423e+00
-1.940015631670459983e+00
-1.940015607236181383e+00
-1.940015617695693084e+00
-1.940015646596008114e+00
-1.940015681412970983e+00
-1.940015710735244703e+00
-1.940015726316128619e+00
-1.940015763096843759e+00
-1.940015861397529129e+00
-1.940015966925055402e+00
-1.940016018926570496e+00
-1.940016027987826686e+00
-1.940016039368796852e+00
-1.940016069000330967e+00
-1.940016030781084089e+00
-1.940015961462418392e+00
-1.940015917570545589e+00
-1.940015852518016448e+00
-1.940015814405864569e+00
-1.940015787191443408e+00
-1.940015727237539567e+00
-1.940015663173504601e+00
-1.940015637036656138e+00
-1.940015621432994219e+00
-1.940015663858184469e+00
-1.940015736803274216e+00
-1.940015792476196266e+00
-1.940015864289220016e+00
-1.940015869425888440e+00
-1.940015864352401032e+00
-1.940015875323030103e+00
-1.940015874642689875e+00
-1.940015888378842090e+00
-1.940015890747798233e+00
-1.940015886029075043e+00
-1.940015899865596083e+00
-1.940015906338917961e+00
-1.940015934843343670e+00
-1.940015972260341837e+00
-1.940016010764854082e+00
