4.270023514937910103e-01
4.269861572388690130e-01
4.269756182098670139e-01
4.269706862373200407e-01
4.269713100538450323e-01
4.269776141581860252e-01
4.269896293495340500e-01
4.270073272126150288e-01
4.270306400558800397e-01
4.270598305031140240e-01
4.270946950338630477e-01
4.271353418792350198e-01
4.271817747274250232e-01
4.272340937727500121e-01
4.272921526311350138e-01
4.273561436437260386e-01
4.274260259698070552e-01
4.275018323182860347e-01
4.275835703799530374e-01
4.276713385467680317e-01
4.277651006535100331e-01
4.278649648546290485e-01
4.279708639094810252e-01
4.280830224318310506e-01
4.282011338471750639e-01
4.283254535225140547e-01
4.284559969995220263e-01
4.285928162444310185e-01
4.287358809287100114e-01
4.288851665119390311e-01
4.290410033641720577e-01
4.292032356058170239e-01
4.293720066885560183e-01
4.295472887844220544e-01
4.297291669692220317e-01
4.299177101585140437e-01
4.301127623828390201e-01
4.303146823220260209e-01
4.305231671314080355e-01
4.307384222506870364e-01
4.309605354362060492e-01
4.311895165296100174e-01
4.314255907946740187e-01
4.316687095234420513e-01
4.319189049399190239e-01
4.321763340433740219e-01
4.324409732874040513e-01
4.327127868263020427e-01
4.329918932424770550e-01
4.332784615344610346e-01
4.335724495715440607e-01
4.338739803970160236e-01
4.341830819394310592e-01
4.344999819618470260e-01
4.348246094738800194e-01
4.351571162658920411e-01
4.354974551210920586e-01
4.358457891800060491e-01
4.362022531706210571e-01
4.365668291145530233e-01
4.369396607636110152e-01
4.373208046437020435e-01
4.377103810814670370e-01
4.381085002080260526e-01
4.385152377685430647e-01
4.389306599270440534e-01
4.393548618470650147e-01
4.397879864640550363e-01
4.402300550542790347e-01
4.406811800606140195e-01
4.411415396488590490e-01
4.416113067119330493e-01
4.420905226529060483e-01
4.425792762644020217e-01
4.430777112658220163e-01
4.435859220517470169e-01
4.441040779958470575e-01
4.446323474289060607e-01
4.451707411395010583e-01
4.457193921102080569e-01
4.462784967928500324e-01
4.468483475679130290e-01
4.474288811940280164e-01
4.480203315272870412e-01
4.486227588189140580e-01
4.492365007661220377e-01
4.498615664506650513e-01
4.504981349183680428e-01
4.511464681839290614e-01
4.518066753343660258e-01
4.524789574944280135e-01
4.531634478311070136e-01
4.538604109388880148e-01
4.545699138873080525e-01
4.552922392116110495e-01
4.560275805186350118e-01
4.567761622887580586e-01
4.575382270372200244e-01
4.583139144996870584e-01
4.591034760340120258e-01
4.599071392378230039e-01
4.607252206804920425e-01
4.615578671416330492e-01
4.624053394819520602e-01
4.632679357435380840e-01
4.641459679893280565e-01
4.650397329187170303e-01
4.659493779020440485e-01
4.668753030086940647e-01
4.678178239515370374e-01
4.687771369118870490e-01
4.697536302711030620e-01
4.707476622650460518e-01
4.717595558575700121e-01
4.727896988349860052e-01
4.738383723815949855e-01
4.749059983728840528e-01
4.759930963664300574e-01
4.770994297256090366e-01
4.782263630697159984e-01
4.793738899456940761e-01
4.805423773560820733e-01
4.817322690575340793e-01
4.829440685983580339e-01
4.841782495081969895e-01
4.854353580420019965e-01
4.867158535464510827e-01
4.880203058536590754e-01
4.893492249812559924e-01
4.907032812530450760e-01
4.920829049381310050e-01
4.934887970760309939e-01
4.949216486470150445e-01
4.963820922301550587e-01
4.978707985634620581e-01
4.993884484656910816e-01
5.009357851924780558e-01
5.025135439183430197e-01
5.041226408891700261e-01
5.057639297279160617e-01
5.074381273021880689e-01
5.091460575997420746e-01
5.108886634076230671e-01
5.126671092484500480e-01
5.144824263918300611e-01
5.163353574547070446e-01
5.182272606053610620e-01
5.201591727703800405e-01
5.221324774144230352e-01
5.241481127781090210e-01
5.262073561235580677e-01
5.283116724781730111e-01
5.304626303164260426e-01
5.326617453963810034e-01
5.349104249846999837e-01
5.372103249553910054e-01
5.395633667215959939e-01
5.419711102134320280e-01
5.444356610831280197e-01
5.469589509178290898e-01
5.495431949637120672e-01
5.521905465963020676e-01
5.549033491284680597e-01
5.576839569172640232e-01
5.605354275064660108e-01
5.634601749481200628e-01
5.664610078147990224e-01
5.695406765807610183e-01
5.727028142277230671e-01
5.759503367850909994e-01
5.792865985556080455e-01
5.827150917300070176e-01
5.862399645033210538e-01
5.898654070016190465e-01
5.935957332853790680e-01
5.974357733622790434e-01
6.013901537809109854e-01
6.054653864221090087e-01
6.096671805249200826e-01
6.140013819694480901e-01
6.184747573611990568e-01
6.230944815902870193e-01
6.278684340831860444e-01
6.328048934228750477e-01
6.379132437823770152e-01
6.432030216573370041e-01
6.486849012417310600e-01
6.543703194311580873e-01
6.602718775363179970e-01
6.664030469669860457e-01
6.727788898317310640e-01
6.794153993814500136e-01
6.863308146834440349e-01
6.935443880294860364e-01
7.010778429401279821e-01
7.089553491640460114e-01
7.172036120559600603e-01
7.258518232117789903e-01
7.349335893444920442e-01
7.444855260458420609e-01
7.545497294670140409e-01
7.651728976860120435e-01
7.764085214563430926e-01
7.883175276290420586e-01
8.009698073381980032e-01
8.144448206574780302e-01
8.288349862180540706e-01
8.442485936941670488e-01
8.608108430405150280e-01
8.786696921611620859e-01
8.979995192239410562e-01
9.190074583856580048e-01
9.419420186009240803e-01
9.671006606183760734e-01
9.948413854255859778e-01
1.025592195911426030e+00
1.059860870341386097e+00
1.098232392293216009e+00
1.141341652594086042e+00
1.189792741721175995e+00
1.243974833179515960e+00
1.303698327790415945e+00
1.367567521920076024e+00
1.432240962209065938e+00
1.492301817532315944e+00
1.541906719926566138e+00
1.577809734916125972e+00
1.600822226332275999e+00
1.614269703155505997e+00
1.621668281063396000e+00
1.625599401556446111e+00
1.627650511294645996e+00
1.628713146093666131e+00
1.629263386462816099e+00
1.629551041737705930e+00
1.629703856259726136e+00
1.629787915037796076e+00
1.629836840241056128e+00
1.629868076963766121e+00
1.629889689086676086e+00
1.629907242469865958e+00
1.629922427983315991e+00
1.629935451084176146e+00
1.629947590938526147e+00
1.629959386019786072e+00
1.629970662393686043e+00
1.629982569167456097e+00
1.629994043148966121e+00
1.630004960766975985e+00
1.630015423829636045e+00
1.630026241701316048e+00
1.630036279347045980e+00
1.630047146705495997e+00
1.630057647279286037e+00
1.630067770316966147e+00
1.630078203081616106e+00
1.630088697504705975e+00
1.630097355156975958e+00
1.630106916373466053e+00
1.630115847879646029e+00
1.630125365861656128e+00
1.630134850338796015e+00
1.630143708990275941e+00
1.630152557509715994e+00
1.630162127914255965e+00
1.630170495658826102e+00
1.630179206470216080e+00
1.630187811748676108e+00
1.630195172087355981e+00
1.630203707504696009e+00
1.630211513243046140e+00
1.630218779856255962e+00
1.630226980870226106e+00
1.630234186795755935e+00
1.630241697904686093e+00
1.630249587126116007e+00
1.630256853919775928e+00
1.630263747561055965e+00
1.630271175846256027e+00
1.630278494525015942e+00
1.630285297158716062e+00
1.630292256509775939e+00
1.630299298657356122e+00
1.630306291926076012e+00
1.630311942355536114e+00
1.630318509646396130e+00
1.630324000361055958e+00
1.630329700560785966e+00
1.630335303557536086e+00
1.630340382687875955e+00
1.630345683834635961e+00
1.630351076888685968e+00
1.630356279434165945e+00
1.630361731523136015e+00
1.630365846689006082e+00
1.630370129194375961e+00
1.630374022475016060e+00
1.630379084586376148e+00
1.630383695833055979e+00
1.630387533438736103e+00
1.630390872359976040e+00
1.630395261555926067e+00
1.630399669097956084e+00
1.630403908115356071e+00
1.630408038439536078e+00
1.630411950411245980e+00
1.630415282873826088e+00
1.630419227767096135e+00
1.630422507708896074e+00
1.630425077082026108e+00
1.630427545987546134e+00
1.630428989961155928e+00
1.630432839726866145e+00
1.630435424239706110e+00
1.630438262844716046e+00
1.630440588751466136e+00
1.630442603249965927e+00
1.630445362951715937e+00
1.630447946565556139e+00
1.630449759729086123e+00
1.630452657632426083e+00
1.630455734204976137e+00
1.630457431949426050e+00
1.630459120359106118e+00
1.630460686541435944e+00
1.630461806624615928e+00
1.630463721630265983e+00
1.630465080356396035e+00
1.630465784836246046e+00
1.630466647837966132e+00
1.630467877702125978e+00
1.630469037964666024e+00
1.630469680623475970e+00
1.630470729821956066e+00
1.630471122791476102e+00
1.630471869583355993e+00
1.630472549547166139e+00
1.630473131169466017e+00
1.630473083273735968e+00
1.630473694201476142e+00
1.630474765746336097e+00
1.630474498724076016e+00
1.630474644038935939e+00
1.630474601197255957e+00
1.630474432758526104e+00
1.630473508555166040e+00
1.630473125821596092e+00
1.630472246378346091e+00
1.630471175556886143e+00
1.630470082597585968e+00
1.630468742050626085e+00
1.630467522398496127e+00
1.630465854298835948e+00
1.630464528059756057e+00
1.630463286512495946e+00
1.630462299457255959e+00
1.630461352358085980e+00
1.630459120641795989e+00
1.630457814180876097e+00
1.630456078282266130e+00
1.630454185004086121e+00
1.630452498090136038e+00
1.630450240802685968e+00
1.630448968571936108e+00
1.630446190071246138e+00
1.630443929663456082e+00
1.630441796192076076e+00
1.630439222264186139e+00
1.630436762476326074e+00
1.630433919963516054e+00
1.630430488199176020e+00
1.630427446945045933e+00
1.630424659062575943e+00
1.630423053415815948e+00
1.630419809356206118e+00
1.630416419644206139e+00
1.630413238633485973e+00
1.630410304765786078e+00
1.630407134755595955e+00
1.630403887343496061e+00
1.630400591363035945e+00
1.630397059223555933e+00
1.630393493347775946e+00
1.630389926569405956e+00
1.630385909292556113e+00
1.630382465826946126e+00
1.630378242802966060e+00
1.630374636987296011e+00
1.630370412459646090e+00
1.630366340159395966e+00
1.630361744745395969e+00
1.630357184203746090e+00
1.630353518761155973e+00
1.630348976040395970e+00
1.630344260496515929e+00
1.630339419421926062e+00
1.630334439755986020e+00
1.630329908507206049e+00
1.630324792267876077e+00
1.630319612026005949e+00
1.630315123229576058e+00
1.630310138856156055e+00
1.630305017798366007e+00
1.630299907100726031e+00
1.630294385879796026e+00
1.630288885059496096e+00
1.630284260431946075e+00
1.630278757974606085e+00
1.630273041906965981e+00
1.630267049449046102e+00
1.630260945247385962e+00
1.630254748720626035e+00
1.630247960349695990e+00
1.630241826093846047e+00
1.630236440117005969e+00
1.630230543508396135e+00
1.630223978851295996e+00
1.630216032959036054e+00
1.630210249169085968e+00
1.630204703673746147e+00
1.630197382497116099e+00
1.630191429478585974e+00
1.630184768901075998e+00
1.630179110360356010e+00
1.630172891133506052e+00
1.630167203122006025e+00
1.630161180060996085e+00
1.630154446366355980e+00
1.630149181488586008e+00
1.630143733881155965e+00
1.630139133833025999e+00
1.630131757108496116e+00
1.630127415639506028e+00
1.630123823707775976e+00
1.630120712153106055e+00
1.630117613756425943e+00
1.630114044543146123e+00
1.630110534331346006e+00
1.630107790519276012e+00
1.630105189120186093e+00
1.630102291578525930e+00
1.630101035657276043e+00
1.630098630543566074e+00
1.630097258351196121e+00
1.630095193060486114e+00
1.630094260785545979e+00
1.630093076246386108e+00
1.630092197479765970e+00
1.630091384947426114e+00
1.630090481970126071e+00
1.630090034556215928e+00
1.630090210805746009e+00
1.630090220261755984e+00
1.630090172761926137e+00
1.630090619144086039e+00
1.630091918427305941e+00
1.630092371334195933e+00
1.630094102071786066e+00
1.630095525049576111e+00
1.630096467073996136e+00
1.630098150176276128e+00
1.630099747927506115e+00
1.630101793843115932e+00
1.630103188657296087e+00
1.630105403410456066e+00
1.630107701441726009e+00
1.630109724956126049e+00
1.630111729438616042e+00
1.630114023448125948e+00
1.630116248310746085e+00
1.630118549638916114e+00
1.630120181172896032e+00
1.630122410877586026e+00
1.630124856205566131e+00
1.630127524956846097e+00
1.630129949334216066e+00
1.630132022027876104e+00
1.630134586245266082e+00
1.630137310770465975e+00
1.630140532870596015e+00
1.630144064065575993e+00
1.630147301524796033e+00
1.630149969359925954e+00
1.630153342137276029e+00
1.630157057037376012e+00
1.630159597638296098e+00
1.630162434673006144e+00
1.630165457243136107e+00
1.630169310270376037e+00
1.630172858834216143e+00
1.630175977519276120e+00
1.630179250448265948e+00
1.630182487264125957e+00
1.630185984920426101e+00
1.630189381753605948e+00
1.630191558048986078e+00
1.630195460425575948e+00
1.630198102642736124e+00
1.630200592284726024e+00
1.630203399338115977e+00
1.630205725833166142e+00
1.630208860472786014e+00
1.630211812843185948e+00
1.630214520348346019e+00
1.630216831793146026e+00
1.630219875132665974e+00
1.630222349319416120e+00
1.630225235072556123e+00
1.630228064776745978e+00
1.630230581732446060e+00
1.630233558632645963e+00
1.630236008719466057e+00
1.630238618625966085e+00
1.630240782877466099e+00
1.630243694011695998e+00
1.630246749247656002e+00
1.630249357133956023e+00
1.630252331280445999e+00
1.630254893008945993e+00
1.630257434814256001e+00
1.630259909094796011e+00
1.630262918427646035e+00
1.630265611055875974e+00
1.630268245153156048e+00
1.630271035493256138e+00
1.630273206437355960e+00
1.630276069033496089e+00
1.630279930879735995e+00
1.630282853104426000e+00
1.630285214553006012e+00
1.630287892812636086e+00
1.630290305759416025e+00
1.630292302579956054e+00
1.630295474252495991e+00
1.630297617845026137e+00
1.630300268706966094e+00
1.630302344069906040e+00
1.630305646999756108e+00
1.630308274507516142e+00
1.630310815134946134e+00
1.630312679806086074e+00
1.630315679772825987e+00
1.630318395003986121e+00
1.630320820358855949e+00
1.630322924783156102e+00
1.630325077179826110e+00
1.630327244112286023e+00
1.630329242200285966e+00
1.630331565248436032e+00
1.630333690812536096e+00
1.630335959714036109e+00
1.630338357680455985e+00
1.630340520802306070e+00
1.630342734830106055e+00
1.630345162725836072e+00
1.630347418827845951e+00
1.630349737142646083e+00
1.630351906822226082e+00
1.630353498558706038e+00
1.630355440690145929e+00
1.630357648834446005e+00
1.630359359561275978e+00
1.630361458153596121e+00
1.630364150975756043e+00
1.630365541052726019e+00
1.630367849417176052e+00
1.630369863879896020e+00
1.630371406526315958e+00
1.630372521810266040e+00
1.630375015492516066e+00
1.630376954869936057e+00
1.630378756424446074e+00
1.630380140997105931e+00
1.630382148165566036e+00
1.630384133904416055e+00
1.630384828837946110e+00
1.630386184625486123e+00
1.630387755362486146e+00
1.630388835095825995e+00
1.630391111609706067e+00
1.630392636873166046e+00
1.630394621349646078e+00
1.630396561972645930e+00
1.630398194753766017e+00
1.630399048790295957e+00
1.630401476434126140e+00
1.630402994350546031e+00
1.630405059552096025e+00
1.630406196260675955e+00
1.630407846551696016e+00
1.630409588320746117e+00
1.630410901229946141e+00
1.630412510797126124e+00
1.630413941741906125e+00
1.630417054403086041e+00
1.630418766307246026e+00
1.630420388681945942e+00
1.630422116500185981e+00
1.630423606537225956e+00
1.630425245644105958e+00
1.630426935788735987e+00
1.630428243556146128e+00
1.630429692015636034e+00
1.630431006789366144e+00
1.630432351394776047e+00
1.630434148028416130e+00
1.630435398506715927e+00
1.630436657428045999e+00
1.630438118686416082e+00
1.630439462612436108e+00
1.630440945245146045e+00
1.630441600555656123e+00
1.630443521116386130e+00
1.630444873512155946e+00
1.630446704781645995e+00
1.630448105117435986e+00
1.630449304009635947e+00
1.630450562318876084e+00
1.630450825806156079e+00
1.630451974367876034e+00
1.630453181135986140e+00
1.630454693571856017e+00
1.630455261744895967e+00
1.630456043507706010e+00
1.630457661971955963e+00
1.630458760938816143e+00
1.630460208272286105e+00
1.630461736550955942e+00
1.630463228294966038e+00
1.630465186188976068e+00
1.630466353593235995e+00
1.630467287413736033e+00
1.630468550530566052e+00
1.630470191614486142e+00
1.630470506522416096e+00
1.630471565324566052e+00
1.630472818529886014e+00
1.630474057619366146e+00
1.630475129250636090e+00
1.630476720659675971e+00
1.630478043571585989e+00
1.630479201824686086e+00
1.630480063934826029e+00
1.630480665721206091e+00
1.630481915042836016e+00
1.630482325069555927e+00
1.630483543758405984e+00
1.630484858117616120e+00
1.630484958682756114e+00
1.630486909890796143e+00
1.630488137208035981e+00
1.630489545265495943e+00
1.630490454649476062e+00
1.630491957388056079e+00
1.630493002313615936e+00
1.630493253298336054e+00
1.630494570667996079e+00
1.630495412499806118e+00
1.630496333578776103e+00
1.630496741526175963e+00
1.630498210655225932e+00
1.630499243674855991e+00
1.630500381418286127e+00
1.630501573419536054e+00
1.630503080731515952e+00
1.630503698531035939e+00
1.630504613209055931e+00
1.630505647763555999e+00
1.630506407306536065e+00
1.630507022616745960e+00
1.630507283169916111e+00
1.630508289250635956e+00
1.630509362489276137e+00
1.630510363530156104e+00
1.630512767581415945e+00
1.630513527759316128e+00
1.630514396894175988e+00
1.630515572951316106e+00
1.630516299029866056e+00
1.630517116260816080e+00
1.630517181617195943e+00
1.630518424583625947e+00
1.630519933387326148e+00
1.630520091830186091e+00
1.630521045767435950e+00
1.630521598783706061e+00
1.630522505971266023e+00
1.630523355735715940e+00
1.630523775427755950e+00
1.630523673407435981e+00
1.630524297328306060e+00
1.630525373664426070e+00
1.630526354771606012e+00
1.630526957249875952e+00
1.630527505534446142e+00
1.630529278561835937e+00
1.630530200938365981e+00
1.630530934540175947e+00
1.630532318458026042e+00
1.630532711204625951e+00
1.630533739422385997e+00
1.630534989050156147e+00
1.630535869382635950e+00
1.630536332273226030e+00
1.630537202610385927e+00
1.630537027657195992e+00
1.630537495630085987e+00
1.630538117489606087e+00
1.630538234674886011e+00
1.630539800861795952e+00
1.630540076529556126e+00
1.630540749794906041e+00
1.630541504590776070e+00
1.630541875302986110e+00
1.630542760770335997e+00
1.630543345051876036e+00
1.630543744099105963e+00
1.630544518841225976e+00
1.630544661260685979e+00
1.630545218658355999e+00
1.630545588469745955e+00
