5.474118815943631589e-01
5.473890056889592071e-01
5.473753565831172008e-01
5.473712582928461634e-01
5.473766976424692121e-01
5.473917504187492122e-01
5.474163711066101223e-01
5.474507986601481191e-01
5.474948627901441434e-01
5.475490501917371633e-01
5.476132732000221770e-01
5.476875348899471474e-01
5.477719499523011626e-01
5.478666847336312040e-01
5.479717142406831387e-01
5.480870479436971143e-01
5.482128469914341329e-01
5.483492762358561645e-01
5.484963374465481323e-01
5.486542215829591784e-01
5.488234126291101633e-01
5.490030662416601759e-01
5.491937954457442039e-01
5.493957549514631999e-01
5.496092464025041924e-01
5.498341119272981414e-01
5.500707318477181529e-01
5.503191340049992109e-01
5.505792323236251562e-01
5.508511123450231528e-01
5.511355597698351927e-01
5.514322552966451907e-01
5.517413292610872100e-01
5.520630362583041073e-01
5.523973709821141664e-01
5.527446375808241497e-01
5.531048591538991754e-01
5.534782778541271764e-01
5.538651316674761960e-01
5.542655023884601739e-01
5.546796278998221696e-01
5.551076052069021660e-01
5.555497582124541145e-01
5.560062323066962131e-01
5.564771886616431962e-01
5.569627520976391244e-01
5.574633439160621151e-01
5.579791775353721839e-01
5.585104224739101397e-01
5.590571885227652027e-01
5.596198473485352043e-01
5.601987012635281094e-01
5.607939328033542115e-01
5.614057576554561946e-01
5.620345858323712029e-01
5.626805533128301784e-01
5.633439912213871192e-01
5.640252850822211617e-01
5.647246669913161821e-01
5.654424144932881369e-01
5.661789964813841447e-01
5.669346382041721144e-01
5.677098240877112012e-01
5.685048191784322080e-01
5.693200658879231657e-01
5.701557789807711885e-01
5.710124744069221547e-01
5.718906168147311897e-01
5.727905608996731734e-01
5.737126518003381470e-01
5.746576198693671422e-01
5.756258533677122147e-01
5.766177389523651220e-01
5.776338149438631220e-01
5.786746000067921614e-01
5.797406673639892150e-01
5.808326075189781390e-01
5.819508758417171190e-01
5.830961498817172073e-01
5.842690419248651734e-01
5.854701936784801886e-01
5.867003108677311118e-01
5.879600584981321543e-01
5.892501458203561748e-01
5.905713742791021126e-01
5.919245239458511554e-01
5.933103275770301721e-01
5.947297238135691444e-01
5.961834346140931773e-01
5.976725553843861283e-01
5.991979886203441241e-01
6.007606792574301524e-01
6.023616587409541534e-01
6.040020162808641402e-01
6.056829119161561970e-01
6.074056120620631161e-01
6.091713055682811406e-01
6.109811328956001875e-01
6.128365686172951854e-01
6.147389255560481436e-01
6.166897149110162069e-01
6.186905336889512164e-01
6.207425778077111378e-01
6.228482386599141218e-01
6.250090477107002052e-01
6.272265150562961189e-01
6.295028113384961710e-01
6.318401140357932100e-01
6.342404297638292165e-01
6.367061349060111342e-01
6.392395540093971373e-01
6.418431895927751984e-01
6.445198355040151483e-01
6.472722015401181084e-01
6.501034953399791316e-01
6.530162512249692019e-01
6.560142141349931677e-01
6.591007545277961510e-01
6.622801009715492127e-01
6.655555694790261656e-01
6.689318357368762014e-01
6.724131717755041926e-01
6.760046548318792148e-01
6.797111965995511484e-01
6.835383794101881350e-01
6.874921785921981332e-01
6.915785758717571952e-01
6.958044696130392115e-01
7.001771596949551979e-01
7.047044823258441504e-01
7.093943905366572045e-01
7.142562358387322119e-01
7.192998074900841532e-01
7.245357243066942177e-01
7.299752101110881242e-01
7.356310664783372033e-01
7.415168114332841842e-01
7.476473011608971708e-01
7.540386688113351887e-01
7.607088427257291396e-01
7.676770971523391163e-01
7.749654712004071522e-01
7.825973613473371504e-01
7.905993303026122021e-01
7.990005845085721425e-01
8.078333508182581335e-01
8.171345146638371304e-01
8.269448477369741868e-01
8.373104103619471994e-01
8.482832412468581662e-01
8.599222223908411511e-01
8.722942561995911115e-01
8.854758826743991396e-01
8.995549437033472095e-01
9.146323794223861769e-01
9.308249832001461721e-01
9.482685037090351488e-01
9.671203978790201550e-01
9.875637956733802625e-01
1.009813024060640219e+00
1.034115063703140214e+00
1.060756686118100145e+00
1.090060600258020207e+00
1.122377708347000125e+00
1.158066443641750265e+00
1.197437886093540182e+00
1.240664730289320117e+00
1.287618442820720244e+00
1.337627541832870248e+00
1.389191868228560223e+00
1.439809680373990153e+00
1.486246125335840107e+00
1.525442472958820073e+00
1.555686862684820149e+00
1.577136290628770254e+00
1.591327424272190205e+00
1.600246686066120194e+00
1.605656731114320168e+00
1.608865345870960084e+00
1.610740173752060134e+00
1.611826198360180262e+00
1.612451599650050138e+00
1.612812770120790162e+00
1.613022497264710253e+00
1.613148749587350217e+00
1.613229065213430236e+00
1.613285184752340173e+00
1.613330561724190204e+00
1.613372159079590196e+00
1.613412538482750236e+00
1.613455337300200076e+00
1.613500489658520110e+00
1.613549488031400081e+00
1.613603050321660071e+00
1.613660382711880059e+00
1.613722275807340178e+00
1.613788351342580141e+00
1.613859368952660134e+00
1.613935129576140159e+00
1.614015106577880054e+00
1.614100223285120261e+00
1.614192039254870092e+00
1.614302143819510205e+00
1.614429849840980147e+00
1.614570747511860249e+00
1.614723470613360190e+00
1.614887552664630244e+00
1.615060950701990183e+00
1.615247780776440267e+00
1.615447823638950231e+00
1.615663770141030131e+00
1.615895069406100060e+00
1.616145381738900211e+00
1.616417818332500200e+00
1.616714484973330146e+00
1.617040275214950196e+00
1.617399175037430137e+00
1.617798151416600216e+00
1.618241486767880266e+00
1.618738536251490112e+00
1.619295255478430118e+00
1.619915552953070215e+00
1.620597342236610228e+00
1.621327179698760057e+00
1.622071213448510241e+00
1.622778415813080244e+00
1.623396112416050086e+00
1.623891080106830254e+00
1.624255501882590158e+00
1.624507046164830104e+00
1.624670546127270132e+00
1.624772547739310236e+00
1.624833052598990246e+00
1.624866712063980145e+00
1.624884440622280213e+00
1.624893076363430167e+00
1.624895339775620062e+00
1.624894584413240084e+00
1.624892909311090206e+00
1.624890656207930162e+00
1.624887128458750052e+00
1.624883239673200253e+00
1.624880023266220164e+00
1.624877029932050077e+00
1.624874192518270144e+00
1.624871708789080271e+00
1.624869357605590148e+00
1.624866947462930256e+00
1.624865036235920268e+00
1.624863364391250231e+00
1.624861806750480087e+00
1.624860157945860140e+00
1.624858677934610141e+00
1.624856968488410214e+00
1.624856586930550240e+00
1.624855708503790241e+00
1.624855186918520156e+00
1.624854256584790102e+00
1.624854113720800131e+00
1.624853149854730061e+00
1.624853128354900145e+00
1.624853584599260214e+00
1.624853535052780185e+00
1.624854512888790126e+00
1.624853590186370100e+00
1.624854148899720130e+00
1.624855160425450196e+00
1.624856193392140158e+00
1.624857638059750142e+00
1.624858609455050118e+00
1.624859702460030197e+00
1.624860498484510085e+00
1.624862008091190191e+00
1.624864633842160178e+00
1.624865844071520238e+00
1.624868163939170218e+00
1.624869690882280171e+00
1.624871323213170182e+00
1.624873401950300167e+00
1.624875806955950130e+00
1.624877508494130263e+00
1.624879605178500164e+00
1.624881960123630176e+00
1.624883755898430149e+00
1.624885612110660071e+00
1.624887966764030134e+00
1.624890864534080270e+00
1.624893149732570263e+00
1.624897035432150139e+00
1.624899287296460271e+00
1.624901319398910138e+00
1.624904340959040239e+00
1.624906756371660155e+00
1.624908771344510061e+00
1.624911489511180251e+00
1.624914741262700080e+00
1.624917488957040135e+00
1.624920672786610121e+00
1.624924114745080139e+00
1.624927121583990219e+00
1.624930365023060208e+00
1.624933543801300173e+00
1.624936477401770052e+00
1.624939845734980182e+00
1.624943532205210150e+00
1.624946509850640153e+00
1.624949997137510094e+00
1.624953057060430250e+00
1.624956441173390109e+00
1.624959188605430205e+00
1.624962933060700054e+00
1.624965490529390211e+00
1.624968978133930264e+00
1.624971973917760160e+00
1.624975234911260058e+00
1.624978668863740205e+00
1.624982054032390266e+00
1.624985951836110054e+00
1.624989571043190084e+00
1.624993057522520212e+00
1.624997722499710084e+00
1.625001070880250253e+00
1.625004441532450272e+00
1.625008299045470173e+00
1.625012406632950102e+00
1.625016216021570203e+00
1.625020428711090092e+00
1.625023593198320127e+00
1.625027414559350181e+00
1.625030751079830083e+00
1.625035519937600093e+00
1.625038665776600055e+00
1.625042298954580078e+00
1.625045968001230134e+00
1.625050031340930179e+00
1.625054250888050111e+00
1.625058280319260140e+00
1.625062406815060090e+00
1.625066696699930091e+00
1.625070448569850168e+00
1.625074696360390147e+00
1.625079109178460213e+00
1.625082479475300268e+00
1.625086394899560194e+00
1.625090396760570099e+00
1.625094261749370217e+00
1.625098751767660055e+00
1.625102846960940095e+00
1.625107035871090178e+00
1.625111710350070071e+00
1.625115990862130211e+00
1.625119941656350209e+00
1.625123586423560251e+00
1.625127517624220141e+00
1.625131851968300234e+00
1.625135595490140084e+00
1.625139650058950114e+00
1.625142952322110146e+00
1.625146438252480063e+00
1.625150939304700115e+00
1.625155507920890141e+00
1.625159637188530182e+00
1.625164074130670100e+00
1.625167973214800110e+00
1.625172127035520164e+00
1.625175904470430144e+00
1.625180041768490069e+00
1.625183975184440133e+00
1.625188208231950204e+00
1.625193911907350186e+00
1.625196970004620267e+00
1.625200372812480198e+00
1.625204266053180246e+00
1.625208373746520163e+00
1.625212527466290080e+00
1.625214441073380200e+00
1.625218355118860147e+00
1.625222177665740064e+00
1.625226681975150189e+00
1.625230306759240184e+00
1.625234267948320266e+00
1.625236883701270063e+00
1.625240513850720214e+00
1.625245613555460267e+00
1.625250240716250127e+00
1.625254087277560267e+00
1.625256806114470098e+00
1.625260919190790077e+00
1.625264791804850173e+00
1.625268561010610124e+00
1.625272054028610080e+00
1.625276134051870214e+00
1.625279598604540077e+00
1.625283624685150086e+00
1.625287080913290216e+00
1.625290557380510093e+00
1.625294556208990215e+00
1.625298016992400063e+00
1.625301408375010137e+00
1.625305770992200083e+00
1.625308889696030157e+00
1.625312905125660068e+00
1.625317249319140123e+00
1.625320663456400139e+00
1.625323737284510184e+00
1.625327068132520258e+00
1.625331093779590175e+00
1.625334437912420160e+00
1.625337834130810233e+00
1.625341356928240222e+00
1.625345140859380200e+00
1.625348471540250195e+00
1.625351681494460188e+00
1.625355559413970141e+00
1.625359925453880194e+00
1.625363562335950141e+00
1.625366691998290092e+00
1.625371457458990143e+00
1.625374658343520240e+00
1.625378658314150071e+00
1.625381656641740058e+00
1.625384988301770139e+00
1.625386971173680140e+00
1.625389779358690223e+00
1.625391839532750238e+00
1.625394011042640141e+00
1.625395501384050201e+00
1.625397753499290054e+00
1.625398964510000210e+00
1.625399619079570090e+00
1.625399765038820110e+00
1.625397430146540145e+00
1.625397881637810071e+00
1.625397263592570196e+00
1.625397297797360086e+00
1.625397925684780143e+00
1.625397694253480241e+00
1.625396618189740128e+00
1.625395292757790155e+00
1.625393737616690260e+00
1.625391977930880083e+00
1.625389921703380258e+00
1.625388401507040115e+00
1.625386621539400167e+00
1.625384664937840062e+00
1.625383172340850058e+00
1.625382262947430156e+00
1.625380046352560059e+00
1.625377802460160170e+00
1.625375249976960257e+00
1.625373367772330102e+00
1.625371857348670179e+00
1.625369465963860227e+00
1.625366373122430153e+00
1.625363438928890236e+00
1.625361066854380088e+00
1.625359142412280189e+00
1.625357576988600172e+00
1.625356179403680157e+00
1.625353995677080166e+00
1.625352355247420055e+00
1.625350605718950181e+00
1.625348506148720062e+00
1.625346791030940263e+00
1.625345085891400254e+00
1.625343276922530222e+00
1.625341608994540055e+00
1.625340248471350169e+00
1.625339304951600061e+00
1.625338021386190102e+00
1.625337578447700215e+00
1.625336260814360223e+00
1.625335541715450249e+00
1.625333830595230067e+00
1.625332229406670104e+00
1.625331305767270251e+00
1.625330458172640213e+00
1.625329612623900077e+00
1.625328694967660192e+00
1.625327405700570216e+00
1.625327021470150068e+00
1.625326386487300212e+00
1.625326242482910244e+00
1.625325986016820101e+00
1.625325497235720063e+00
1.625324242490190141e+00
1.625323943957430073e+00
1.625323910894940216e+00
1.625325601045490176e+00
1.625325255385080103e+00
1.625325254361700056e+00
1.625325357466880227e+00
1.625323982939090195e+00
1.625323644627970188e+00
1.625323956155190208e+00
1.625323805358150242e+00
1.625323177206170255e+00
1.625322909969370233e+00
1.625322845272580086e+00
1.625322939793260257e+00
1.625322121039080248e+00
1.625322096911160141e+00
1.625322266293860229e+00
1.625322315555990160e+00
1.625322580746860091e+00
1.625322574438170076e+00
1.625322615252430269e+00
1.625323478494170137e+00
1.625323915341150061e+00
1.625323621537590135e+00
1.625323807807980137e+00
1.625323409450950107e+00
1.625323728880730068e+00
1.625323935410600162e+00
1.625324134306620261e+00
1.625324498604450163e+00
1.625325017519780202e+00
1.625325292429370183e+00
1.625325539635750216e+00
1.625325525161710249e+00
1.625325482388100262e+00
1.625326343431520160e+00
1.625326486660100267e+00
1.625327293528810113e+00
1.625327814921390113e+00
1.625327762053370151e+00
1.625328547729220086e+00
1.625330266050610151e+00
1.625330758038580070e+00
1.625330935670590060e+00
1.625331821115390207e+00
1.625332422944900213e+00
1.625332706424350127e+00
1.625333897480850220e+00
1.625334400647520106e+00
1.625335001184490258e+00
1.625335602615010089e+00
1.625336568837250084e+00
1.625337348121190129e+00
1.625338600090760144e+00
1.625339362266800203e+00
1.625338245211610078e+00
1.625339239009230052e+00
1.625339862666850266e+00
1.625341047050280263e+00
1.625341861116500253e+00
1.625342571497430111e+00
1.625342869171170213e+00
1.625343385753060144e+00
1.625343887340660265e+00
1.625344349074630212e+00
1.625344673704630205e+00
1.625345641269650088e+00
1.625346535804710113e+00
1.625347846203970104e+00
1.625348851228570091e+00
1.625349837580840173e+00
1.625350695013640268e+00
1.625351617403320237e+00
1.625352821248180257e+00
1.625354232733540183e+00
1.625355156793230060e+00
1.625355811013580176e+00
1.625357148349230174e+00
1.625357609122860092e+00
1.625358565045410097e+00
1.625358923388280141e+00
1.625360121534830116e+00
1.625361276138200139e+00
1.625361716438510129e+00
1.625362697790770250e+00
1.625363525708200196e+00
1.625364357145760108e+00
1.625365495769490076e+00
1.625366024790140251e+00
1.625366958061090106e+00
1.625366792593630150e+00
1.625367825098320118e+00
1.625367873692610265e+00
1.625368878898760139e+00
1.625369137143490184e+00
1.625369653244370216e+00
1.625370295878470150e+00
1.625371321391720247e+00
1.625371708458840159e+00
1.625372140542380217e+00
1.625373269649220243e+00
1.625373211975980059e+00
1.625374163946300188e+00
1.625375347808500237e+00
1.625376889870620234e+00
1.625377307512450242e+00
1.625377904097680126e+00
1.625379388064270181e+00
1.625378760776930109e+00
1.625378332642890111e+00
1.625379034802740152e+00
1.625379647182360054e+00
1.625380577687620232e+00
1.625382059168710258e+00
1.625382747580290221e+00
1.625383360888380091e+00
1.625383883021380260e+00
1.625384877167990183e+00
1.625385853510170175e+00
1.625386714625340234e+00
1.625387735897490193e+00
1.625389276570560204e+00
1.625390015390860254e+00
1.625390628572910057e+00
1.625390848208820183e+00
1.625391355955030148e+00
1.625392155707290121e+00
1.625392652459070053e+00
1.625393490462160084e+00
1.625394767428880227e+00
1.625395491210380072e+00
1.625396231239920164e+00
1.625396489585970272e+00
1.625397384642330190e+00
1.625398097871660230e+00
1.625398352442500194e+00
1.625398616478260116e+00
1.625399641785780114e+00
1.625400920589090248e+00
1.625401233486710062e+00
1.625401719275750168e+00
1.625402314315670171e+00
1.625402959669450142e+00
1.625404018982040233e+00
1.625405040493660191e+00
1.625405761329870247e+00
1.625406554756730237e+00
1.625407615800740224e+00
1.625408548039130263e+00
1.625409659905980186e+00
1.625411373146560257e+00
1.625412251911240169e+00
1.625413718443940114e+00
1.625414012660930219e+00
1.625414493644720126e+00
1.625415015400860197e+00
1.625415612857270098e+00
1.625417611625600056e+00
1.625418658660310101e+00
1.625419623685090187e+00
1.625420053483580096e+00
1.625421278502330091e+00
1.625422316063660055e+00
1.625422030324650269e+00
1.625423077370020231e+00
1.625424033363630061e+00
1.625425384763840242e+00
1.625426172752540088e+00
1.625426814798380137e+00
1.625428133693520127e+00
1.625428973407370137e+00
1.625429037547050148e+00
1.625429162618610146e+00
1.625429757410370213e+00
1.625430194622730085e+00
1.625431260107270237e+00
1.625431954430370141e+00
1.625432524892780117e+00
1.625433253399690248e+00
1.625434132331310177e+00
1.625434589419900266e+00
1.625435284172190187e+00
1.625435906109530260e+00
1.625436475345740206e+00
1.625436653044150193e+00
1.625437001406850213e+00
1.625438316502310077e+00
1.625438882904420179e+00
1.625439372959350148e+00
1.625439893081780163e+00
1.625440495610180225e+00
1.625440592304900234e+00
1.625441002559300241e+00
1.625440907922670153e+00
1.625441279280670059e+00
1.625442219758230111e+00
1.625442508257360252e+00
1.625443403703240142e+00
1.625443890274280268e+00
1.625444664521580096e+00
1.625445339448390092e+00
1.625445859626120093e+00
1.625446060582540264e+00
1.625446429259350234e+00
1.625447102132330235e+00
1.625447614550020070e+00
1.625448162854150169e+00
1.625448728038690227e+00
1.625449252333130090e+00
1.625449788591310174e+00
1.625451190057480177e+00
1.625451887022520081e+00
1.625453545180780113e+00
1.625453422777240142e+00
1.625453385240240189e+00
1.625453105948130084e+00
1.625453439216010265e+00
1.625453828657350108e+00
1.625454168440680247e+00
1.625453098645630146e+00
1.625454432565310192e+00
1.625454686359030232e+00
1.625454772743620158e+00
1.625455557365420134e+00
1.625456151802640248e+00
1.625456569608520141e+00
1.625456958744130098e+00
1.625457657788740073e+00
1.625458805563230191e+00
1.625459296990160230e+00
1.625459414408870096e+00
1.625460859431490102e+00
1.625461727086030095e+00
1.625461932429860257e+00
1.625462500455570058e+00
