7.186882689669320712e+01
7.170043442350277019e+01
7.173957185082502974e+01
7.207684047228877944e+01
7.204052382388412923e+01
7.192111631730158194e+01
7.195687010849343324e+01
7.238094396337058356e+01
7.186683541341307091e+01
7.216001058638600796e+01
7.216355203726513423e+01
7.224430335589416075e+01
7.200491442852100477e+01
7.243183785728582791e+01
7.226037994024839861e+01
7.231860910338652104e+01
7.236542072032601425e+01
7.251216615210107364e+01
7.239581096668267435e+01
7.252434697455562684e+01
7.234845553787441474e+01
7.254224397614271425e+01
7.194422317457318172e+01
7.263865520796157682e+01
7.259455276350786335e+01
7.261685636781196251e+01
7.256985999694956035e+01
7.280542062066538733e+01
7.339835292792305665e+01
7.290922480177562193e+01
7.311217632665554333e+01
7.293038462674674349e+01
7.298918360239211722e+01
7.288103271145766371e+01
7.262089687525894988e+01
7.315421906011914643e+01
7.249873690849345564e+01
7.315008253300659646e+01
7.334687819349642268e+01
7.344800350269808575e+01
7.376858596157795489e+01
7.344366816694568456e+01
7.344954216345635700e+01
7.355743513263911382e+01
7.326031587137518386e+01
7.320928343045116549e+01
7.355674893456486529e+01
7.377815653396062601e+01
7.361085842679163704e+01
7.384536249121075002e+01
7.391286307591573745e+01
7.417629089232390527e+01
7.383804694424976844e+01
7.399030647869031441e+01
7.384770303539671943e+01
7.417959700845007376e+01
7.425194257446585766e+01
7.409835719360009421e+01
7.430972460523761924e+01
7.432607217689050572e+01
7.446311843278031972e+01
7.449719792974346433e+01
7.444215655973079038e+01
7.442270008504911516e+01
7.450375658614751728e+01
7.460759306926335910e+01
7.454481850420184230e+01
7.479072856834949334e+01
7.508019674526290999e+01
7.515599556486282040e+01
7.496835172275513060e+01
7.499548046287523562e+01
7.512783396414741333e+01
7.518097841877499832e+01
7.534978188481906614e+01
7.536853199345571852e+01
7.519483952924647951e+01
7.544551611759413845e+01
7.577698353070529436e+01
7.596326477343818340e+01
7.554756025847376577e+01
7.583213961347948384e+01
7.583743975770924806e+01
7.621253255132576498e+01
7.593370684468123955e+01
7.616007642046236015e+01
7.638721407554319853e+01
7.627899782571437015e+01
7.636951735838206901e+01
7.636617525628938097e+01
7.653939214909588884e+01
7.642259337976803124e+01
7.675620503963280328e+01
7.683392249988295930e+01
7.694913613162057686e+01
7.700956755438214429e+01
7.693931882252145726e+01
7.714166645716686332e+01
7.728542117751096896e+01
7.747251430031350594e+01
7.737388883375696480e+01
7.760920704868500763e+01
7.787065525487594186e+01
7.804431045439723391e+01
7.806524670988635251e+01
7.796338697248650362e+01
7.834086208713887345e+01
7.838658502056985355e+01
7.834311662046481217e+01
7.870388748032830506e+01
7.888679356502858298e+01
7.897902391610857364e+01
7.912725599904044316e+01
7.913073135749598919e+01
7.940787238719319419e+01
7.954724342799714520e+01
7.913366921418294453e+01
8.106629344617083177e+01
7.990506082641118724e+01
7.990804701051017389e+01
8.012810928072683225e+01
8.040844180923328111e+01
8.059414380252968613e+01
8.082620577151683960e+01
8.089664714199058437e+01
8.114862823613611909e+01
8.129100113819620788e+01
8.158637915725932999e+01
8.153950266171582939e+01
8.202944503939141896e+01
8.231072101969806454e+01
8.241353193064662719e+01
8.257553329772467521e+01
8.276698441381694238e+01
8.306033106054684367e+01
8.336167037303626159e+01
8.381591923933443411e+01
8.390101675166285133e+01
8.380121668829075077e+01
8.408116795905131369e+01
8.463798955935779134e+01
8.528634720328999208e+01
8.535996799865604601e+01
8.523945016809373953e+01
8.609514546529868539e+01
8.621924577395449774e+01
8.665211132480079925e+01
8.640928509835329407e+01
8.703368282298534098e+01
8.788641236563147174e+01
8.859856307078470650e+01
8.894325169599107994e+01
8.917190903629645504e+01
8.988601655272171342e+01
9.068608474136034658e+01
9.092183929522397534e+01
9.194306718351555219e+01
9.247996486049163423e+01
9.326435499548001928e+01
9.375834386339388971e+01
9.442245966931515966e+01
9.507429325982009516e+01
9.611395577372928756e+01
9.568631169990051433e+01
9.577969566236518517e+01
9.578770433328745071e+01
9.642840885130816275e+01
9.551794921510976621e+01
9.532836573157896964e+01
9.539729136436082513e+01
9.612266289560596988e+01
9.639258756129797234e+01
9.664477866169653453e+01
9.735787336144147730e+01
9.802977568680611853e+01
1.004344609754157034e+02
1.003996001705043000e+02
1.004072086071780205e+02
1.013811394999051174e+02
1.023359190700335546e+02
1.035404144588673319e+02
1.046121779013623581e+02
1.061167589175966128e+02
1.068610215053935804e+02
1.081995307104790811e+02
1.094343278733815339e+02
1.109023021269496212e+02
1.121992529485037551e+02
1.139472206509165346e+02
1.153326386458483199e+02
1.175207356693734653e+02
1.189424250683404694e+02
1.213333327501846952e+02
1.239532074219188900e+02
1.264351926228857934e+02
1.288055538658447574e+02
1.323911375813491702e+02
1.353130410865699389e+02
1.392338498055197533e+02
1.427290822536064070e+02
1.472294664290533319e+02
1.519821874257350771e+02
1.573069793553936222e+02
1.626536464909213180e+02
1.695186729726500801e+02
1.777800983968881496e+02
1.858102103742765792e+02
1.957352662945772295e+02
2.065177569098205197e+02
2.190278870429455367e+02
2.341724749236125831e+02
2.507168514062935287e+02
2.694046634141510026e+02
2.885341844945463095e+02
3.074537681100385385e+02
3.215664158277900242e+02
3.252435204253350776e+02
3.135029521048177230e+02
2.857915687135817393e+02
2.485791856861606561e+02
2.069939282345802098e+02
1.689447633484799098e+02
1.356850788024011365e+02
1.105911231922156475e+02
9.314317264451227629e+01
8.210850461336401906e+01
7.656737791216710320e+01
7.293083606211276049e+01
7.074456458219137289e+01
6.950548932633689958e+01
6.912591515621615201e+01
6.865084806834099140e+01
6.890745486392764008e+01
6.857599351525070119e+01
6.878988839872079097e+01
6.880203872045564140e+01
6.881248970470319648e+01
6.857960973037322105e+01
6.888902129743368619e+01
6.830969681687142270e+01
6.816713509967910056e+01
6.880990208280991283e+01
6.893495082437858912e+01
6.886086825358087538e+01
6.904216904896101425e+01
6.835303826099929836e+01
6.852265604507495311e+01
6.883565106057091043e+01
6.909575025928918990e+01
6.870565738779730225e+01
6.921590593290765980e+01
6.844284557867281649e+01
6.859537366293389482e+01
6.878121574243043312e+01
6.841893025380869631e+01
6.823605565711274323e+01
6.960624483139270069e+01
6.882191793504733823e+01
6.921624432406522942e+01
6.864295620550409183e+01
6.853585720943084425e+01
6.891870267649399295e+01
6.882917377274094406e+01
6.813009156276812917e+01
6.896408022131717530e+01
6.860161521335646739e+01
6.857239780854777678e+01
6.947663597235356292e+01
6.845898767582353628e+01
6.891570899863853583e+01
6.925949645294863899e+01
6.841616131044222016e+01
6.908800377402192794e+01
6.875488451508033449e+01
6.833368938971187845e+01
6.870861223307369414e+01
6.891602910173688201e+01
6.839258473520338555e+01
6.835687634743219121e+01
6.866108185508933559e+01
6.844162636948398415e+01
6.826496870092069003e+01
6.818886649287951229e+01
6.916900338153392624e+01
6.837324465070625479e+01
6.913018563930845062e+01
6.889520914059163204e+01
6.888093762761228334e+01
6.921165839515209939e+01
6.895562899929201706e+01
6.878156273351773109e+01
6.882921259133772196e+01
6.852837753605037108e+01
6.950012966762604094e+01
6.931796794501146053e+01
6.955591121006632704e+01
6.853828423608426590e+01
6.876451674393344149e+01
6.928858007898817561e+01
6.962699149385944963e+01
6.871981002860712806e+01
6.857986876084268602e+01
6.859978971315788954e+01
6.858510757630867261e+01
6.866444459094508090e+01
6.904448432343144759e+01
6.848351772090703093e+01
6.891155413248782224e+01
6.941224734690035802e+01
6.944421691337214497e+01
7.020838152662227571e+01
6.824028332721248091e+01
6.909089631948150156e+01
6.880717208784221839e+01
6.912262701723697944e+01
6.930162108919631692e+01
6.863537774599804209e+01
6.866379947432916708e+01
6.918678450020759385e+01
6.825528516991420247e+01
6.798596653372571552e+01
6.897250071337570887e+01
6.893581307159377047e+01
6.897011897586797602e+01
6.925908344996713595e+01
6.856460183537761566e+01
6.890221568824250653e+01
6.935255400053769392e+01
6.917675448195960541e+01
6.881040502422061422e+01
6.876963920680827869e+01
6.909422801802304548e+01
6.870487687377388397e+01
6.913652882753221718e+01
6.879459556164478329e+01
6.876058331490651199e+01
6.875520714845769987e+01
6.917762305047216387e+01
6.859976502791440112e+01
6.813466000362312514e+01
6.908655970661395429e+01
6.871916842486076860e+01
6.879154648547198292e+01
6.882024243353509974e+01
6.935141134353840187e+01
6.888190390482832015e+01
6.919438285023595370e+01
6.928855648558280222e+01
6.924839507152789508e+01
6.937945188594061108e+01
6.922454952153640306e+01
6.950757253809609892e+01
6.918349515575467024e+01
6.903679060452803640e+01
6.875213137696771071e+01
6.862678700506852181e+01
6.955343793260962570e+01
6.879890282415696845e+01
6.904844552110898803e+01
6.910868773653525921e+01
6.888400767051243179e+01
6.925626194331324825e+01
6.842954207215969120e+01
6.950860246991648239e+01
6.907810282571429639e+01
6.890931408791539070e+01
6.917846616049203590e+01
6.903359483085087334e+01
6.926610268474949805e+01
6.967725662411669418e+01
6.933897901793724827e+01
6.907332755824107551e+01
6.806433435754058792e+01
6.921315365196170433e+01
6.929593062874869247e+01
6.909145260001236011e+01
6.883421352156881312e+01
6.893970318569371614e+01
6.893517013816638439e+01
6.890890732349878078e+01
6.902831981613375945e+01
6.899841263828308513e+01
6.893842210181156815e+01
6.922489160374279038e+01
6.873250042579293506e+01
6.925635268687562984e+01
6.873582099574939264e+01
6.913492985268489122e+01
6.896945910588729589e+01
6.931247149786196360e+01
6.924534026064415571e+01
6.849754018031765668e+01
6.907493780368430691e+01
6.916232443689452225e+01
6.921274064428163797e+01
6.927106773704812781e+01
6.887464636614875246e+01
6.924866606404391689e+01
6.925296650587628733e+01
6.866831044906376746e+01
6.895996717521371977e+01
6.900819987839234670e+01
6.894577578585997912e+01
6.920224395919557026e+01
6.914425915082161112e+01
6.841729061491652431e+01
6.899130796914163000e+01
6.911111681522518779e+01
6.928091052565896746e+01
6.932880523290168640e+01
6.935681542458333126e+01
6.976415705890516961e+01
6.923931910015595292e+01
6.859531342998189984e+01
6.888128693277809589e+01
6.932851640677345983e+01
7.035327461942114269e+01
6.872697476138161221e+01
6.842950980132229688e+01
6.969592424737066949e+01
6.873782046636901555e+01
6.932325823601456705e+01
6.868746829864562642e+01
6.920742877744791599e+01
6.895562117478779385e+01
6.934628057931578837e+01
7.005755247501755889e+01
6.915680986168791833e+01
6.943035197526688762e+01
6.895790838142066548e+01
7.120491489026396437e+01
6.921261559776881711e+01
6.876652689325388224e+01
6.852538168775285499e+01
6.865176476976381537e+01
6.917580005790263442e+01
6.934273303488259899e+01
6.897578022547882881e+01
6.904566365709722220e+01
6.945607537363943607e+01
6.843028191771765023e+01
6.942966003407173048e+01
6.887013845055037109e+01
6.955581039873567306e+01
6.891386270256894875e+01
6.925355233696693347e+01
6.920089484492854126e+01
6.931568927846075212e+01
6.954995186346999958e+01
6.937907800169412553e+01
6.905559679603443612e+01
6.930015629290228674e+01
6.948188399590179642e+01
6.925288858955119053e+01
6.872596369649797055e+01
6.944002696255519425e+01
6.861463595523093772e+01
6.890943237465083371e+01
6.936654174212185353e+01
6.893025973377606874e+01
6.906821891292304372e+01
6.881509389339019833e+01
6.936601677494346063e+01
6.884984549438229351e+01
6.883614009160180558e+01
6.909492192424613677e+01
6.917977970473371840e+01
6.902944934323703308e+01
6.912995075121331467e+01
6.912596459151937722e+01
6.967742055095816056e+01
6.930848435613634706e+01
6.918275292782263364e+01
6.904199129685559910e+01
6.924557716999920842e+01
6.954756161345937926e+01
6.923095873098944253e+01
6.912965622312285063e+01
6.876976258142390463e+01
6.853038517952070663e+01
6.873938679292668041e+01
6.918189791840997316e+01
6.869523267825765345e+01
6.843461741119237729e+01
6.930288835727222363e+01
6.913387352122892082e+01
6.901612024679832302e+01
6.839900595070213285e+01
6.859332397223970190e+01
6.891230180028789221e+01
6.881626961388738550e+01
6.884858578571457599e+01
6.865771159042402871e+01
6.872358171546693484e+01
6.963996902298430314e+01
6.840134630305769292e+01
6.929828447857477158e+01
6.944402510115379812e+01
6.923069705446674504e+01
6.959072274488973164e+01
6.900480421919962737e+01
6.911345454573522318e+01
6.928757408298046983e+01
6.958951426605194968e+01
6.905890618145907922e+01
6.946040433180093032e+01
6.916034830569479652e+01
6.918501262935384943e+01
6.940945602180329388e+01
6.906911594443984370e+01
6.944271723610007996e+01
6.933135697262719077e+01
6.966068772634010031e+01
6.911362955587993895e+01
6.897333805483968661e+01
6.927943940832427927e+01
6.900310188807202394e+01
6.929036578067454855e+01
6.930726742331997059e+01
6.935569429447762957e+01
6.895019441316905784e+01
6.915555366279019722e+01
6.919036940293797500e+01
6.906497193630016795e+01
6.951380847384248796e+01
6.900817192715501847e+01
6.822513094970847192e+01
6.885855857669518798e+01
6.927661375389727993e+01
6.905739015374489043e+01
6.924748821313855274e+01
6.956279333045718261e+01
6.869435537819009596e+01
6.941486761937680683e+01
6.904577667058600809e+01
6.945654018124608342e+01
6.854108557447848682e+01
6.898870736936683556e+01
6.904471950539321767e+01
6.954679889632153333e+01
6.871493126897124171e+01
6.888145449286479050e+01
6.907903617448407374e+01
6.931678310543864541e+01
6.928845496685055139e+01
6.927440469669579670e+01
6.939375912409940383e+01
6.914721949881031549e+01
6.927370359946444012e+01
6.915666187598893089e+01
6.904142192350614948e+01
6.919570854905498436e+01
6.914978649128516963e+01
6.897593688397165579e+01
6.908161166340765647e+01
6.902318756195755611e+01
6.911956372230243062e+01
6.954779549708250386e+01
6.930257253795281258e+01
6.909098896066090845e+01
6.944120312401243211e+01
6.915336486599085219e+01
6.868356839249274515e+01
6.961818406501272705e+01
6.895618688637043192e+01
6.914551042673805625e+01
6.949135490516086122e+01
6.982635855446955020e+01
6.881095330060394133e+01
6.917054195551769169e+01
6.926179571772841825e+01
6.957074045350475444e+01
6.911371934187073407e+01
6.910194598655948539e+01
7.005545495729840866e+01
6.960459922891698170e+01
6.943457226179873487e+01
6.978587262436779781e+01
6.889171793009035127e+01
6.940032911090708012e+01
6.905151884021371700e+01
6.905585281982907020e+01
6.926826059097982125e+01
6.985483670847709448e+01
6.870093486781391334e+01
6.932530705279569361e+01
6.891526063868718666e+01
6.958619443703602769e+01
6.922225913772614092e+01
6.913775898997955949e+01
6.944337995005726327e+01
6.922565000402501312e+01
6.934542214629621526e+01
6.807120110068660779e+01
6.903730796827329641e+01
6.911427271758975621e+01
6.903991211599455369e+01
6.921274766823304958e+01
6.910350565203118833e+01
6.905517367868218059e+01
6.933116146967124394e+01
6.923211234135067116e+01
6.932643798631528398e+01
6.930272730636939116e+01
6.895530111435652998e+01
6.933769023326028957e+01
6.933645117711130013e+01
6.918258113799510056e+01
6.925678536030707733e+01
6.914542144667787227e+01
6.975581366089342339e+01
6.882910737201950724e+01
6.920919260862859801e+01
6.884226810028258114e+01
6.913685629553923206e+01
6.928782777535903392e+01
6.924850974698094319e+01
6.999704879269926039e+01
6.937322990500284448e+01
6.930948837252195460e+01
6.906072476117289227e+01
6.974502176026159361e+01
6.961017937786202481e+01
6.898066516794573033e+01
6.933014091487784469e+01
6.906358847976929383e+01
6.897972829464885081e+01
6.898602362604124494e+01
6.861892825473110236e+01
6.918011934299053678e+01
6.937035587222749200e+01
6.913798673944236839e+01
6.884253183016583932e+01
6.981662054347970070e+01
6.930054574051990812e+01
6.914165461357721654e+01
6.913251236693602664e+01
6.924474099497322754e+01
6.884848333826229805e+01
6.902016082976530242e+01
6.913570309782093659e+01
6.935909647561076952e+01
6.956739669439086526e+01
6.909520898930421140e+01
6.970522627060819332e+01
6.911857481576286943e+01
6.901831017572484939e+01
6.991150960166109485e+01
6.855587789539548282e+01
6.903422773553350567e+01
6.888888105727257027e+01
6.924837591790215185e+01
6.881091787597299003e+01
6.913101047210543015e+01
6.973533442661674542e+01
6.896858026139638298e+01
6.929628601369063290e+01
6.923827257349690001e+01
6.962101590373356430e+01
6.883882284229784432e+01
6.912533637934222952e+01
6.903906703110170895e+01
6.898573225864387837e+01
6.873423846520982750e+01
6.938016886565478103e+01
6.918108130923896226e+01
6.908838851660277669e+01
6.928657735804773665e+01
6.940101989451774500e+01
6.967761000545704064e+01
6.913469528690289678e+01
6.905738125420847950e+01
6.909034668160521164e+01
6.801723912583098297e+01
6.917984534628642734e+01
6.912748029124654181e+01
6.890519070867635776e+01
6.923337259244615893e+01
6.917695279756146931e+01
6.974634697790163784e+01
6.889172078931100884e+01
6.865157705898630525e+01
6.963350772875230632e+01
6.907314185505131832e+01
6.935959777900686163e+01
6.909954845157035663e+01
6.912801633146409586e+01
6.944505706401398015e+01
6.985434350803089387e+01
6.933879164066054557e+01
6.897932189362700228e+01
6.901660588562596388e+01
6.928471153329587651e+01
6.933155056209476186e+01
6.840938753570334541e+01
6.899187487184907752e+01
6.913762140657385658e+01
6.865438275824688219e+01
6.937446706719815381e+01
6.892288177223379364e+01
6.873900623278380806e+01
6.899491838292686907e+01
6.931251752757225404e+01
6.902401029471792526e+01
6.980447276187014438e+01
6.936253474751930526e+01
6.923966455642052154e+01
6.960859610386854968e+01
6.852843030171490568e+01
6.944045297125686034e+01
6.916335557541422929e+01
6.909446795685281018e+01
6.937493355613112556e+01
6.899687269022457770e+01
6.920427111791524055e+01
6.934536839272509212e+01
6.906936591951016169e+01
6.953249477064842665e+01
6.923942997471790761e+01
6.937204125454029224e+01
