7.985600955924459754e+01
8.035545776498656778e+01
8.016142741883486167e+01
8.015640941081532844e+01
8.011471858316620853e+01
8.045367349938477730e+01
8.034936549926315763e+01
8.103540115756193529e+01
8.057557901663325595e+01
8.048334586853326300e+01
8.060144958533430781e+01
8.064205461671639341e+01
8.040074061459534960e+01
8.042518211947815132e+01
8.071792516899721193e+01
8.088052045624353070e+01
8.084822959669449460e+01
8.111165178244542062e+01
8.115241558600611427e+01
7.986013021286947833e+01
8.128558392912597697e+01
8.156252035798674171e+01
8.179182113721168434e+01
8.144520677456493729e+01
8.187173661994543750e+01
8.156167358839928738e+01
8.142451942751696947e+01
8.194438401546192097e+01
8.282430317336059034e+01
8.181220863785321740e+01
8.191683049311370723e+01
8.208772516194312630e+01
8.193797373659593575e+01
8.223780987231110373e+01
8.213473557057102425e+01
8.242814972538525353e+01
8.255838513570130033e+01
8.248084468455732576e+01
8.264782512141376003e+01
8.265629248407505258e+01
8.293827857404552617e+01
8.285793992525994156e+01
8.288743513043344535e+01
8.303634844386347424e+01
8.350903324016796603e+01
8.345463347691270428e+01
8.335747745889166538e+01
8.336808042155828957e+01
8.377250701251657006e+01
8.387809903788914312e+01
8.380406085398620064e+01
8.390285758648001035e+01
8.417320822193623542e+01
8.405761869519633933e+01
8.433683056408568746e+01
8.455774609527045982e+01
8.453370484608308288e+01
8.470935107771285288e+01
8.505616750395004999e+01
8.503453059008411685e+01
8.533366805217765716e+01
8.526153507697982548e+01
8.542395519215352806e+01
8.537070286129879548e+01
8.580808663884404552e+01
8.599542569169784656e+01
8.602898875006052037e+01
8.624892163476351925e+01
8.682390022111403027e+01
8.668163895156635590e+01
8.667558136053870044e+01
8.693194830766124426e+01
8.712294055296978001e+01
8.733946637902749899e+01
8.747153691248223595e+01
8.748142364273505223e+01
8.782867919795747014e+01
8.800849664758371205e+01
8.821864509991559089e+01
8.845363647945826813e+01
8.860098401664066614e+01
8.883087050373656268e+01
8.911900982916560565e+01
8.928027389418734572e+01
8.941589682408839224e+01
8.976912756980786412e+01
8.987324661648604263e+01
9.042209732372418785e+01
9.054342749803304002e+01
9.075817586330795450e+01
9.110216085021585286e+01
9.149686978820533056e+01
9.192054192549031200e+01
9.230438764674701702e+01
9.244034361722263782e+01
9.260524733720039592e+01
9.314486374188136608e+01
9.337084049704535005e+01
9.381754024235613088e+01
9.417660034704481120e+01
9.434160046350422135e+01
9.571213725522042637e+01
9.540947938918397142e+01
9.546020391172903885e+01
9.640701263798554521e+01
9.697767357880631778e+01
9.723566378037338609e+01
9.785810467332122187e+01
9.825525308133872215e+01
9.882161474900573239e+01
9.949727484418168899e+01
9.987108416473313355e+01
1.004718227747029999e+02
1.003807472542672627e+02
1.017567716868745293e+02
1.023530920496060048e+02
1.034410581646278047e+02
1.033339420336999410e+02
1.047419209811101410e+02
1.052967696627271579e+02
1.064502024764488510e+02
1.070394010650860821e+02
1.081319425392243545e+02
1.090843571126485898e+02
1.097447257044702553e+02
1.110977234542774283e+02
1.122284118283660632e+02
1.132393606763142202e+02
1.140399993093104456e+02
1.158452318692480389e+02
1.171996135030917969e+02
1.185934411929692232e+02
1.199467664654982002e+02
1.220076808285407708e+02
1.236025036220310227e+02
1.254295857192735326e+02
1.273156854409525778e+02
1.295437173055620406e+02
1.316502972943941359e+02
1.345754739687358494e+02
1.367250286617946529e+02
1.397567454516172063e+02
1.426150424616000123e+02
1.457235708464785660e+02
1.499398817733003000e+02
1.538464471279839927e+02
1.583454594797170785e+02
1.632470233072173187e+02
1.684970409503227415e+02
1.745215259159999164e+02
1.809880203744410778e+02
1.883698202383309024e+02
1.964880623598349132e+02
2.060030962625945392e+02
2.165189620360352194e+02
2.280280785355860189e+02
2.410036087935926901e+02
2.557631565872023600e+02
2.707869362909178790e+02
2.881579673218530502e+02
3.035043216501935035e+02
3.153152257537327614e+02
3.215375109517583496e+02
3.161734108375731580e+02
3.003565968626570566e+02
2.740292929616136917e+02
2.413887207706550555e+02
2.076536651532090900e+02
1.749877024145935707e+02
1.476237501713826248e+02
1.256479051644348885e+02
1.101640408476427098e+02
9.870247687153577942e+01
9.150652293524323966e+01
8.672785560329644738e+01
8.346431228981865047e+01
8.354511713525148764e+01
8.200919895785487768e+01
8.149561974985191171e+01
8.074769285198476609e+01
8.103419620826997516e+01
8.052884722064283096e+01
8.114617452496479189e+01
8.061112090090914251e+01
8.058800068906325009e+01
8.076346142937033790e+01
8.025462841775967604e+01
7.977665331188759978e+01
8.035344246456094197e+01
7.991209498552863977e+01
8.037237642004578220e+01
8.023495040919220855e+01
7.976331575204356739e+01
7.997593812249257894e+01
7.971447633685943401e+01
7.980436228251423358e+01
7.942617150424524652e+01
7.928353601213625268e+01
7.963735576441708020e+01
7.913618178450796847e+01
7.874202392277406659e+01
7.929443717962264770e+01
7.862191400232150329e+01
7.853249368620102189e+01
7.823074780421377739e+01
7.786984207480722375e+01
7.923811555515295879e+01
7.819124686188203555e+01
7.800611737963340886e+01
7.689169969778230040e+01
7.751076909813428983e+01
7.717838200937512738e+01
7.650290777629093952e+01
7.665680421869845418e+01
7.612900956891159865e+01
7.611404780052717456e+01
7.508136202975350670e+01
7.562124924487675059e+01
7.450176415059905821e+01
7.382690100107622300e+01
7.343972528272857403e+01
7.314440411442480183e+01
7.214701419976422869e+01
7.183344074978691651e+01
7.203875822943429341e+01
7.189257879761814252e+01
7.068215140860857559e+01
7.094376728554181000e+01
7.055560710098303900e+01
7.104416706087945954e+01
7.082202518378117873e+01
7.100232568610273631e+01
7.138125340136073760e+01
7.116677510777057591e+01
7.068232954288441761e+01
7.116430004357926009e+01
7.105958182291630010e+01
7.048695766054376577e+01
7.026064417861547895e+01
7.092389582848188923e+01
7.119222205225675282e+01
7.081599003514395463e+01
7.078336848263462855e+01
7.082890368995064989e+01
7.074408713910358415e+01
7.081878099576117336e+01
7.104144832576128010e+01
7.085918506718701337e+01
7.083750018708273899e+01
7.090144175474003418e+01
7.111657916124927681e+01
7.114932985404553278e+01
7.146795466216157422e+01
7.064466399428474119e+01
7.108965696156427327e+01
7.095325964506604066e+01
7.136109227660983834e+01
7.091140963201699776e+01
7.160407141448889945e+01
7.104981618967968870e+01
7.077566800013427439e+01
7.121231592892986839e+01
7.055599170559750632e+01
7.201207976668280253e+01
7.109132505770023158e+01
7.081749521528031721e+01
7.084924997854038509e+01
7.060215685155091592e+01
7.099698586148981860e+01
7.099369659028124602e+01
7.128996529893306899e+01
7.085699903717514303e+01
7.007667705670748148e+01
7.111676281758563789e+01
7.039706370820006498e+01
7.101219574413107694e+01
7.102066028902441985e+01
7.076419164196587985e+01
7.056910292351716407e+01
7.112450663693864783e+01
7.091652618605731107e+01
7.078012422199753928e+01
7.123857331946813076e+01
7.127390272469331478e+01
7.097298739017455205e+01
7.060499369120752533e+01
7.106773550720471633e+01
6.993857695433813149e+01
7.111072364863592554e+01
7.135968859036943002e+01
7.071149995771867225e+01
7.117621486955604837e+01
7.153631966726365476e+01
7.109324432687137119e+01
7.071996335486214491e+01
7.109123644385607577e+01
7.081083228659456097e+01
7.063724764557328228e+01
7.096770582264910843e+01
7.083169677098614159e+01
7.090461179659716606e+01
7.112156728594365518e+01
7.084850569255391406e+01
7.063080287760732290e+01
7.116193838422930185e+01
7.083780240009460272e+01
7.117204193717009275e+01
7.097831047415051842e+01
7.147064875019502495e+01
7.078793836816458906e+01
7.165504310912245955e+01
7.103678507299764533e+01
7.140738822762808979e+01
7.125108273462676323e+01
7.114256660583463088e+01
7.118875971521120505e+01
7.082649358538509432e+01
7.102497695207601680e+01
7.114036750003405984e+01
7.029121367399916664e+01
7.122786904261428731e+01
7.126709557143212237e+01
7.094432673622034713e+01
7.076079972025563336e+01
7.097315743733588533e+01
7.069062848070998939e+01
7.146311087701023723e+01
7.103505242295298672e+01
7.139981662629926973e+01
7.037200762296772893e+01
7.152348872136526836e+01
7.122481376645201578e+01
7.121564356205357171e+01
7.093572071216863151e+01
7.080814583575107690e+01
7.093688790089599649e+01
7.087071367218204898e+01
7.074837937407559707e+01
7.114085366746276407e+01
7.080455211928820347e+01
7.067453285072053859e+01
7.143577802814917277e+01
7.108594906641209832e+01
7.102766015153910928e+01
7.112831949607225113e+01
7.067164000942524638e+01
7.093449690224495896e+01
7.086684891840337741e+01
7.050052227801010929e+01
7.075980166501810231e+01
7.100505401613662571e+01
7.125082505843009528e+01
7.106722817613352561e+01
7.077040781092260602e+01
7.118920088248700040e+01
7.098076203898504843e+01
7.153502933532254815e+01
7.143964662921892739e+01
7.070216484908954158e+01
7.060181286968540348e+01
7.089117857616480478e+01
7.066149662287047306e+01
7.104283369298346429e+01
7.087040048819163474e+01
7.114303615811394366e+01
7.089269936627509594e+01
7.103260493930476116e+01
7.081180707078168268e+01
6.969740095946572467e+01
7.156015982129351016e+01
7.138788845808603867e+01
7.105701374313967733e+01
7.089317325912610102e+01
7.084165578869371416e+01
7.249065410385058783e+01
7.112271988057297278e+01
7.115215686108264492e+01
7.062411070514191636e+01
7.122292133472745945e+01
7.098643634722913021e+01
7.197558276566579138e+01
7.129135263657052235e+01
7.018206125139066387e+01
7.043235401969893417e+01
7.097195208148575318e+01
7.182759548994012277e+01
7.086497143872306026e+01
7.100829891564008278e+01
7.107292618686585683e+01
7.127323586048247250e+01
7.084514146192724127e+01
7.127402302321584671e+01
7.087115386753251300e+01
7.126728230022325761e+01
7.126428558588027329e+01
7.087841268419795426e+01
7.124785593457666266e+01
7.130821685711374869e+01
7.059023567197142768e+01
7.146059539259000815e+01
7.082805780978591770e+01
7.054830117856587890e+01
7.119455152130042563e+01
7.146882741938421191e+01
7.130758927099300593e+01
7.079413922354686406e+01
7.126062115076517500e+01
7.123056499216900761e+01
7.113466010397054617e+01
7.092700273984031867e+01
7.123597473499283694e+01
7.132843356819277858e+01
7.083559798282402653e+01
7.043421845298387041e+01
7.092004742434450293e+01
7.129715130349177343e+01
7.009779252400048222e+01
7.117376797612985229e+01
7.061354352622095121e+01
7.125543746747042917e+01
7.085239178908815916e+01
7.161868258657085562e+01
7.082019747493775697e+01
7.110763440491896858e+01
7.079771242696099876e+01
7.106043614684941190e+01
7.028511506783338803e+01
7.079819065216598517e+01
7.102770642174489524e+01
7.124718926295223298e+01
7.294722710460440851e+01
7.086061514735294509e+01
7.143037046740518292e+01
7.080679301348436638e+01
7.018285607042035679e+01
7.061444437383350703e+01
7.110725108612761858e+01
7.121005267386007631e+01
7.130198272797917980e+01
7.137826745811439366e+01
7.153126866101752057e+01
7.107797141705231070e+01
7.117778350197740167e+01
7.124165449331594857e+01
7.084526217338867582e+01
7.033618322280700852e+01
7.121060728087562097e+01
7.123648611912219053e+01
7.146537645463628508e+01
7.098385507245430404e+01
7.068102881849529240e+01
7.129947376647123747e+01
7.185454124031974743e+01
7.181055202781335822e+01
7.144661140374448394e+01
7.112904225035980232e+01
7.086064739265877677e+01
7.072995136196672661e+01
7.131305960145955680e+01
7.097267869208128843e+01
7.108042638772835176e+01
7.138261172787431974e+01
7.116357603332612314e+01
7.119561561291837393e+01
7.131860430926514027e+01
7.126911611762136545e+01
7.108715937816802466e+01
7.080861948493648583e+01
7.107454947696869851e+01
7.049732966863876982e+01
7.114164582786563074e+01
7.076238201009320505e+01
7.152267159014883191e+01
7.153399724947144023e+01
7.110290691206071756e+01
7.106817618314100571e+01
7.109217287484943881e+01
7.117881559439089756e+01
7.149748650710860431e+01
7.089416662661255941e+01
7.108639820975466250e+01
7.075398838551591041e+01
7.084275222884869549e+01
7.104061767801557892e+01
7.165101643683451016e+01
7.102667310760612907e+01
7.084180062128588418e+01
6.956914540434863170e+01
7.099111708954363564e+01
7.080764943246127530e+01
7.076657818139291578e+01
7.189054268580528628e+01
7.124022099259740060e+01
7.078570193482622130e+01
7.111520635282495562e+01
7.149899044918942081e+01
7.129012311603663932e+01
7.116395876312094515e+01
7.105869561944084012e+01
7.174319051541355918e+01
7.122249150550274521e+01
7.108671353726546727e+01
7.117685106264015360e+01
7.103069397547631070e+01
7.123623294534651507e+01
7.122746255275141891e+01
7.063820641535691891e+01
7.092579221730817096e+01
7.147949103504480206e+01
7.118118145578300471e+01
7.163058497672224689e+01
7.114912871574223630e+01
7.122901434054649883e+01
7.124531544427212282e+01
7.113772759293799197e+01
7.102825760761582785e+01
7.120886639381693328e+01
7.124883626010024784e+01
7.146186019813656287e+01
7.151607164622515711e+01
7.087535602331736584e+01
7.137924884916931489e+01
7.091485986423798238e+01
7.111010155506878050e+01
7.154556171313647894e+01
7.096820238777117140e+01
7.026312199654300628e+01
7.111278740120361874e+01
7.138016491180188439e+01
7.089895651158802536e+01
7.109929815020336719e+01
7.134732513588653546e+01
7.070503100627855986e+01
7.118490072486542886e+01
7.113535767714542146e+01
7.114619170554256300e+01
7.088715314908216669e+01
7.101566418318910223e+01
7.067024657513994157e+01
7.100912679750891243e+01
7.242047998981477974e+01
7.098214652335590813e+01
7.121820192669174787e+01
7.080013787442344153e+01
7.104166901309542936e+01
7.112040281091196903e+01
7.143544011715152919e+01
7.130564260688636580e+01
7.132773121377741177e+01
7.136777170025308692e+01
7.148203482637670447e+01
7.102347842562365088e+01
7.105340455935299815e+01
7.073503721874206462e+01
7.093172113407146639e+01
7.094463878523363576e+01
7.104138496102983424e+01
7.100044759996005439e+01
7.079196196675097497e+01
7.062219648114604809e+01
7.096043768137579377e+01
7.117384619559680914e+01
7.069342752864629631e+01
7.131996983392009781e+01
7.098824935350110366e+01
7.142790018017032594e+01
7.083636091082428266e+01
7.083751076719885020e+01
7.135171789169757517e+01
7.098375201417213987e+01
7.108684444265314539e+01
7.108509875057337979e+01
7.085757173362526373e+01
7.129355077674168228e+01
7.101573868893848385e+01
7.182094690175908624e+01
7.099138153279187691e+01
7.169006565467449832e+01
7.101941218251360510e+01
7.154512680698050531e+01
7.137987092041031190e+01
7.128999935159406220e+01
7.100116592923565406e+01
7.144775172850948763e+01
7.143652888098209530e+01
7.093270312440675696e+01
7.178237355365698136e+01
7.108226775932233465e+01
7.088216595576938062e+01
7.058451932688623742e+01
7.137615968649065223e+01
7.128085559426783391e+01
7.063528503198276098e+01
7.216341073019935948e+01
7.211784840528873985e+01
7.133363642885518630e+01
7.137148240694818924e+01
7.112254897113032825e+01
7.068615860430617204e+01
7.122484958178532111e+01
7.129377307278222986e+01
7.137401785709580793e+01
7.103677055138044238e+01
7.102993184382064840e+01
7.110379369647472458e+01
7.098301513144291164e+01
7.058400057423547480e+01
7.113889905235724598e+01
7.125200454724938481e+01
7.156438845116500147e+01
7.138517438218740097e+01
7.117480918989802774e+01
7.138828332848567015e+01
7.114540230002347698e+01
7.080584273562431008e+01
7.118001598022209464e+01
7.117546071633671545e+01
7.153435891062531482e+01
7.108932689371400215e+01
7.120575384710865308e+01
7.154557338174316783e+01
7.156383375876033881e+01
7.101231900927525942e+01
7.078900429231887870e+01
7.146841650147385394e+01
7.137164505204069087e+01
7.130187000938489916e+01
7.126583329362527763e+01
7.095723276992031003e+01
7.095908443202033311e+01
7.116462720736015513e+01
7.111588089928339684e+01
7.091649251182309399e+01
7.099250497604926124e+01
7.085059613133969947e+01
7.038662453201946789e+01
7.095758661626990715e+01
7.053505557316370300e+01
7.137931992957194893e+01
7.129187024629236191e+01
7.128277837918565751e+01
7.123643915654398029e+01
7.019404055886478488e+01
7.081552062897029032e+01
7.087331989969406720e+01
7.127158320819508219e+01
7.071252673206332418e+01
7.082094228007014181e+01
7.179523580228742219e+01
7.087883374576968265e+01
7.091448087857374105e+01
7.060290967312000987e+01
7.098515146981216617e+01
7.110192489645662306e+01
7.060843068818694235e+01
7.092885236642008806e+01
7.150974568084663474e+01
7.151207225283242508e+01
7.118902953236236897e+01
7.129612452864927263e+01
7.083260148983394799e+01
7.107215292935440232e+01
7.116203784061544013e+01
7.105082287199080326e+01
7.093174249932363296e+01
7.122940713776037569e+01
7.106715477661347791e+01
7.111529375712420631e+01
7.115291130941558606e+01
7.144387506273045574e+01
7.134028277565714404e+01
7.062751246326615728e+01
7.112946596771396912e+01
7.119747565338943218e+01
7.118666662056027405e+01
7.112811554108350265e+01
7.150160886313726394e+01
7.129667227054387979e+01
7.167149074233931572e+01
7.135344339679254233e+01
7.092189563117092632e+01
7.136999775946318891e+01
7.093105293195380057e+01
7.120514192180236535e+01
7.099548346253118325e+01
7.105374770189104083e+01
7.116395247741817798e+01
7.140543509199547145e+01
7.129945302283050523e+01
7.107468724917634972e+01
7.117809472810301941e+01
7.115066825453672550e+01
7.113393762882733995e+01
7.115882221986441891e+01
7.115061692133153315e+01
7.050707728742720803e+01
7.097593943075573009e+01
7.026609019259306876e+01
7.153323720679648545e+01
7.153722683442738628e+01
7.175814845741743397e+01
7.134481504918375094e+01
7.129327809681542760e+01
7.132067363454856945e+01
7.236465002270108471e+01
7.065813902702932126e+01
7.137231287772804933e+01
7.150157218956331917e+01
7.099737528482721416e+01
7.110686726589526074e+01
7.122629542544008530e+01
7.125050066427519369e+01
7.102223282796492754e+01
7.067049563697376868e+01
7.111874069459128123e+01
7.140752713693230191e+01
7.044843818312973838e+01
7.081432560156336820e+01
7.129690634633523416e+01
7.105866662457049188e+01
