3.313764800707627955e+01
3.316369771933528909e+01
3.318995908560430053e+01
3.321650876604030600e+01
3.324345710353532013e+01
3.327067220612030951e+01
3.329812612105132530e+01
3.332587698793929576e+01
3.335406809052631161e+01
3.338236358081627486e+01
3.341105658782532828e+01
3.344004591564731754e+01
3.346936225554929933e+01
3.349889268102930373e+01
3.352888053127929879e+01
3.355911354554228865e+01
3.358967724546431555e+01
3.362057075235730963e+01
3.365183355823029387e+01
3.368337408485029982e+01
3.371528383435332898e+01
3.374745631995028816e+01
3.378002815464532205e+01
3.381271662935432687e+01
3.384599117796227574e+01
3.387959056273928127e+01
3.391354231829427590e+01
3.394782512567132926e+01
3.398254502887431272e+01
3.401783632916027500e+01
3.405331335077232779e+01
3.408922894407328386e+01
3.412544864731830785e+01
3.416206308084929333e+01
3.419901628247629333e+01
3.423625709864029432e+01
3.427407636006830671e+01
3.431205010788130494e+01
3.435065368583531153e+01
3.438972986728430214e+01
3.442924964031129775e+01
3.446929787276428669e+01
3.450964708656931634e+01
3.455042085486832093e+01
3.459166138085231523e+01
3.463322770226727698e+01
3.467521310471630613e+01
3.471776726550831427e+01
3.476085166021329087e+01
3.480433218537831408e+01
3.484835955465928237e+01
3.489288029081632203e+01
3.493797180766227939e+01
3.498342352575929226e+01
3.502941802934032012e+01
3.507585566392430110e+01
3.512291434003032009e+01
3.517050829849131333e+01
3.521856292475229111e+01
3.526721681711228484e+01
3.531640749612830632e+01
3.536618614066730970e+01
3.541652360422131096e+01
3.546739543985830778e+01
3.551882213981031100e+01
3.557084804333430839e+01
3.562348997987731991e+01
3.567669644040228150e+01
3.573058752842428021e+01
3.578518894970528663e+01
3.584043363404731508e+01
3.589623565271631378e+01
3.595268127804331471e+01
3.600981833360827977e+01
3.606762855300030424e+01
3.612616411609832312e+01
3.618538173162727389e+01
3.624522224151832006e+01
3.630584926777032706e+01
3.636730432111727396e+01
3.642954771436330930e+01
3.649237378081431871e+01
3.655604594976631461e+01
3.662047654092532412e+01
3.668581195005828022e+01
3.675182983012632576e+01
3.681872478497427892e+01
3.688651157985628970e+01
3.695508352868728252e+01
3.702452605302829625e+01
3.709481995161627310e+01
3.716604387868528647e+01
3.723810872985927745e+01
3.731119254676531227e+01
3.738522026921731367e+01
3.746022219061330816e+01
3.753619580521228727e+01
3.761311124518931592e+01
3.769108450533332189e+01
3.777011356877028447e+01
3.785023352875731462e+01
3.793136099498332214e+01
3.801363603726332485e+01
3.809708964378330620e+01
3.818171225598729279e+01
3.826747087497227540e+01
3.835434306474428467e+01
3.844252451078330068e+01
3.853192043769331576e+01
3.862252269831930107e+01
3.871450214142430468e+01
3.880782183284730991e+01
3.890247614100331930e+01
3.899851283891831599e+01
3.909590810647529224e+01
3.919478972838430764e+01
3.929513897640828191e+01
3.939678669690431434e+01
3.950061200622229762e+01
3.960553833276128444e+01
3.971201361625531945e+01
3.982015102721129551e+01
3.993000944800030538e+01
4.004159322209329730e+01
4.015495842527531067e+01
4.027008735385032878e+01
4.038708695568527673e+01
4.050596127702527838e+01
4.062681029602828175e+01
4.074955705459530009e+01
4.087444248412430170e+01
4.100144275687028994e+01
4.113054530994827473e+01
4.126182430195132156e+01
4.139534545851728353e+01
4.153120301373832035e+01
4.166946004993428687e+01
4.181023451925932477e+01
4.195345862741430665e+01
4.209913104442432541e+01
4.224745627376631774e+01
4.239860715830928939e+01
4.255269443808430196e+01
4.270959113018932385e+01
4.286930684335430897e+01
4.303227731038629145e+01
4.319833051154029135e+01
4.336766947761128677e+01
4.354014671779731316e+01
4.371617271420927864e+01
4.389593806114430663e+01
4.407950639720928621e+01
4.426686298865928393e+01
4.445808638405731017e+01
4.465347785390031277e+01
4.485320419761831090e+01
4.505720359946030840e+01
4.526590548121129132e+01
4.547929331821029564e+01
4.569761931695927615e+01
4.592095122590728806e+01
4.614952989107831627e+01
4.638354108608029946e+01
4.662332580466232912e+01
4.686856664559229557e+01
4.711966385038931548e+01
4.737681492942527939e+01
4.764049001378231196e+01
4.791038730604032025e+01
4.818702728459527407e+01
4.847078623475829318e+01
4.876220505602327648e+01
4.906144741052332847e+01
4.936885096491732838e+01
4.968494898472630439e+01
5.001012207391431730e+01
5.034542122385829543e+01
5.069043310514132372e+01
5.104564606278228212e+01
5.141191811272432233e+01
5.178979926187332694e+01
5.217997812195028473e+01
5.258305308051927796e+01
5.299987615721732936e+01
5.343092697655328038e+01
5.387722706632428071e+01
5.433962030675832011e+01
5.481914632128632547e+01
5.531678469621328986e+01
5.583383158907429333e+01
5.637139878925131597e+01
5.693113309584629178e+01
5.751425605342632252e+01
5.812275640145128364e+01
5.875854052649532377e+01
5.942357877503332020e+01
6.012006852287328229e+01
6.085094104811031457e+01
6.161875900889731383e+01
6.242701444776429298e+01
6.327909201306232490e+01
6.417934490379832368e+01
6.513241369230132705e+01
6.614370075720330533e+01
6.721917096782129875e+01
6.836623274270232287e+01
6.959336497381929121e+01
7.090978830301128255e+01
7.232706871598628595e+01
7.385837321131731414e+01
7.551957477051831802e+01
7.732985074914029155e+01
7.931162521798728449e+01
8.149210166550830081e+01
8.390340474912130730e+01
8.658400557175929180e+01
8.957824138634828159e+01
9.293605297555728839e+01
9.671137635151529821e+01
1.009575172544753059e+02
1.057144606870862731e+02
1.109762697367493161e+02
1.166348129055463119e+02
1.224054129070952968e+02
1.278064956201682776e+02
1.322997544133352790e+02
1.355699131706223284e+02
1.376728704931553011e+02
1.389022288064363124e+02
1.395764745969232763e+02
1.399316943822602752e+02
1.401138511990192796e+02
1.402048498661412737e+02
1.402488188797192947e+02
1.402685010690752847e+02
1.402758992260842774e+02
1.402770115697803135e+02
1.402749341085972787e+02
1.402711674898063166e+02
1.402666911810492820e+02
1.402616294586692902e+02
1.402563297222782808e+02
1.402511533472783185e+02
1.402459904213692994e+02
1.402408031029842732e+02
1.402356866720912763e+02
1.402303665571163265e+02
1.402251210287623167e+02
1.402200005376013223e+02
1.402149902683663072e+02
1.402098800281543163e+02
1.402049590895472875e+02
1.401998138121193165e+02
1.401947399961213137e+02
1.401897505325193265e+02
1.401846685235723271e+02
1.401795502188252840e+02
1.401748997234122953e+02
1.401700237789443122e+02
1.401652983187562995e+02
1.401604109397773072e+02
1.401555097296023291e+02
1.401507545213942763e+02
1.401459940635193107e+02
1.401410289890583272e+02
1.401363548097182843e+02
1.401315875327932758e+02
1.401268325349353177e+02
1.401223936634082747e+02
1.401176490098263230e+02
1.401130718570743170e+02
1.401086288080853137e+02
1.401039338493732771e+02
1.400994759256283260e+02
1.400949318497893046e+02
1.400902703448663260e+02
1.400857496599602996e+02
1.400813179968473037e+02
1.400767371573052742e+02
1.400721632780583263e+02
1.400677082105262912e+02
1.400632026728233086e+02
1.400586590492742971e+02
1.400541096937573116e+02
1.400499002400063091e+02
1.400454542947513232e+02
1.400412738577603022e+02
1.400370382885542995e+02
1.400328170042453166e+02
1.400287226260912803e+02
1.400245640909693066e+02
1.400203660458212767e+02
1.400162005710453172e+02
1.400119540727562821e+02
1.400080429089363179e+02
1.400040932665252740e+02
1.400002398001403208e+02
1.399960702715363254e+02
1.399919879361722792e+02
1.399880940375463183e+02
1.399843302217183236e+02
1.399802867689853088e+02
1.399762105399913139e+02
1.399721553275452948e+02
1.399681110774662898e+02
1.399641092382643137e+02
1.399602495268622988e+02
1.399562230892353227e+02
1.399523525068952949e+02
1.399486645711012898e+02
1.399450058225892803e+02
1.399416162557253074e+02
1.399375950791463197e+02
1.399338626959423095e+02
1.399300519935673037e+02
1.399263596226322761e+02
1.399227423949172930e+02
1.399189204664123167e+02
1.399151201452733062e+02
1.399115069744462971e+02
1.399076015176532906e+02
1.399036180753312806e+02
1.398999744318663261e+02
1.398963369686742908e+02
1.398927269993222922e+02
1.398892282923562789e+02
1.398855143951963100e+02
1.398819243414052949e+02
1.398784985643612799e+02
1.398750301810383121e+02
1.398714533099383175e+02
1.398678745223862734e+02
1.398644163920263281e+02
1.398608426803892826e+02
1.398574249752492733e+02
1.398539075744033084e+02
1.398503908626832981e+02
1.398468847614253150e+02
1.398435326696263132e+02
1.398400018386312809e+02
1.398363261393222956e+02
1.398329793012122764e+02
1.398295253444513264e+02
1.398261080981033047e+02
1.398227133045602955e+02
1.398195095566503028e+02
1.398161628681273214e+02
1.398129320917732912e+02
1.398097457182562948e+02
1.398065582079303226e+02
1.398034262815043007e+02
1.398002539261473203e+02
1.397971874113032982e+02
1.397940234603512977e+02
1.397908195669252791e+02
1.397875290204802923e+02
1.397842050156073128e+02
1.397812037218272962e+02
1.397779619282753174e+02
1.397748133888533175e+02
1.397716962602073068e+02
1.397685140320933215e+02
1.397654676035313059e+02
1.397621525994733247e+02
1.397592108401303221e+02
1.397561369532912749e+02
1.397530154267773241e+02
1.397499944258312894e+02
1.397469349530472869e+02
1.397439641414562743e+02
1.397411440297412923e+02
1.397382204877043250e+02
1.397352149363213130e+02
1.397318726887702951e+02
1.397289264176743018e+02
1.397260211564993142e+02
1.397230572837103182e+02
1.397200145234822912e+02
1.397170157436033264e+02
1.397140245616963057e+02
1.397110335347123282e+02
1.397080924769232979e+02
1.397051507809742930e+02
1.397021975760483201e+02
1.396993514318783127e+02
1.396963461193103058e+02
1.396935278382862862e+02
1.396905408047032893e+02
1.396876980022562975e+02
1.396848078832073270e+02
1.396820441788393055e+02
1.396792671471762901e+02
1.396762403298512822e+02
1.396734175256443109e+02
1.396706343909473276e+02
1.396678777858383000e+02
1.396651499691033109e+02
1.396622931127523088e+02
1.396595718085143289e+02
1.396568606715953251e+02
1.396539545345103193e+02
1.396511544413023103e+02
1.396483789281722920e+02
1.396455896124812739e+02
1.396428969213762912e+02
1.396401926555283239e+02
1.396372424762582796e+02
1.396344962151862887e+02
1.396318004859003281e+02
1.396291725675433213e+02
1.396265698632823273e+02
1.396239846199313206e+02
1.396215490188492936e+02
1.396189381197772832e+02
1.396161058050212773e+02
1.396133758753222764e+02
1.396108090135422799e+02
1.396086107331453263e+02
1.396058530267483206e+02
1.396029907475452774e+02
1.396005784737952808e+02
1.395978499007553069e+02
1.395953471223213000e+02
1.395926474235442925e+02
1.395901564361183205e+02
1.395876071735323194e+02
1.395852254320662951e+02
1.395831277732132776e+02
1.395807468596782996e+02
1.395784914258073286e+02
1.395761006647243221e+02
1.395745365177202757e+02
1.395723088415393249e+02
1.395699496152233223e+02
1.395675329976513126e+02
1.395651918989453293e+02
1.395630710740243217e+02
1.395610472340893011e+02
1.395589300461132893e+02
1.395568717885802812e+02
1.395549945689722904e+02
1.395527889165942952e+02
1.395509694559992795e+02
1.395489882243012971e+02
1.395472838462603136e+02
1.395453867880702887e+02
1.395436414756612749e+02
1.395419102649362912e+02
1.395402514368943230e+02
1.395387073876212867e+02
1.395371334341332954e+02
1.395354724020883168e+02
1.395339248436383173e+02
1.395324698960153000e+02
1.395309606526212747e+02
1.395292879540813260e+02
1.395278923600603207e+02
1.395262284133992807e+02
1.395246903223052755e+02
1.395233389886333271e+02
1.395218565546182958e+02
1.395204439618432843e+02
1.395189620667013060e+02
1.395176964483812867e+02
1.395162683062242763e+02
1.395148527500002729e+02
1.395135476506122814e+02
1.395122920722623121e+02
1.395110011294473225e+02
1.395097627037762891e+02
1.395085396124442809e+02
1.395075298622533069e+02
1.395064062041083162e+02
1.395052514337913294e+02
1.395040594179963023e+02
1.395029528914923276e+02
1.395019684786273046e+02
1.395008856020323265e+02
1.394997782032543228e+02
1.394985534192773002e+02
1.394972529480123171e+02
1.394960373947973267e+02
1.394949927217263053e+02
1.394937883962433034e+02
1.394925011960103234e+02
1.394915345175613197e+02
1.394905225131432758e+02
1.394894801213742994e+02
1.394882272403722823e+02
1.394870511272213207e+02
1.394859993481923084e+02
1.394849252139533178e+02
1.394838730931822965e+02
1.394827629786612988e+02
1.394816854430603144e+02
1.394809454752933107e+02
1.394797764271173151e+02
1.394789329247562932e+02
1.394781531091962847e+02
1.394773073108493122e+02
1.394765980001993171e+02
1.394756884255702971e+02
1.394748227948213071e+02
1.394740263327913112e+02
1.394733458106563262e+02
1.394724843827162886e+02
1.394717714197203122e+02
1.394709590730723221e+02
1.394701611114232946e+02
1.394694496323003250e+02
1.394686239269482826e+02
1.394679368559803265e+02
1.394672175917513073e+02
1.394666221770842753e+02
1.394658387393612884e+02
1.394650087856853133e+02
1.394642924430352764e+02
1.394634840962393127e+02
1.394627833160212731e+02
1.394620955046003132e+02
1.394614312963482803e+02
1.394606282384373230e+02
1.394599022400423110e+02
1.394591945151952928e+02
1.394584478310823101e+02
1.394578665336293284e+02
1.394571120331572729e+02
1.394560813454252752e+02
1.394552777798372745e+02
1.394546306862213214e+02
1.394539138347743119e+02
1.394532705778493096e+02
1.394527463435503023e+02
1.394519190278522842e+02
1.394513504371133195e+02
1.394506571061983209e+02
1.394501143729783053e+02
1.394492511306953020e+02
1.394485485795012778e+02
1.394478716224572850e+02
1.394473795444653206e+02
1.394465980909322980e+02
1.394458777760763155e+02
1.394452323752843199e+02
1.394446775445703111e+02
1.394441188961083071e+02
1.394435602573092865e+02
1.394430486710933224e+02
1.394424538593443117e+02
1.394419072284132994e+02
1.394413230247473052e+02
1.394407011640893188e+02
1.394401376013192930e+02
1.394395621682973001e+02
1.394389287209162944e+02
1.394383361828233205e+02
1.394377271010603181e+02
1.394371563555013154e+02
1.394367429652003239e+02
1.394362484002003271e+02
1.394356818164333163e+02
1.394352426153723172e+02
1.394347055590222908e+02
1.394340034923873191e+02
1.394336357204082901e+02
1.394330390915923203e+02
1.394325118126213283e+02
1.394321117334283144e+02
1.394318365374422797e+02
1.394312048762163272e+02
1.394307004499942764e+02
1.394302318761763217e+02
1.394298773070323136e+02
1.394293647532023215e+02
1.394288495560563206e+02
1.394286768279063153e+02
1.394283508600532855e+02
1.394279665244222883e+02
1.394277088621142866e+02
1.394271360522133136e+02
1.394267430296453085e+02
1.394262291800743014e+02
1.394257183221052969e+02
1.394252856665523268e+02
1.394250661065782992e+02
1.394244414746552820e+02
1.394240378429752809e+02
1.394234922986532865e+02
1.394231874758872891e+02
1.394227587511222737e+02
1.394223021593973044e+02
1.394219566680823164e+02
1.394215376572122977e+02
1.394211635243682963e+02
1.394203383467972799e+02
1.394198542126662801e+02
1.394194032083393040e+02
1.394189306158062891e+02
1.394185232809422814e+02
1.394180812958783235e+02
1.394176251147843004e+02
1.394172700643102871e+02
1.394168839773843160e+02
1.394165343837813111e+02
1.394161795408533067e+02
1.394157035904802910e+02
1.394153647631083004e+02
1.394150293437522805e+02
1.394146421905803095e+02
1.394142834206232919e+02
1.394138876054503271e+02
1.394137112364032873e+02
1.394132099777463054e+02
1.394128429491833003e+02
1.394123480875633163e+02
1.394119590948192808e+02
1.394116274103453179e+02
1.394112855385793068e+02
1.394112131506342962e+02
1.394109247321612770e+02
1.394106140060392818e+02
1.394102155080493048e+02
1.394100609835552973e+02
1.394098631380073243e+02
1.394094433500762875e+02
1.394091468141863288e+02
1.394087577779882849e+02
1.394083398230392845e+02
1.394079254788073285e+02
1.394073825316502848e+02
1.394070401431542905e+02
1.394067703514382970e+02
1.394064223517502796e+02
1.394059712558653246e+02
1.394058678325932874e+02
1.394055872140552879e+02
1.394052512514422801e+02
1.394049128220412967e+02
1.394046158192372786e+02
1.394041801341592759e+02
1.394038058966722815e+02
1.394034752249913254e+02
1.394032271290932954e+02
1.394030569126592809e+02
1.394027223078302882e+02
1.394026050761003148e+02
1.394022831049773004e+02
1.394019251227172731e+02
1.394018855259653265e+02
1.394013689974403292e+02
1.394010192992283237e+02
1.394006200845212788e+02
1.394003504495992729e+02
1.393999289678773152e+02
1.393996222212533098e+02
1.393995339230722834e+02
1.393991783106392859e+02
1.393989388434472971e+02
1.393986812086333202e+02
1.393985615863633143e+02
1.393981671438293120e+02
1.393978731680722944e+02
1.393975503839483281e+02
1.393972101554962819e+02
1.393967820249673082e+02
1.393965845425273073e+02
1.393963211002592857e+02
1.393960268865033072e+02
1.393958047705763192e+02
1.393956261065442845e+02
1.393955485495072821e+02
1.393952810486483145e+02
1.393949853635733120e+02
1.393947015711493123e+02
1.393940371188903100e+02
1.393937828399162981e+02
1.393935158808092751e+02
1.393931734781143064e+02
1.393929495674142913e+02
1.393927091634192834e+02
1.393926736838153033e+02
1.393923387934902962e+02
1.393919168871423153e+02
1.393918435426173232e+02
1.393915764627863041e+02
1.393914117783132838e+02
1.393911570494183252e+02
1.393909130216622998e+02
1.393907830703913078e+02
1.393908017146152929e+02
1.393906408182282917e+02
1.393903514797902972e+02
1.393900739303483078e+02
1.393898921467383047e+02
1.393897294179462847e+02
1.393892406461333167e+02
1.393889563038953270e+02
1.393887267860982888e+02
1.393883285172042861e+02
1.393881865236043041e+02
1.393878886881673225e+02
1.393875262265963215e+02
1.393872553353633066e+02
1.393871001312463136e+02
1.393868460990162816e+02
1.393868708084362993e+02
1.393867434235212954e+02
1.393865727534283110e+02
1.393865333671963072e+02
1.393861120608402757e+02
1.393860113554603117e+02
1.393858158578162829e+02
1.393855968071263192e+02
1.393854783281632876e+02
1.393852278386902981e+02
1.393850509823163293e+02
1.393849260627102922e+02
1.393847051147762954e+02
1.393846491069883200e+02
1.393844918937043076e+02
1.393843821904483207e+02
