4.284943909397316020e+01
4.287849244762418266e+01
4.290823899708817635e+01
4.293843680620517489e+01
4.296916141941619571e+01
4.300040736792817597e+01
4.303231999910616423e+01
4.306474786204620386e+01
4.309798530764220459e+01
4.313162799800517178e+01
4.316581487840318232e+01
4.320063021304019912e+01
4.323605485643417978e+01
4.327199508267216288e+01
4.330855483357220237e+01
4.334584046433320736e+01
4.338381503492621505e+01
4.342241786471419118e+01
4.346176544729621583e+01
4.350178784457119718e+01
4.354201160864016629e+01
4.358342535435821219e+01
4.362562992583417554e+01
4.366861933034221011e+01
4.371219652735118189e+01
4.375665139694820027e+01
4.380173002531518023e+01
4.384750471660117910e+01
4.389422464295921600e+01
4.394203561644019373e+01
4.399026843812521292e+01
4.403933480215118834e+01
4.408927193669416056e+01
4.413997732651318984e+01
4.419162638224719331e+01
4.424408784404619155e+01
4.429751908682220574e+01
4.435187664807318697e+01
4.440710053702520099e+01
4.446329476317117724e+01
4.452041845164416145e+01
4.457858704599419752e+01
4.463768696144717296e+01
4.469777393991716963e+01
4.475890864671617919e+01
4.482122669340418497e+01
4.488455734350418425e+01
4.494890356059221403e+01
4.501432338836718827e+01
4.508097929549916216e+01
4.514878545407316324e+01
4.521769828545217251e+01
4.528780160417221623e+01
4.535918000633421343e+01
4.543171747107317060e+01
4.550557962317020610e+01
4.558077101740218495e+01
4.565722906291716754e+01
4.573505122599419792e+01
4.581432677269117448e+01
4.589495125369415973e+01
4.597706868850821138e+01
4.606057496060117273e+01
4.614558406253217981e+01
4.623204902811716011e+01
4.632017880394016629e+01
4.640991797592920420e+01
4.650124533799021265e+01
4.659426329258320720e+01
4.668913818020820372e+01
4.678565076068116468e+01
4.688388736734020767e+01
4.698398228697220702e+01
4.708595430680219351e+01
4.718985619001017540e+01
4.729570249058821219e+01
4.740349496899216319e+01
4.751340256440516896e+01
4.762541535383019209e+01
4.773959621505116502e+01
4.785600806494318249e+01
4.797467443522020858e+01
4.809568210186517945e+01
4.821911213753418224e+01
4.834498120947819189e+01
4.847334382433217570e+01
4.860434494466318256e+01
4.873796483476616004e+01
4.887443614010817328e+01
4.901368115720117657e+01
4.915581097068820782e+01
4.930095369937419036e+01
4.944921328383520631e+01
4.960068993675821503e+01
4.975546309700820302e+01
4.991354008708617584e+01
5.007503077100420796e+01
5.024017508367120399e+01
5.040897108547216021e+01
5.058161329900616465e+01
5.075819150675516767e+01
5.093876137918920222e+01
5.112389138606118877e+01
5.131312209197119500e+01
5.150672108688917206e+01
5.170516346379616834e+01
5.190847820906617471e+01
5.211672216643717093e+01
5.233020395228220423e+01
5.254903044893916331e+01
5.277345984668619394e+01
5.300374119671016615e+01
5.323998642142618110e+01
5.348250865866117465e+01
5.373130229324220863e+01
5.398715344242316405e+01
5.425006303496616056e+01
5.452050157302318212e+01
5.479835088361517137e+01
5.508448317540620565e+01
5.537894643070018219e+01
5.568233024792016295e+01
5.599483313477219326e+01
5.631706167074321456e+01
5.664942365955118930e+01
5.699230114623117061e+01
5.734646541591416735e+01
5.771240192679516667e+01
5.809067191418517950e+01
5.848184697730420112e+01
5.888698875705119917e+01
5.930669903662118259e+01
5.974181243807521469e+01
6.019320251355816254e+01
6.066209048554617311e+01
6.114936483036217396e+01
6.165625461132418650e+01
6.218403411767718580e+01
6.273419903294319511e+01
6.330821324638418446e+01
6.390803112918416673e+01
6.453520859304319401e+01
6.519208380399118141e+01
6.588084358814018060e+01
6.660407382301718826e+01
6.736496590454521538e+01
6.816654555653019543e+01
6.901254182699119610e+01
6.990706866060116909e+01
7.085474350790116205e+01
7.186095078105921630e+01
7.293167782166818824e+01
7.407393019281317947e+01
7.529565760489316517e+01
7.660624579976519044e+01
7.801637232937520139e+01
7.953840702597420886e+01
8.118690946869520531e+01
8.297896445832816426e+01
8.493393168480719169e+01
8.707516240035920418e+01
8.942806303122017653e+01
9.202109892270721048e+01
9.488508435290918896e+01
9.804994910892020243e+01
1.015431341114031625e+02
1.053812203728671761e+02
1.095571778930672053e+02
1.140185220752201758e+02
1.186384785389822127e+02
1.231979643153651978e+02
1.274043260386351903e+02
1.309731947912911778e+02
1.337371894331531621e+02
1.357009460018612117e+02
1.369991146516401841e+02
1.378114478889951897e+02
1.383004902506191911e+02
1.385856899899241625e+02
1.387475547126981610e+02
1.388363371843032041e+02
1.388828874204982071e+02
1.389050094284191914e+02
1.389136816081571624e+02
1.389146493423411926e+02
1.389116354413641830e+02
1.389067485629661860e+02
1.389009088338572155e+02
1.388947794571901682e+02
1.388891036118351963e+02
1.388837296180232102e+02
1.388790851147811622e+02
1.388750208659831742e+02
1.388714458230072069e+02
1.388686190613041731e+02
1.388663886541812076e+02
1.388648913729091987e+02
1.388639772366601619e+02
1.388637476733381959e+02
1.388643969371522076e+02
1.388656041292821897e+02
1.388675783895131985e+02
1.388718924601311642e+02
1.388779111095842040e+02
1.388855198007781837e+02
1.388945037315181708e+02
1.389048106640561855e+02
1.389170988568552048e+02
1.389306059793862005e+02
1.389457561566571826e+02
1.389623841288112089e+02
1.389813105294471711e+02
1.390024553287302069e+02
1.390259901322301630e+02
1.390525593763001666e+02
1.390823356540611826e+02
1.391159737434211934e+02
1.391536416654842014e+02
1.391964622331502142e+02
1.392444187738821597e+02
1.392981594981721969e+02
1.393580458711192023e+02
1.394237915562632111e+02
1.394936947653532116e+02
1.395648561866051978e+02
1.396327276978772147e+02
1.396922094984701630e+02
1.397396834534332015e+02
1.397751245062071916e+02
1.397998471284572020e+02
1.398165731817551887e+02
1.398274175143891966e+02
1.398344299070082002e+02
1.398390642659861669e+02
1.398420457830721944e+02
1.398438813883601597e+02
1.398452934700181913e+02
1.398463085052761699e+02
1.398468976202281624e+02
1.398472646160522004e+02
1.398477753226181903e+02
1.398483195723582071e+02
1.398486830290102034e+02
1.398489945030291892e+02
1.398492867824762129e+02
1.398495163846232003e+02
1.398497404252761953e+02
1.398500120358721688e+02
1.398501882839572090e+02
1.398503256696772041e+02
1.398504547230161847e+02
1.398506298683332147e+02
1.398507864158261782e+02
1.398510247435391989e+02
1.398509390523981892e+02
1.398509770592571613e+02
1.398509349931661632e+02
1.398510075555111598e+02
1.398508919703231754e+02
1.398509921737392006e+02
1.398508673601521650e+02
1.398506130617861913e+02
1.398504832692572108e+02
1.398500925550981719e+02
1.398501897505132092e+02
1.398499356728671614e+02
1.398495545015171615e+02
1.398491553197382018e+02
1.398486422013531865e+02
1.398482440573411623e+02
1.398478215273372030e+02
1.398474818846191852e+02
1.398469659300811827e+02
1.398461476326422144e+02
1.398456743516632059e+02
1.398449259638462081e+02
1.398443736325612008e+02
1.398438060853312095e+02
1.398431276593751704e+02
1.398423583421321723e+02
1.398417658683711693e+02
1.398410818598881633e+02
1.398403295540791760e+02
1.398397202105761608e+02
1.398391066858191607e+02
1.398383686546221725e+02
1.398374807835911611e+02
1.398367392037461627e+02
1.398355809083661825e+02
1.398348210951642159e+02
1.398341392113181882e+02
1.398332143330981694e+02
1.398324382857192063e+02
1.398317765244241855e+02
1.398309445352421676e+02
1.398299652219851623e+02
1.398291033047721612e+02
1.398281293017861913e+02
1.398270792379962018e+02
1.398261339028221641e+02
1.398251309363321866e+02
1.398241431890281774e+02
1.398232212178862142e+02
1.398221913605291888e+02
1.398210718695631840e+02
1.398201292610812061e+02
1.398190630353741994e+02
1.398181049573221912e+02
1.398170688915681694e+02
1.398161985751561929e+02
1.398150788931521902e+02
1.398142582393501812e+02
1.398132115728971598e+02
1.398122849294471735e+02
1.398112941101171600e+02
1.398102551028451899e+02
1.398092236193542135e+02
1.398080547751312110e+02
1.398069463418352143e+02
1.398058717513421811e+02
1.398044883198821822e+02
1.398034265141282049e+02
1.398023742712011881e+02
1.398012025833592133e+02
1.397999590318522110e+02
1.397987849762861856e+02
1.397975058996931921e+02
1.397964953393652081e+02
1.397953310721242133e+02
1.397942916703161700e+02
1.397928831889701655e+02
1.397918754040671843e+02
1.397907602051332105e+02
1.397896370641691988e+02
1.397884097013431983e+02
1.397871316226651857e+02
1.397858942427401985e+02
1.397846298459471654e+02
1.397833190768781719e+02
1.397821447521351956e+02
1.397808485364571993e+02
1.397795023388262052e+02
1.397784240023801772e+02
1.397772216527042133e+02
1.397759956666151879e+02
1.397748032173741990e+02
1.397734470821092145e+02
1.397721812140561610e+02
1.397708912468951894e+02
1.397694709591951892e+02
1.397681419456781668e+02
1.397669015550262088e+02
1.397657507584511904e+02
1.397645367523002164e+02
1.397632167463341943e+02
1.397620434697352039e+02
1.397607959730941616e+02
1.397597446848872096e+02
1.397586610628852100e+02
1.397573142280481875e+02
1.397559281512652092e+02
1.397546433184712100e+02
1.397532782285301778e+02
1.397520485782042101e+02
1.397507599755741694e+02
1.397495699158702109e+02
1.397482928445521679e+02
1.397470658383111868e+02
1.397457618637621977e+02
1.397440628233482016e+02
1.397430244504981829e+02
1.397419341973362066e+02
1.397407298573111802e+02
1.397394662857681737e+02
1.397381833695961859e+02
1.397374873648992093e+02
1.397363121735982077e+02
1.397351435814832143e+02
1.397337855679521681e+02
1.397326379953681794e+02
1.397314085720611843e+02
1.397305311705571853e+02
1.397294150060291713e+02
1.397279035711142114e+02
1.397264775605441969e+02
1.397252448823231816e+02
1.397243209706891776e+02
1.397230614515071920e+02
1.397218522173021711e+02
1.397206676424801799e+02
1.397195566845682038e+02
1.397182971218691705e+02
1.397171901757641876e+02
1.397159427186791731e+02
1.397148372800691618e+02
1.397137345288651886e+02
1.397124977343542014e+02
1.397113930689301924e+02
1.397103130373221802e+02
1.397089812371011703e+02
1.397079582257711650e+02
1.397067148755311905e+02
1.397053731221511725e+02
1.397042623311241982e+02
1.397032543739251764e+02
1.397021941958511775e+02
1.397009533663581919e+02
1.396998777690571956e+02
1.396987951831721944e+02
1.396976817703401821e+02
1.396964975879571966e+02
1.396954258132801669e+02
1.396943919729051800e+02
1.396931876868212044e+02
1.396918416863971970e+02
1.396906688331671944e+02
1.396896352951021640e+02
1.396881838921422059e+02
1.396871165650562148e+02
1.396858563653211718e+02
1.396848265688252013e+02
1.396836524585061738e+02
1.396827408610421912e+02
1.396815370961641634e+02
1.396804215556351778e+02
1.396791856146161876e+02
1.396780327527691838e+02
1.396765987511811886e+02
1.396753394755701834e+02
1.396741585988681891e+02
1.396730534426162080e+02
1.396725529101622101e+02
1.396713161318841685e+02
1.396702710781831911e+02
1.396689990215172088e+02
1.396674985248212124e+02
1.396661470549202022e+02
1.396649731254831863e+02
1.396638403822901751e+02
1.396627438805641646e+02
1.396616783693492039e+02
1.396606702249771956e+02
1.396595039485471830e+02
1.396583752949981658e+02
1.396572738717981679e+02
1.396560371067881761e+02
1.396546238453261708e+02
1.396535277210471691e+02
1.396524527597632073e+02
1.396514705686951743e+02
1.396503283160541855e+02
1.396490865034871831e+02
1.396480738018892112e+02
1.396472722639651920e+02
1.396464689782731625e+02
1.396455461070801789e+02
1.396445180407251883e+02
1.396434020015472015e+02
1.396422472403862116e+02
1.396413108414631665e+02
1.396402669850601796e+02
1.396392725903281757e+02
1.396383976850711974e+02
1.396374574843462142e+02
1.396365395672831937e+02
1.396356758109491807e+02
1.396348051894281639e+02
1.396338800809631948e+02
1.396328651145452113e+02
1.396319540657681841e+02
1.396308482930751893e+02
1.396299820767702045e+02
1.396289943408372096e+02
1.396282882796512013e+02
1.396275991338421818e+02
1.396267663105261931e+02
1.396259288662561744e+02
1.396251082999542064e+02
1.396243268883191604e+02
1.396236671268142118e+02
1.396227997584991840e+02
1.396220052028091914e+02
1.396210990823691986e+02
1.396202306001021611e+02
1.396194392032351743e+02
1.396188737348051632e+02
1.396180956512461648e+02
1.396172566425672130e+02
1.396159677286551641e+02
1.396151871405662064e+02
1.396143525009251789e+02
1.396135117711492057e+02
1.396130797713951779e+02
1.396124262651242134e+02
1.396116143034842025e+02
1.396109234703841935e+02
1.396103755132461970e+02
1.396097592621671879e+02
1.396091031657211943e+02
1.396084140290602136e+02
1.396079738945662143e+02
1.396073550918341653e+02
1.396066903111071724e+02
1.396060607639992099e+02
1.396053838919801819e+02
1.396047845575602082e+02
1.396041873312551616e+02
1.396033846601591790e+02
1.396026869305042055e+02
1.396021924145181856e+02
1.396015987077261684e+02
1.396011695086201598e+02
1.396005743717171868e+02
1.396000105320391640e+02
1.395994561424301992e+02
1.395988662923961670e+02
1.395982401453471766e+02
1.395976812869702144e+02
1.395971407508071707e+02
1.395966804252452107e+02
1.395962440351032114e+02
1.395955823324131870e+02
1.395951005456651615e+02
1.395944571852871832e+02
1.395938851349611696e+02
1.395934724332861947e+02
1.395928590729691905e+02
1.395919942853491875e+02
1.395914314516492141e+02
1.395909703384932072e+02
1.395903436606672017e+02
1.395897911270031955e+02
1.395893318611451832e+02
1.395886480887891707e+02
1.395881366136051724e+02
1.395876124334981796e+02
1.395870961088052127e+02
1.395864904989491606e+02
1.395859321445761907e+02
1.395852539559111847e+02
1.395846995714911714e+02
1.395846534329971860e+02
1.395841023284962148e+02
1.395836334165292101e+02
1.395830171447551606e+02
1.395824880717082124e+02
1.395819906994182134e+02
1.395816097274591812e+02
1.395811870948911633e+02
1.395807749896752057e+02
1.395803796188401975e+02
1.395800270311781901e+02
1.395795131190201914e+02
1.395790101241692014e+02
1.395783951459221726e+02
1.395778513762192006e+02
1.395773155880551712e+02
1.395768178611052122e+02
1.395763100930622045e+02
1.395757322883852112e+02
1.395750969335521745e+02
1.395745854895702109e+02
1.395741556574291735e+02
1.395735590744631622e+02
1.395731880944521777e+02
1.395727046687312054e+02
1.395723802808421965e+02
1.395718497352781924e+02
1.395713217402271766e+02
1.395709797465991642e+02
1.395705108473841847e+02
1.395700807452942058e+02
1.395696534715451662e+02
1.395691482759121982e+02
1.395688002334031808e+02
1.395683583608112031e+02
1.395682071841382026e+02
1.395677662562902128e+02
1.395675748483232042e+02
1.395671481044201983e+02
1.395669078686461830e+02
1.395666113706382134e+02
1.395662833502892113e+02
1.395658529030391719e+02
1.395655825644291781e+02
1.395653112485761653e+02
1.395648616717211894e+02
1.395647142771391600e+02
1.395643215471681629e+02
1.395638574706691770e+02
1.395632875031101889e+02
1.395630006280142084e+02
1.395626854506932091e+02
1.395621435122001799e+02
1.395621450207812018e+02
1.395621357779421601e+02
1.395618490578801811e+02
1.395615728723831808e+02
1.395612070264122053e+02
1.395606848571521823e+02
1.395603535827951873e+02
1.395600503099282150e+02
1.395597787978662154e+02
1.395593898916451963e+02
1.395589996294621642e+02
1.395586371824541629e+02
1.395582340004091861e+02
1.395576910778592037e+02
1.395573472249702149e+02
1.395570484921461798e+02
1.395568649957311891e+02
1.395566221357091763e+02
1.395563060529711947e+02
1.395560660100521773e+02
1.395557407819451896e+02
1.395552945941772123e+02
1.395549818581691852e+02
1.395546707132941719e+02
1.395544909889632095e+02
1.395541573849602059e+02
1.395538660299171738e+02
1.395536972871211674e+02
1.395535382478091719e+02
1.395531854562391914e+02
1.395527522982062010e+02
1.395525608814801899e+02
1.395523388095461996e+02
1.395520932970101740e+02
1.395518354961101863e+02
1.395514677453392096e+02
1.395511000019661765e+02
1.395508070727901782e+02
1.395504997130491915e+02
1.395501230301661622e+02
1.395497752624191889e+02
1.395493803998281805e+02
1.395488225400741840e+02
1.395484691212961934e+02
1.395479703722442082e+02
1.395477746504441825e+02
1.395475535537141809e+02
1.395473323649171675e+02
1.395470970671622126e+02
1.395464927781301867e+02
1.395461082239081634e+02
1.395457487342532090e+02
1.395455355150081687e+02
1.395451276571121753e+02
1.395447602833692144e+02
1.395447426916161930e+02
1.395444037749741710e+02
1.395440763950471705e+02
1.395436388361881654e+02
1.395433377894931937e+02
1.395430813722871903e+02
1.395426532363212004e+02
1.395423406588402031e+02
1.395422382739262162e+02
1.395421417996931837e+02
1.395419333026532058e+02
1.395417630241452116e+02
1.395414279555171788e+02
1.395411770598921635e+02
1.395409593493482134e+02
1.395407031365401735e+02
1.395404054274821988e+02
1.395402150661452083e+02
1.395399694837391849e+02
1.395397423711152101e+02
1.395395306970921752e+02
1.395394251966141610e+02
1.395392857818741845e+02
1.395388931797161831e+02
1.395386772370271729e+02
1.395384863171692018e+02
1.395382921327571921e+02
1.395380785653151747e+02
1.395379986867031903e+02
1.395378479710921624e+02
1.395378311402641884e+02
1.395377033994992075e+02
1.395374215703371874e+02
1.395372964737611596e+02
1.395370165547051897e+02
1.395368341750021841e+02
1.395365789678961619e+02
1.395363453548241637e+02
1.395361523259571754e+02
1.395360475074222109e+02
1.395359085409581894e+02
1.395356915513252147e+02
1.395355112868782044e+02
1.395353217916751873e+02
1.395351271639931952e+02
1.395349426865001874e+02
1.395347556844182009e+02
1.395343394608701715e+02
1.395340889231611641e+02
1.395335880541192068e+02
1.395335382250551675e+02
1.395334966375461931e+02
1.395335362031431714e+02
1.395334299312472126e+02
1.395333041139982129e+02
1.395331872899271843e+02
1.395334425528421889e+02
1.395330947694891961e+02
1.395329955588952089e+02
1.395329437003882163e+02
1.395327129044902108e+02
1.395325190966281639e+02
1.395323685589651745e+02
1.395322278001061704e+02
1.395320070726422159e+02
1.395316613772691881e+02
1.395314748917242014e+02
1.395313944852991881e+02
1.395309759702772112e+02
1.395306866127912144e+02
1.395305721814701769e+02
1.395303775596481728e+02
